# Variant	Relative_solvent_accessibility	Allosteric_site	Catalytic_site	Altered Secondary_structure	Altered Stability_and_conformational_flexibility	Altered Special_structural_signatures	Altered Macromolecular_binding	Altered Metal_binding	Altered PTM_site
H17N	0.04	0.10	0.00	0.26	0.28	0.08	0.25	0.10	0.09
K24M	0.08	0.10	0.00	0.26	0.36	0.05	0.26	0.02	0.38
R35Q	0.06	0.04	0.00	0.26	0.25	0.05	0.21	0.02	0.29
I40V	0.06	0.05	0.00	0.26	0.25	0.05	0.16	0.13	0.20
K53Q	0.18	0.25	0.00	0.27	0.23	0.04	0.23	0.08	0.35
R62G	0.05	0.25	0.00	0.26	0.08	0.04	0.22	0.04	0.29
P80S	0.06	0.03	0.00	0.25	0.32	0.24	0.22	0.02	0.11
D130G	0.15	0.09	0.00	0.27	0.21	0.26	0.19	0.17	0.14
F172L	0.00	0.04	0.00	0.25	0.14	0.03	0.20	0.00	0.09
L176V	0.00	0.05	0.00	0.25	0.17	0.04	0.22	0.00	0.10
H183P	0.01	0.04	0.00	0.28	0.18	0.05	0.13	0.01	0.13
A188S	0.02	0.07	0.00	0.28	0.08	0.06	0.13	0.13	0.10
G197E	0.09	0.07	0.00	0.32	0.15	0.05	0.16	0.11	0.07
G197R	0.06	0.07	0.00	0.28	0.15	0.04	0.16	0.12	0.15
L243S	0.03	0.14	0.00	0.25	0.11	0.06	0.18	0.01	0.11
V251M	0.07	0.11	0.00	0.28	0.14	0.10	0.19	0.06	0.11
L262W	0.03	0.06	0.00	0.26	0.13	0.07	0.25	0.01	0.05
G301S	0.19	0.05	0.00	0.25	0.31	0.16	0.31	0.07	0.14
T306A	0.23	0.24	0.00	0.26	0.27	0.19	0.30	0.03	0.15
N314S	0.19	0.13	0.00	0.12	0.09	0.06	0.28	0.02	0.11
R329K	0.22	0.04	0.00	0.25	0.32	0.09	0.25	0.07	0.19
A340G	0.11	0.04	0.00	0.25	0.20	0.05	0.21	0.02	0.15
M349I	0.04	0.07	0.00	0.15	0.12	0.07	0.20	0.21	0.02
D351V	0.04	0.07	0.00	0.27	0.09	0.08	0.20	0.24	0.02
T373R	0.03	0.03	0.00	0.25	0.28	0.13	0.19	0.03	0.24
K388R	0.05	0.08	0.00	0.24	0.20	0.06	0.26	0.01	0.22
D408G	0.12	0.10	0.00	0.26	0.19	0.30	0.22	0.04	0.04
L409F	0.11	0.11	0.00	0.27	0.19	0.28	0.21	0.05	0.03
I415M	0.06	0.13	0.00	0.25	0.08	0.16	0.21	0.03	0.02
Q446K	0.02	0.07	0.00	0.26	0.21	0.02	0.09	0.02	0.12
T460P	0.00	0.03	0.00	0.05	0.15	0.02	0.14	0.02	0.10
M557I	0.02	0.03	0.00	0.26	0.12	0.06	0.14	0.01	0.11
M557T	0.02	0.04	0.00	0.26	0.14	0.07	0.12	0.01	0.11
L615P	0.06	0.07	0.00	0.30	0.19	0.03	0.08	0.02	0.10
T616A	0.06	0.07	0.00	0.26	0.15	0.03	0.09	0.02	0.09
E649K	0.03	0.05	0.00	0.27	0.27	0.04	0.17	0.02	0.12
G679V	0.00	0.04	0.00	0.26	0.23	0.02	0.11	0.02	0.10
L715P	0.06	0.17	0.00	0.27	0.32	0.02	0.18	0.01	0.16
A740T	0.09	0.04	0.00	0.28	0.22	0.05	0.11	0.03	0.16
C755R	0.07	0.04	0.00	0.25	0.24	0.36	0.13	0.01	0.12
D817N	0.01	0.02	0.00	0.19	0.12	0.02	0.15	0.02	0.21
D817V	0.01	0.02	0.00	0.19	0.12	0.02	0.15	0.02	0.24
V835L	0.06	0.01	0.00	0.26	0.29	0.04	0.15	0.07	0.20
L857V	0.02	0.01	0.00	0.26	0.19	0.07	0.36	0.02	0.25
P872L	0.01	0.02	0.00	0.26	0.36	0.07	0.12	0.01	0.18
L898F	0.01	0.03	0.00	0.18	0.14	0.04	0.10	0.02	0.05
T910A	0.01	0.02	0.00	0.27	0.15	0.07	0.05	0.01	0.14
T915N	0.02	0.03	0.00	0.25	0.17	0.08	0.10	0.01	0.15
S933T	0.00	0.02	0.00	0.25	0.28	0.03	0.12	0.01	0.08
T939A	0.00	0.02	0.00	0.24	0.27	0.04	0.09	0.04	0.10
Y947C	0.00	0.02	0.00	0.22	0.20	0.04	0.09	0.04	0.14
P960L	0.02	0.04	0.00	0.26	0.32	0.02	0.06	0.01	0.13
P960T	0.02	0.04	0.00	0.24	0.30	0.02	0.06	0.01	0.13
V966I	0.01	0.05	0.00	0.22	0.21	0.02	0.07	0.01	0.09
D985G	0.01	0.05	0.00	0.22	0.16	0.04	0.09	0.01	0.18
H993R	0.01	0.05	0.00	0.20	0.08	0.03	0.08	0.09	0.18
I1022V	0.01	0.02	0.00	0.14	0.10	0.03	0.11	0.01	0.02
H1027R	0.02	0.03	0.00	0.24	0.15	0.03	0.16	0.01	0.12
T1029S	0.03	0.02	0.00	0.24	0.17	0.04	0.14	0.01	0.08
V1038L	0.03	0.03	0.00	0.23	0.11	0.07	0.14	0.01	0.11
P1112A	0.00	0.00	0.00	0.12	0.20	0.06	0.08	0.00	0.12
P1112R	0.00	0.00	0.00	0.12	0.21	0.12	0.16	0.00	0.12
A1119S	0.01	0.00	0.00	0.25	0.27	0.03	0.07	0.00	0.27
N1122S	0.01	0.00	0.00	0.25	0.27	0.02	0.07	0.00	0.25
C1168R	0.00	0.03	0.00	0.22	0.15	0.02	0.04	0.01	0.15
C1177S	0.03	0.06	0.00	0.26	0.35	0.02	0.05	0.02	0.08
V1197L	0.00	0.03	0.00	0.25	0.16	0.03	0.05	0.01	0.08
E1199G	0.00	0.03	0.00	0.25	0.16	0.05	0.09	0.01	0.11
S1232C	0.02	0.05	0.00	0.27	0.14	0.31	0.14	0.01	0.08
S1281N	0.10	0.05	0.00	0.25	0.14	0.03	0.14	0.03	0.09
V1318F	0.02	0.02	0.00	0.11	0.22	0.11	0.08	0.01	0.26
L1322H	0.03	0.02	0.00	0.26	0.26	0.11	0.06	0.02	0.25
Q1331H	0.02	0.01	0.00	0.27	0.17	0.05	0.08	0.07	0.18
H1334R	0.02	0.02	0.00	0.30	0.14	0.03	0.09	0.04	0.17
I1422T	0.02	0.04	0.00	0.16	0.17	0.12	0.08	0.02	0.10
V1432G	0.01	0.01	0.00	0.27	0.59	0.06	0.08	0.01	0.10
N1477K	0.00	0.02	0.00	0.25	0.12	0.05	0.12	0.01	0.12
D1485G	0.00	0.03	0.00	0.30	0.12	0.04	0.04	0.00	0.16
V1486L	0.00	0.03	0.00	0.25	0.12	0.04	0.05	0.00	0.17
L1517F	0.00	0.02	0.00	0.21	0.15	0.10	0.06	0.02	0.06
H1518P	0.00	0.02	0.00	0.17	0.15	0.11	0.04	0.02	0.07
G1522S	0.00	0.01	0.00	0.25	0.08	0.06	0.04	0.02	0.02
L1524F	0.00	0.01	0.00	0.28	0.07	0.03	0.06	0.00	0.06
P1526H	0.01	0.00	0.00	0.27	0.10	0.03	0.06	0.01	0.11
E1592D	0.01	0.02	0.00	0.22	0.13	0.04	0.05	0.01	0.06
K1625E	0.00	0.00	0.00	0.07	0.19	0.22	0.03	0.02	0.15
M1632I	0.01	0.01	0.00	0.25	0.22	0.16	0.04	0.02	0.15
G1679V	0.01	0.07	0.00	0.25	0.14	0.04	0.14	0.12	0.06
K1692N	0.02	0.01	0.00	0.26	0.28	0.22	0.13	0.02	0.17
R1730L	0.09	0.02	0.00	0.26	0.17	0.34	0.23	0.17	0.27
S1748R	0.00	0.00	0.00	0.30	0.16	0.03	0.08	0.00	0.13
F1786S	0.02	0.00	0.00	0.25	0.38	0.21	0.11	0.04	0.14
F1837V	0.01	0.02	0.00	0.28	0.11	0.02	0.03	0.01	0.09
C1838G	0.02	0.02	0.00	0.28	0.14	0.02	0.08	0.01	0.09
L1851F	0.03	0.02	0.00	0.25	0.17	0.02	0.03	0.03	0.04
T1854R	0.03	0.02	0.00	0.24	0.16	0.03	0.04	0.02	0.12
R1859I	0.03	0.02	0.00	0.23	0.17	0.03	0.04	0.01	0.12
Q1867R	0.00	0.02	0.00	0.12	0.10	0.02	0.07	0.00	0.11
F1869L	0.00	0.01	0.00	0.26	0.10	0.02	0.05	0.00	0.02
Q1879R	0.00	0.00	0.00	0.26	0.27	0.03	0.06	0.02	0.16
A1942S	0.03	0.02	0.00	0.10	0.12	0.23	0.17	0.02	0.10
L1956H	0.00	0.03	0.00	0.26	0.15	0.04	0.12	0.05	0.12
D1963N	0.00	0.03	0.00	0.26	0.28	0.07	0.09	0.03	0.17
K1972T	0.00	0.00	0.00	0.26	0.29	0.09	0.09	0.01	0.18
E1995K	0.02	0.01	0.00	0.25	0.25	0.10	0.12	0.00	0.24
D2003N	0.01	0.02	0.00	0.22	0.30	0.04	0.22	0.01	0.08
L2004R	0.00	0.03	0.00	0.09	0.36	0.05	0.22	0.01	0.17
D2016G	0.03	0.08	0.00	0.30	0.19	0.03	0.12	0.04	0.28
Q2066H	0.02	0.03	0.00	0.26	0.16	0.06	0.08	0.03	0.01
Q2069E	0.02	0.02	0.00	0.25	0.14	0.07	0.08	0.01	0.06
K2089N	0.02	0.03	0.00	0.31	0.18	0.10	0.09	0.06	0.12
P2093S	0.02	0.03	0.00	0.24	0.18	0.10	0.19	0.05	0.11
W2104S	0.01	0.08	0.00	0.24	0.16	0.06	0.14	0.03	0.10
A2131D	0.03	0.03	0.00	0.25	0.22	0.03	0.08	0.05	0.21
K2253T	0.01	0.01	0.00	0.03	0.09	0.24	0.06	0.01	0.10
I2275L	0.01	0.03	0.00	0.22	0.15	0.06	0.14	0.01	0.15
N2282S	0.03	0.01	0.00	0.25	0.15	0.05	0.11	0.02	0.10
R2339K	0.03	0.04	0.00	0.25	0.10	0.05	0.09	0.01	0.17
G2382A	0.13	0.02	0.00	0.32	0.28	0.16	0.10	0.02	0.14
R2400I	0.08	0.00	0.00	0.28	0.32	0.17	0.19	0.02	0.22
Q2414K	0.09	0.00	0.00	0.04	0.29	0.19	0.09	0.01	0.18
R2436K	0.02	0.00	0.00	0.24	0.24	0.06	0.13	0.00	0.18
R2436S	0.02	0.00	0.00	0.26	0.23	0.08	0.14	0.00	0.15
E2444D	0.02	0.00	0.00	0.24	0.20	0.10	0.09	0.03	0.13
E2446G	0.02	0.00	0.00	0.26	0.19	0.10	0.09	0.02	0.14
R2453C	0.02	0.01	0.00	0.24	0.19	0.67	0.10	0.02	0.12
R2459H	0.03	0.04	0.00	0.16	0.20	0.43	0.06	0.06	0.14
F2462L	0.04	0.04	0.00	0.08	0.20	0.05	0.06	0.01	0.12
E2479Q	0.02	0.03	0.00	0.25	0.23	0.06	0.04	0.03	0.05
R2486Q	0.00	0.12	0.00	0.25	0.12	0.05	0.10	0.02	0.07
S2498A	0.09	0.02	0.00	0.25	0.27	0.07	0.20	0.08	0.06
I2511F	0.09	0.06	0.00	0.26	0.17	0.09	0.29	0.02	0.22
P2518L	0.06	0.13	0.00	0.30	0.09	0.05	0.30	0.02	0.24
Q2522H	0.01	0.19	0.00	0.26	0.13	0.01	0.27	0.04	0.12
R2526K	0.00	0.20	0.00	0.25	0.18	0.01	0.25	0.02	0.14
M2532I	0.02	0.06	0.00	0.25	0.19	0.03	0.09	0.01	0.14
L2544P	0.03	0.05	0.00	0.04	0.25	0.04	0.13	0.03	0.08
R2580K	0.00	0.01	0.00	0.21	0.26	0.06	0.12	0.00	0.16
K2589R	0.01	0.00	0.00	0.14	0.26	0.15	0.15	0.00	0.41
I2609V	0.00	0.01	0.00	0.25	0.19	0.04	0.12	0.00	0.17
M2616V	0.01	0.00	0.00	0.27	0.16	0.04	0.11	0.01	0.17
L2633V	0.04	0.00	0.00	0.26	0.13	0.10	0.10	0.01	0.07
D2634V	0.04	0.00	0.00	0.26	0.13	0.11	0.10	0.01	0.11
W2638C	0.05	0.00	0.00	0.27	0.16	0.13	0.11	0.01	0.13
I2645V	0.02	0.00	0.00	0.25	0.15	0.13	0.08	0.01	0.13
D2672A	0.08	0.00	0.00	0.26	0.17	0.05	0.10	0.07	0.18
D2672Y	0.08	0.01	0.00	0.26	0.18	0.05	0.10	0.07	0.18
I2683V	0.07	0.08	0.00	0.27	0.13	0.03	0.26	0.04	0.11
G2695D	0.05	0.06	0.00	0.25	0.14	0.09	0.22	0.08	0.15
Q2714E	0.11	0.07	0.00	0.27	0.28	0.04	0.16	0.05	0.20
V2716F	0.09	0.07	0.00	0.26	0.26	0.04	0.14	0.13	0.23
R2719L	0.09	0.13	0.00	0.25	0.33	0.03	0.14	0.18	0.19
D2725H	0.04	0.13	0.00	0.26	0.28	0.02	0.19	0.18	0.09
F2732L	0.02	0.08	0.00	0.27	0.24	0.02	0.19	0.01	0.03
N2736S	0.02	0.03	0.00	0.25	0.20	0.02	0.16	0.00	0.10
T2754A	0.07	0.18	0.00	0.26	0.13	0.07	0.25	0.02	0.21
V2757M	0.12	0.17	0.00	0.25	0.15	0.05	0.26	0.08	0.21
R2763Q	0.17	0.17	0.00	0.26	0.18	0.05	0.25	0.11	0.21
G2777V	0.04	0.09	0.00	0.26	0.14	0.08	0.20	0.05	0.07
A2787V	0.07	0.05	0.00	0.27	0.23	0.13	0.16	0.10	0.12
H2788P	0.08	0.06	0.00	0.27	0.24	0.13	0.14	0.08	0.16
F2799V	0.08	0.02	0.00	0.24	0.22	0.62	0.16	0.06	0.09
Q2800P	0.08	0.03	0.00	0.25	0.23	0.64	0.17	0.05	0.10
V2808M	0.06	0.02	0.00	0.23	0.38	0.04	0.17	0.01	0.14
P2829L	0.16	0.06	0.00	0.26	0.10	0.05	0.26	0.08	0.08
D2841Y	0.04	0.16	0.00	0.25	0.11	0.10	0.25	0.03	0.06
T2858A	0.17	0.27	0.00	0.27	0.12	0.10	0.31	0.19	0.17
L2866F	0.04	0.23	0.00	0.30	0.15	0.09	0.28	0.20	0.07
N2875S	0.07	0.25	0.00	0.26	0.15	0.05	0.25	0.31	0.07
D2889G	0.11	0.15	0.00	0.26	0.13	0.05	0.18	0.69	0.04
E2904G	0.18	0.19	0.00	0.23	0.18	0.07	0.24	0.10	0.11
I2914M	0.27	0.21	0.00	0.25	0.15	0.10	0.31	0.19	0.11
T2921K	0.23	0.22	0.00	0.25	0.15	0.06	0.32	0.18	0.23
G2925V	0.16	0.23	0.00	0.25	0.13	0.04	0.29	0.09	0.11
R2973M	0.02	0.00	0.00	0.26	0.30	0.18	0.23	0.01	0.18
D2987Y	0.03	0.01	0.00	0.26	0.39	0.20	0.19	0.01	0.32
Q3038L	0.18	0.05	0.00	0.25	0.17	0.17	0.31	0.08	0.08
