0.16	0.11	0.00	0.28	0.30	0.06	0.31	0.04	0.12
0.27	0.11	0.00	0.27	0.19	0.09	0.28	0.04	0.54
0.29	0.08	0.01	0.26	0.19	0.11	0.27	0.44	0.15
0.09	0.04	0.01	0.25	0.29	0.04	0.30	0.06	0.04
0.05	0.04	0.00	0.25	0.44	0.02	0.43	0.03	0.04
0.05	0.04	0.00	0.25	0.42	0.02	0.28	0.03	0.05
0.03	0.05	0.00	0.25	0.45	0.02	0.35	0.04	0.04
0.02	0.02	0.00	0.26	0.23	0.02	0.22	0.02	0.17
0.01	0.00	0.00	0.25	0.26	0.01	0.30	0.02	0.22
0.01	0.02	0.00	0.25	0.35	0.02	0.46	0.01	0.19
0.04	0.02	0.00	0.27	0.27	0.04	0.27	0.01	0.25
0.05	0.02	0.00	0.26	0.32	0.05	0.25	0.03	0.19
0.04	0.02	0.00	0.28	0.46	0.05	0.32	0.02	0.13
0.02	0.02	0.00	0.26	0.20	0.04	0.38	0.02	0.12
0.07	0.03	0.00	0.26	0.33	0.03	0.12	0.01	0.23
0.01	0.00	0.00	0.23	0.40	0.02	0.18	0.01	0.04
0.00	0.01	0.00	0.24	0.25	0.03	0.09	0.04	0.13
0.00	0.01	0.00	0.24	0.29	0.03	0.10	0.03	0.15
0.02	0.02	0.00	0.23	0.28	0.02	0.13	0.10	0.11
0.02	0.02	0.00	0.24	0.28	0.02	0.11	0.09	0.12
0.03	0.02	0.00	0.24	0.32	0.02	0.11	0.01	0.13
0.07	0.04	0.06	0.25	0.36	0.02	0.14	0.09	0.14
0.06	0.03	0.07	0.25	0.26	0.02	0.14	0.08	0.11
0.07	0.03	0.06	0.26	0.26	0.02	0.15	0.08	0.22
0.03	0.04	0.02	0.25	0.29	0.03	0.18	0.07	0.05
0.03	0.04	0.02	0.25	0.40	0.03	0.18	0.07	0.05
0.03	0.04	0.02	0.24	0.48	0.03	0.21	0.07	0.12
0.03	0.05	0.02	0.24	0.36	0.04	0.18	0.09	0.13
0.02	0.03	0.00	0.23	0.30	0.10	0.14	0.05	0.13
0.03	0.03	0.01	0.23	1.00	0.11	0.14	0.06	0.13
0.07	0.02	0.00	0.26	0.26	0.13	0.15	0.26	0.11
0.07	0.04	0.00	0.26	0.26	0.05	0.14	0.26	0.13
0.02	0.06	0.00	0.27	0.29	0.02	0.20	0.10	0.33
0.12	0.05	0.00	0.25	0.23	0.04	0.25	0.17	0.12
0.11	0.05	0.00	0.27	0.32	0.04	0.27	0.09	0.12
0.11	0.02	0.00	0.25	0.27	0.04	0.20	0.13	0.13
0.02	0.02	0.00	0.26	0.27	0.02	0.20	0.02	0.15
0.01	0.02	0.00	0.27	0.20	0.02	0.26	0.00	0.18
0.01	0.02	0.00	0.30	0.20	0.03	0.45	0.00	0.19
0.02	0.02	0.00	0.27	0.19	0.05	0.31	0.03	0.15
0.03	0.01	0.00	0.27	0.19	0.03	0.26	0.03	0.13
0.03	0.01	0.00	0.26	0.25	0.02	0.09	0.03	0.12
0.02	0.01	0.00	0.26	0.29	0.03	0.27	0.02	0.21
0.05	0.02	0.00	0.25	0.21	0.03	0.31	0.03	0.18
0.07	0.03	0.00	0.27	0.21	0.03	0.29	0.02	0.35
0.05	0.02	0.00	0.25	0.25	0.03	0.25	0.03	0.22
0.05	0.02	0.00	0.26	0.23	0.03	0.28	0.02	0.24
0.06	0.02	0.00	0.27	0.29	0.04	0.19	0.02	0.20
0.02	0.02	0.00	0.25	0.45	0.03	0.19	0.01	0.21
0.00	0.05	0.00	0.26	0.23	0.01	0.19	0.01	0.05
0.00	0.02	0.01	0.24	0.37	0.02	0.23	0.05	0.17
0.00	0.02	0.00	0.26	0.19	0.02	0.24	0.01	0.30
0.00	0.02	0.00	0.27	0.19	0.17	0.41	0.00	0.32
0.00	0.01	0.00	0.25	0.23	0.02	0.24	0.01	0.32
0.00	0.01	0.00	0.26	0.24	0.02	0.26	0.01	0.23
0.00	0.02	0.00	0.25	0.33	0.03	0.08	0.01	0.18
0.01	0.02	0.00	0.27	0.31	0.02	0.17	0.02	0.19
0.01	0.02	0.00	0.28	0.39	0.02	0.37	0.01	0.12
0.02	0.02	0.00	0.25	0.27	0.02	0.28	0.02	0.22
0.02	0.03	0.00	0.25	0.39	0.02	0.31	0.01	0.20
0.00	0.02	0.00	0.25	0.33	0.02	0.13	0.06	0.15
0.01	0.02	0.00	0.25	0.20	0.02	0.13	0.06	0.20
0.01	0.01	0.00	0.25	0.21	0.02	0.07	0.06	0.22
0.01	0.00	0.00	0.26	0.23	0.02	0.07	0.02	0.23
0.00	0.01	0.00	0.26	0.46	0.02	0.06	0.03	0.08
0.00	0.02	0.00	0.28	0.40	0.02	0.16	0.04	0.15
0.00	0.01	0.00	0.25	0.23	0.04	0.11	0.03	0.08
0.01	0.01	0.00	0.25	0.23	0.14	0.27	0.05	0.07
0.07	0.04	0.00	0.27	0.18	0.11	0.21	0.03	0.13
0.07	0.04	0.00	0.28	0.18	0.12	0.21	0.03	0.16
0.14	0.07	0.00	0.25	0.25	0.07	0.30	0.04	0.22
0.14	0.08	0.00	0.27	0.25	0.09	0.26	0.05	0.21
0.14	0.13	0.00	0.26	0.23	0.09	0.33	0.06	0.21
0.07	0.14	0.00	0.26	0.23	0.07	0.31	0.28	0.17
0.07	0.15	0.00	0.26	0.32	0.08	0.36	0.26	0.17
0.06	0.11	0.00	0.26	0.23	0.06	0.28	0.42	0.18
0.06	0.07	0.00	0.28	0.26	0.06	0.24	0.16	0.14
0.05	0.02	0.00	0.25	0.22	0.01	0.15	0.02	0.07
0.05	0.02	0.00	0.24	0.31	0.02	0.21	0.01	0.04
0.03	0.01	0.00	0.25	0.26	0.02	0.15	0.01	0.11
0.01	0.02	0.00	0.26	0.32	0.04	0.21	0.01	0.22
0.00	0.01	0.00	0.26	0.25	0.03	0.28	0.01	0.28
0.00	0.00	0.00	0.25	0.28	0.02	0.20	0.01	0.16
0.00	0.02	0.00	0.30	0.28	0.02	0.20	0.02	0.18
0.06	0.03	0.00	0.27	0.29	0.02	0.19	0.03	0.24
0.02	0.02	0.00	0.25	0.29	0.04	0.35	0.13	0.23
0.02	0.02	0.00	0.28	0.26	0.03	0.14	0.15	0.04
0.04	0.05	0.00	0.25	0.33	0.05	0.21	0.04	0.11
0.00	0.04	0.00	0.24	0.21	0.05	0.20	0.11	0.15
0.00	0.03	0.00	0.24	0.19	0.02	0.21	0.02	0.23
0.00	0.01	0.00	0.25	0.26	0.02	0.16	0.01	0.21
0.00	0.02	0.00	0.26	1.00	0.02	0.13	0.01	0.13
0.00	0.04	0.00	0.25	0.31	0.02	0.13	0.01	0.14
0.00	0.03	0.00	0.27	0.31	0.02	0.14	0.01	0.21
0.06	0.02	0.00	0.25	0.42	0.02	0.11	0.01	0.21
0.06	0.03	0.00	0.25	0.25	0.01	0.15	0.04	0.23
0.06	0.02	0.00	0.25	0.35	0.03	0.18	0.03	0.24
0.04	0.01	0.00	0.26	0.26	0.03	0.18	0.02	0.18
0.02	0.03	0.00	0.26	0.41	0.02	0.12	0.04	0.18
0.00	0.02	0.00	0.25	0.26	0.03	0.13	0.01	0.22
0.03	0.01	0.00	0.26	0.25	0.06	0.28	0.01	0.15
0.05	0.00	0.00	0.25	0.26	0.07	0.21	0.05	0.13
0.10	0.00	0.00	0.25	0.44	0.07	0.22	0.05	0.10
0.15	0.06	0.00	0.26	0.19	0.12	0.25	0.07	0.13
0.13	0.06	0.00	0.27	0.20	0.12	0.25	0.12	0.13
0.05	0.03	0.00	0.28	0.18	0.03	0.12	0.09	0.08
0.15	0.06	0.00	0.25	0.43	0.05	0.21	0.06	0.22
0.13	0.06	0.00	0.27	0.22	0.04	0.17	0.07	0.33
0.10	0.07	0.00	0.27	0.15	0.04	0.16	0.02	0.29
0.05	0.07	0.00	0.26	0.14	0.03	0.14	0.01	0.27
0.05	0.07	0.00	0.26	0.14	0.03	0.16	0.01	0.34
0.11	0.07	0.00	0.25	0.24	0.03	0.14	0.02	0.29
0.02	0.03	0.00	0.26	0.23	0.02	0.17	0.04	0.28
0.02	0.02	0.00	0.25	0.19	0.03	0.25	0.01	0.19
0.04	0.03	0.00	0.26	0.18	0.07	0.30	0.02	0.16
0.05	0.02	0.00	0.26	0.28	0.07	0.38	0.02	0.17
0.04	0.03	0.00	0.27	0.21	0.13	0.35	0.02	0.16
0.07	0.06	0.00	0.25	0.26	0.08	0.41	0.03	0.26
0.04	0.12	0.00	0.26	0.21	0.08	0.28	0.03	0.27
0.04	0.14	0.00	0.24	0.15	0.08	0.27	0.02	0.26
0.07	0.06	0.00	0.26	0.23	0.06	0.17	0.07	0.12
0.06	0.11	0.00	0.25	0.25	0.06	0.17	0.05	0.11
0.18	0.09	0.00	0.26	0.26	0.09	0.25	0.17	0.22
0.21	0.17	0.00	0.25	0.25	0.10	0.22	0.16	0.20
0.00	0.02	0.00	0.26	0.26	0.15	0.27	0.01	0.13
0.00	0.02	0.00	0.26	0.25	0.13	0.26	0.01	0.13
0.00	0.02	0.00	0.27	0.28	0.13	0.25	0.01	0.18
0.00	0.02	0.00	0.27	0.34	0.13	0.21	0.11	0.17
0.00	0.01	0.00	0.26	0.25	0.03	0.10	0.10	0.24
0.00	0.00	0.00	0.27	0.29	0.02	0.09	0.10	0.06
0.00	0.01	0.00	0.26	0.33	0.01	0.13	0.07	0.16
0.02	0.04	0.00	0.25	0.48	0.02	0.15	0.03	0.24
0.03	0.04	0.00	0.24	0.36	0.02	0.14	0.03	0.16
0.04	0.03	0.00	0.25	0.36	0.02	0.14	0.03	0.16
0.03	0.03	0.00	0.25	0.29	0.01	0.23	0.02	0.10
0.02	0.03	0.00	0.26	0.24	0.02	0.24	0.01	0.12
0.04	0.03	0.02	0.25	0.20	0.07	0.20	0.06	0.06
0.08	0.03	0.02	0.25	0.26	0.08	0.15	0.07	0.08
0.02	0.02	0.00	0.24	0.23	0.02	0.18	0.02	0.15
0.08	0.02	0.00	0.27	0.17	0.19	0.19	0.01	0.15
0.10	0.02	0.00	0.26	0.18	0.17	0.16	0.05	0.15
0.06	0.05	0.00	0.27	0.17	0.04	0.15	0.05	0.11
0.08	0.01	0.00	0.26	0.30	0.04	0.15	0.03	0.11
0.00	0.00	0.00	0.29	0.39	0.02	0.07	0.02	0.17
0.00	0.00	0.00	0.25	0.48	0.02	0.06	0.02	0.17
0.00	0.00	0.00	0.26	0.27	0.01	0.21	0.01	0.12
0.01	0.01	0.00	0.26	0.27	0.02	0.21	0.05	0.15
0.03	0.01	0.00	0.27	0.37	0.05	0.19	0.05	0.16
0.03	0.01	0.00	0.26	0.28	0.11	0.16	0.05	0.18
0.04	0.01	0.00	0.27	0.33	0.08	0.16	0.05	0.16
0.04	0.01	0.00	0.27	0.28	0.11	0.41	0.03	0.19
0.04	0.01	0.00	0.25	0.27	0.08	0.22	0.02	0.08
0.03	0.01	0.00	0.25	0.24	0.09	0.25	0.03	0.04
0.04	0.01	0.00	0.26	0.27	0.08	0.42	0.05	0.05
0.01	0.01	0.00	0.25	0.27	0.02	0.14	0.02	0.26
0.00	0.01	0.00	0.32	0.25	0.02	0.14	0.01	0.27
0.00	0.01	0.00	0.26	0.26	0.02	0.15	0.01	0.25
0.01	0.00	0.00	0.25	0.23	0.03	0.14	0.01	0.38
0.00	0.00	0.00	0.24	0.20	0.02	0.16	0.01	0.30
0.00	0.03	0.00	0.25	1.00	0.03	0.20	0.04	0.19
0.00	0.03	0.00	0.26	0.20	0.02	0.18	0.05	0.21
0.00	0.02	0.00	0.24	0.20	0.01	0.11	0.05	0.07
0.00	0.02	0.00	0.25	0.17	0.01	0.11	0.05	0.07
0.00	0.03	0.00	0.26	0.13	0.01	0.19	0.05	0.29
0.00	0.02	0.00	0.26	0.18	0.02	0.07	0.00	0.13
0.00	0.02	0.00	0.27	0.21	0.02	0.06	0.00	0.15
0.03	0.01	0.00	0.26	0.21	0.03	0.18	0.02	0.11
0.02	0.01	0.00	0.26	0.26	0.03	0.29	0.03	0.10
0.02	0.02	0.00	0.25	0.31	0.02	0.10	0.05	0.14
0.02	0.01	0.00	0.25	0.35	0.03	0.08	0.05	0.14
0.02	0.01	0.00	0.25	0.28	0.06	0.06	0.09	0.16
0.02	0.00	0.00	0.26	0.28	0.14	0.23	0.01	0.22
0.02	0.00	0.00	0.25	0.34	0.11	0.23	0.01	0.24
0.03	0.00	0.00	0.26	0.35	0.06	0.24	0.01	0.28
0.02	0.00	0.00	0.24	0.49	0.06	0.32	0.01	0.15
0.03	0.00	0.00	0.24	0.29	0.15	0.21	0.01	0.16
0.03	0.03	0.00	0.27	0.42	0.03	0.17	0.02	0.17
0.04	0.03	0.00	0.25	0.25	0.03	0.30	0.02	0.16
0.04	0.03	0.00	0.27	0.27	0.03	0.18	0.03	0.22
0.02	0.02	0.00	0.25	0.23	0.02	0.12	0.01	0.21
0.02	0.02	0.00	0.26	0.26	0.02	0.11	0.02	0.24
0.00	0.02	0.00	0.27	0.25	0.02	0.13	0.02	0.23
0.00	0.03	0.00	0.25	0.25	0.02	0.08	0.00	0.04
0.00	0.03	0.00	0.29	0.26	0.02	0.09	0.01	0.10
0.03	0.14	0.01	0.25	0.31	0.02	0.14	0.18	0.17
0.03	0.14	0.02	0.26	0.26	0.02	0.12	0.18	0.10
0.09	0.15	0.01	0.25	0.26	0.06	0.23	0.19	0.38
0.21	0.05	0.00	0.26	0.53	0.05	0.24	0.09	0.28
0.21	0.06	0.00	0.25	0.28	0.05	0.27	0.09	0.44
0.17	0.05	0.00	0.24	0.53	0.09	0.36	0.04	0.27
0.14	0.05	0.00	0.27	0.30	0.06	0.31	0.03	0.26
0.14	0.05	0.00	0.26	0.28	0.06	0.25	0.03	0.26
0.03	0.04	0.00	0.26	0.25	0.02	0.12	0.04	0.09
0.01	0.03	0.00	0.25	0.14	0.18	0.13	0.00	0.15
0.09	0.01	0.00	0.27	0.15	0.16	0.07	0.04	0.05
0.04	0.00	0.00	0.26	0.28	0.11	0.13	0.01	0.17
0.00	0.01	0.00	0.25	0.31	0.02	0.12	0.01	0.17
0.00	0.01	0.00	0.26	0.27	0.02	0.25	0.01	0.11
0.01	0.01	0.00	0.28	0.31	0.02	0.13	0.01	0.16
0.00	0.01	0.00	0.26	0.29	0.02	0.07	0.02	0.14
0.00	0.02	0.00	0.26	0.24	0.02	0.14	0.02	0.22
0.03	0.03	0.00	0.26	0.36	0.03	0.13	0.03	0.21
0.03	0.13	0.03	0.25	0.25	0.03	0.23	0.05	0.16
0.11	0.15	0.02	0.25	0.26	0.03	0.22	0.05	0.16
0.11	0.04	0.00	0.26	0.18	0.05	0.17	0.02	0.11
0.07	0.02	0.00	0.28	0.16	0.02	0.17	0.01	0.10
0.02	0.02	0.00	0.26	0.20	0.03	0.14	0.01	0.27
0.00	0.00	0.00	0.25	0.61	0.07	0.28	0.09	0.22
0.01	0.00	0.00	0.26	0.23	0.02	0.16	0.01	0.62
0.01	0.00	0.00	0.25	0.32	0.02	0.16	0.01	0.32
0.04	0.02	0.00	0.26	0.34	0.04	0.16	0.01	0.24
0.04	0.02	0.00	0.27	0.33	0.03	0.15	0.01	0.26
0.02	0.01	0.00	0.23	0.27	0.03	0.18	0.02	0.16
0.02	0.01	0.00	0.24	0.27	0.03	0.11	0.02	0.23
0.02	0.02	0.00	0.25	0.25	0.03	0.15	0.02	0.25
0.02	0.02	0.00	0.23	0.28	0.03	0.15	0.04	0.25
0.03	0.02	0.00	0.25	0.27	0.03	0.21	0.01	0.38
0.03	0.02	0.00	0.23	0.21	0.04	0.08	0.02	0.22
0.03	0.00	0.00	0.23	0.22	0.04	0.08	0.02	0.08
0.08	0.01	0.00	0.22	0.30	0.09	0.11	0.02	0.20
0.07	0.00	0.00	0.25	0.36	0.13	0.27	0.03	0.16
0.09	0.01	0.00	0.26	0.24	0.14	0.20	0.05	0.16
0.08	0.05	0.00	0.25	0.14	0.04	0.18	0.18	0.16
0.13	0.04	0.00	0.25	0.13	0.04	0.21	0.54	0.18
0.08	0.09	0.00	0.29	0.18	0.04	0.34	0.09	0.18
0.05	0.03	0.00	0.26	0.27	0.08	0.13	0.03	0.14
0.04	0.02	0.00	0.25	0.29	0.05	0.20	0.01	0.13
0.03	0.02	0.00	0.26	0.21	0.08	0.21	0.02	0.26
0.03	0.02	0.00	0.26	0.31	0.06	0.27	0.03	0.19
0.03	0.02	0.00	0.27	0.28	0.04	0.40	0.02	0.35
0.02	0.02	0.00	0.26	0.24	0.03	0.25	0.03	0.13
0.02	0.02	0.00	0.26	0.26	0.03	0.29	0.03	0.13
0.01	0.02	0.00	0.27	0.29	0.03	0.19	0.03	0.13
0.01	0.02	0.00	0.27	0.27	0.02	0.15	0.12	0.21
0.01	0.02	0.00	0.27	0.26	0.02	0.09	0.13	0.15
0.02	0.04	0.00	0.26	0.33	0.02	0.13	0.11	0.29
0.00	0.00	0.00	0.23	0.27	0.02	0.13	0.01	0.14
0.02	0.00	0.00	0.22	0.32	0.05	0.07	0.03	0.10
0.00	0.00	0.00	0.28	0.38	0.02	0.05	0.01	0.10
0.02	0.03	0.00	0.26	0.27	0.02	0.13	0.02	0.12
0.03	0.02	0.00	0.26	0.29	0.03	0.12	0.03	0.13
0.02	0.01	0.00	0.26	0.27	0.03	0.16	0.01	0.13
0.01	0.01	0.00	0.25	0.27	0.03	0.16	0.01	0.15
0.01	0.02	0.00	0.26	0.45	0.02	0.15	0.01	0.21
0.00	0.02	0.00	0.26	0.30	0.01	0.12	0.01	0.16
0.01	0.02	0.00	0.30	0.31	0.03	0.15	0.01	0.10
0.00	0.01	0.00	0.26	0.32	0.11	0.16	0.02	0.15
0.00	0.00	0.00	0.27	0.29	0.10	0.18	0.01	0.13
0.00	0.00	0.00	0.25	0.23	0.10	0.16	0.02	0.15
0.00	0.00	0.00	0.25	0.22	0.11	0.17	0.01	0.14
0.00	0.00	0.00	0.26	0.20	0.05	0.16	0.02	0.34
0.00	0.00	0.00	0.26	0.19	0.03	0.18	0.02	0.23
0.00	0.00	0.00	0.27	0.19	0.03	0.16	0.02	0.23
0.00	0.03	0.00	0.26	0.21	0.02	0.21	0.02	0.23
0.00	0.03	0.00	0.28	0.30	0.02	0.13	0.02	0.23
0.08	0.03	0.00	0.25	0.24	0.03	0.12	0.10	0.10
0.09	0.04	0.00	0.23	0.22	0.04	0.16	0.10	0.12
0.07	0.03	0.00	0.19	0.19	0.03	0.17	0.10	0.16
0.00	0.00	0.00	0.24	0.30	0.03	0.15	0.01	0.22
0.00	0.00	0.00	0.26	0.32	0.02	0.09	0.04	1.00
0.00	0.00	0.00	0.24	0.30	0.02	0.10	0.04	0.21
0.00	0.00	0.00	0.24	0.20	0.02	0.09	0.04	0.21
0.01	0.00	0.00	0.25	0.29	0.05	0.26	0.02	0.22
0.00	0.00	0.00	0.24	0.25	0.04	0.20	0.01	0.33
0.00	0.00	0.00	0.26	0.33	0.03	0.12	0.01	0.24
0.00	0.01	0.00	0.27	0.28	0.02	0.14	0.01	0.25
0.00	0.00	0.00	0.25	0.39	0.02	0.13	0.01	0.23
0.00	0.01	0.00	0.25	0.47	0.02	0.15	0.01	0.27
0.01	0.01	0.00	0.29	0.25	0.02	0.13	0.00	0.25
0.00	0.00	0.00	0.26	0.14	0.03	0.06	0.02	0.13
0.04	0.02	0.00	0.24	0.36	0.05	0.16	0.09	0.15
0.09	0.04	0.00	0.25	0.27	0.04	0.16	0.02	0.19
0.05	0.05	0.00	0.25	0.29	0.05	0.21	0.14	0.11
0.06	0.05	0.00	0.26	0.26	0.05	0.22	0.16	0.21
0.01	0.03	0.00	0.27	0.33	0.03	0.11	0.03	0.16
0.00	0.00	0.00	0.25	0.28	0.02	0.06	0.10	0.08
0.00	0.02	0.01	0.26	0.28	0.03	0.18	0.01	0.19
0.01	0.02	0.01	0.25	0.27	0.03	0.18	0.00	0.34
0.00	0.02	0.02	0.23	0.28	0.03	0.17	0.00	0.23
0.03	0.01	0.00	0.24	0.35	0.02	0.29	0.03	0.18
0.02	0.00	0.00	0.23	0.26	0.02	0.40	0.01	0.17
0.04	0.01	0.00	0.26	0.33	0.04	0.42	0.01	0.11
0.05	0.04	0.00	0.27	0.43	0.03	0.19	0.02	0.30
0.04	0.04	0.00	0.26	0.33	0.03	0.20	0.02	0.26
0.05	0.04	0.00	0.25	0.25	0.03	0.15	0.03	0.27
0.04	0.04	0.00	0.24	0.30	0.03	0.15	0.03	0.25
0.05	0.04	0.00	0.23	0.25	0.08	0.15	0.02	0.54
0.04	0.04	0.00	0.23	0.28	0.03	0.21	0.03	0.43
0.02	0.12	0.00	0.26	0.41	0.09	0.26	0.19	0.15
0.01	0.12	0.00	0.26	0.22	0.08	0.30	0.13	0.09
0.02	0.04	0.00	0.27	0.24	0.06	0.12	0.02	0.16
0.06	0.04	0.00	0.27	0.29	0.05	0.12	0.01	0.16
0.04	0.03	0.00	0.25	0.26	0.03	0.10	0.01	0.13
0.04	0.03	0.00	0.25	0.28	0.02	0.10	0.01	0.20
0.03	0.02	0.00	0.28	0.36	0.02	0.10	0.01	0.17
0.01	0.02	0.00	0.26	0.23	0.01	0.12	0.02	0.13
0.01	0.02	0.00	0.25	0.29	0.01	0.19	0.02	0.27
0.00	0.02	0.00	0.24	0.21	0.04	0.23	0.01	0.36
0.02	0.03	0.00	0.27	0.18	0.02	0.25	0.01	0.25
0.02	0.01	0.00	0.26	0.21	0.08	0.27	0.01	0.18
0.03	0.01	0.00	0.26	0.39	0.10	0.37	0.01	0.19
0.04	0.02	0.00	0.25	0.25	0.10	0.25	0.01	0.28
0.02	0.01	0.00	0.28	0.27	0.08	0.29	0.02	0.29
0.01	0.00	0.00	0.29	0.27	0.05	0.27	0.01	0.18
0.00	0.02	0.00	0.28	0.32	0.04	0.14	0.01	0.17
0.00	0.02	0.00	0.27	0.29	0.03	0.09	0.00	0.24
0.01	0.02	0.00	0.26	0.25	0.04	0.04	0.01	0.38
0.05	0.02	0.00	0.26	0.28	0.05	0.28	0.03	0.09
0.08	0.02	0.00	0.31	0.25	0.07	0.29	0.04	0.14
0.05	0.02	0.00	0.26	0.38	0.06	0.36	0.03	0.11
0.02	0.02	0.00	0.26	0.31	0.07	0.24	0.03	0.12
0.00	0.00	0.00	0.28	0.28	0.02	0.13	0.00	0.26
0.02	0.00	0.00	0.26	0.21	0.02	0.17	0.01	0.23
0.02	0.02	0.00	0.25	0.16	0.02	0.09	0.02	0.07
0.02	0.02	0.00	0.25	0.19	0.02	0.13	0.02	0.09
0.02	0.03	0.00	0.26	0.15	0.02	0.14	0.02	0.26
0.14	0.06	0.00	0.27	0.23	0.22	0.18	0.05	0.10
0.14	0.05	0.00	0.25	0.21	0.22	0.21	0.26	0.11
0.16	0.06	0.00	0.26	0.27	0.23	0.23	0.28	0.10
0.09	0.02	0.00	0.27	0.16	0.16	0.21	0.11	0.15
0.09	0.02	0.00	0.25	0.14	0.14	0.21	0.11	0.12
0.11	0.06	0.00	0.25	0.15	0.15	0.17	0.05	0.14
0.15	0.05	0.00	0.26	0.31	0.14	0.15	0.11	0.15
0.13	0.05	0.00	0.27	0.29	0.09	0.14	0.15	0.15
0.17	0.06	0.02	0.28	0.40	0.18	0.19	0.11	0.14
0.05	0.05	0.01	0.17	0.30	0.19	0.18	0.09	0.14
0.05	0.05	0.01	0.26	0.23	0.22	0.18	0.03	0.15
0.02	0.04	0.02	0.22	0.07	0.03	0.20	0.07	0.09
0.02	0.05	0.01	0.22	0.07	0.03	0.20	0.04	0.08
0.00	0.06	0.02	0.22	0.08	0.03	0.19	0.04	0.08
0.00	0.05	0.02	0.21	0.10	0.04	0.20	0.01	0.08
0.04	0.02	0.00	0.30	0.13	0.07	0.16	0.07	0.09
0.04	0.02	0.00	0.27	0.13	0.07	0.07	0.02	0.12
0.02	0.04	0.00	0.28	0.21	0.06	0.12	0.01	0.14
0.02	0.06	0.03	0.29	0.24	0.03	0.18	0.06	0.16
0.04	0.06	0.03	0.27	0.30	0.03	0.19	0.06	0.17
0.00	0.00	0.00	0.26	0.22	0.03	0.04	0.03	0.11
0.00	0.01	0.00	0.25	0.38	0.03	0.05	0.02	0.10
0.02	0.00	0.00	0.28	0.30	0.06	0.12	0.02	0.07
0.02	0.00	0.00	0.28	0.46	0.08	0.07	0.02	0.11
0.02	0.00	0.00	0.29	0.31	0.09	0.07	0.01	0.26
0.07	0.03	0.04	0.26	0.31	0.07	0.23	0.07	0.14
0.07	0.06	0.21	0.26	0.19	0.05	0.20	0.28	0.14
0.04	0.21	0.22	0.27	0.24	0.05	0.25	0.32	0.04
0.04	0.21	0.22	0.26	0.10	0.03	0.25	0.28	0.11
0.04	0.20	0.22	0.28	0.12	0.03	0.25	0.38	0.04
0.04	0.20	0.21	0.29	0.11	0.03	0.26	0.33	0.04
0.07	0.19	0.19	0.26	0.18	0.03	0.29	0.25	0.06
0.07	0.12	0.06	0.26	0.20	0.06	0.30	0.28	0.06
0.03	0.09	0.00	0.25	0.13	0.06	0.22	0.07	0.10
0.04	0.09	0.00	0.27	0.18	0.05	0.25	0.09	0.11
0.03	0.13	0.08	0.26	0.13	0.06	0.27	0.10	0.17
0.02	0.15	0.08	0.26	0.11	0.05	0.28	0.09	0.18
0.03	0.16	0.08	0.27	0.20	0.05	0.26	0.09	0.17
0.03	0.22	0.08	0.26	0.11	0.05	0.28	0.08	0.17
0.03	0.02	0.00	0.25	0.19	0.03	0.05	0.03	0.04
0.06	0.03	0.00	0.30	0.20	0.06	0.11	0.04	0.06
0.04	0.03	0.00	0.29	0.26	0.07	0.08	0.03	0.25
0.03	0.08	0.03	0.28	0.19	0.02	0.23	0.05	0.13
0.03	0.03	0.00	0.24	0.20	0.02	0.16	0.01	0.20
0.07	0.05	0.01	0.24	0.47	0.04	0.11	0.17	0.02
0.03	0.04	0.00	0.24	0.12	0.05	0.19	0.06	0.14
0.02	0.02	0.00	0.24	0.13	0.10	0.24	0.03	0.14
0.03	0.02	0.01	0.23	0.26	0.16	0.20	0.06	0.19
0.03	0.02	0.01	0.22	0.32	0.22	0.20	0.06	0.18
0.03	0.01	0.00	0.02	0.33	0.07	0.12	0.01	0.22
0.02	0.00	0.00	0.02	0.37	0.73	0.12	0.01	0.15
0.00	0.00	0.00	0.26	0.30	0.73	0.11	0.02	0.08
0.01	0.01	0.00	0.20	0.36	0.26	0.11	0.00	0.26
0.06	0.01	0.00	0.24	0.20	0.41	0.09	0.04	0.27
0.04	0.01	0.00	0.25	0.19	0.36	0.06	0.04	0.29
0.02	0.01	0.00	0.17	0.21	0.25	0.16	0.02	0.18
0.02	0.01	0.00	0.03	0.27	0.04	0.13	0.01	0.11
0.02	0.00	0.00	0.02	0.26	0.06	0.22	0.01	0.17
0.02	0.00	0.00	0.03	0.41	0.06	0.22	0.01	0.14
0.02	0.00	0.00	0.08	0.26	0.06	0.19	0.01	0.13
0.03	0.01	0.00	0.26	0.30	0.91	0.10	0.02	0.14
0.03	0.03	0.00	0.26	0.37	0.05	0.16	0.02	0.14
0.02	0.03	0.00	0.25	0.25	0.99	0.23	0.02	0.16
0.02	0.01	0.00	0.22	0.16	0.03	0.35	0.01	0.15
0.02	0.01	0.00	0.25	0.19	0.04	0.25	0.01	0.16
0.03	0.01	0.00	0.26	0.26	0.03	0.47	0.01	0.20
0.04	0.06	0.00	0.26	0.19	0.07	0.15	0.03	0.17
0.02	0.03	0.00	0.26	0.28	0.06	0.17	0.06	0.16
0.04	0.01	0.00	0.27	0.29	0.07	0.17	0.02	0.18
0.04	0.00	0.00	0.27	0.28	0.08	0.15	0.01	0.14
0.03	0.02	0.00	0.26	0.26	0.07	0.18	0.01	0.13
0.01	0.07	0.00	0.26	0.17	0.02	0.24	0.03	0.10
0.03	0.03	0.00	0.25	0.17	0.05	0.08	0.03	0.13
0.05	0.07	0.00	0.20	0.16	0.07	0.10	0.02	0.08
0.04	0.05	0.00	0.24	0.13	0.15	0.23	0.17	0.06
0.04	0.03	0.00	0.24	0.14	0.15	0.14	0.31	0.05
0.05	0.08	0.00	0.25	0.09	0.04	0.17	0.02	0.06
0.04	0.08	0.00	0.26	0.09	0.05	0.17	0.02	0.05
0.04	0.07	0.04	0.26	0.19	0.14	0.19	0.06	0.01
0.04	0.06	0.04	0.26	0.22	0.14	0.20	0.04	0.10
0.14	0.03	0.00	0.27	0.24	0.24	0.29	0.06	0.10
0.13	0.02	0.00	0.27	0.28	0.24	0.26	0.06	0.10
0.03	0.06	0.00	0.24	0.29	0.06	0.13	0.06	0.09
0.11	0.05	0.00	0.24	0.22	0.16	0.12	0.04	0.10
0.10	0.04	0.00	0.26	0.16	0.18	0.12	0.04	0.04
0.10	0.05	0.00	0.26	0.18	0.16	0.12	0.04	0.04
0.04	0.02	0.00	0.26	0.18	0.17	0.18	0.09	0.11
0.04	0.04	0.00	0.27	0.19	0.12	0.17	0.04	0.13
0.01	0.02	0.00	0.25	0.25	0.05	0.12	0.02	0.14
0.01	0.02	0.00	0.25	0.39	0.08	0.12	0.01	0.24
0.00	0.00	0.00	0.25	0.26	0.02	0.15	0.00	0.18
0.00	0.00	0.00	0.25	0.19	0.02	0.14	0.00	0.12
0.00	0.00	0.00	0.23	0.34	0.02	0.18	0.00	0.19
0.00	0.00	0.00	0.21	0.17	0.02	0.21	0.00	0.16
0.01	0.00	0.00	0.21	0.23	0.05	0.19	0.01	0.25
0.00	0.02	0.00	0.26	0.20	0.05	0.35	0.01	0.13
0.00	0.01	0.00	0.26	0.27	0.02	0.28	0.01	0.11
0.01	0.03	0.00	0.26	0.27	0.02	0.27	0.01	0.20
0.01	0.03	0.00	0.25	0.17	0.02	0.47	0.01	0.29
0.02	0.00	0.00	0.25	0.23	0.03	0.26	0.00	0.26
0.03	0.00	0.00	0.22	0.23	0.05	0.27	0.00	0.27
0.02	0.05	0.01	0.27	0.30	0.08	0.33	0.10	0.04
0.02	0.05	0.00	0.26	0.33	0.11	0.31	0.10	0.03
0.02	0.02	0.01	0.26	0.25	0.20	0.25	0.03	0.04
0.02	0.01	0.00	0.26	0.38	0.07	0.25	0.01	0.13
0.03	0.01	0.00	0.26	0.51	0.03	0.23	0.02	0.15
0.02	0.01	0.00	0.20	0.32	0.03	0.23	0.01	0.20
0.00	0.00	0.00	0.34	0.14	0.03	0.28	0.00	0.23
0.02	0.01	0.00	0.27	0.23	0.13	0.18	0.01	0.16
0.09	0.02	0.00	0.25	0.22	0.15	0.53	0.05	0.24
0.10	0.02	0.00	0.29	0.21	0.27	0.42	0.04	0.32
