# Variant	Relative_solvent_accessibility	Allosteric_site	Catalytic_site	Altered Secondary_structure	Altered Stability_and_conformational_flexibility	Altered Special_structural_signatures	Altered Macromolecular_binding	Altered Metal_binding	Altered PTM_site
V11G	0.25	0.10	0.00	0.27	0.22	0.05	0.23	0.05	0.10
I15T	0.14	0.12	0.00	0.18	0.14	0.05	0.24	0.05	0.08
I21V	0.09	0.11	0.00	0.24	0.10	0.12	0.28	0.25	0.09
L22S	0.11	0.10	0.01	0.25	0.12	0.19	0.27	0.24	0.08
E23D	0.09	0.10	0.00	0.25	0.09	0.14	0.24	0.26	0.09
C24Y	0.09	0.10	0.02	0.25	0.09	0.17	0.44	0.31	0.08
P25L	0.09	0.10	0.00	0.27	0.09	0.13	0.26	0.27	0.08
L28P	0.12	0.11	0.00	0.26	0.14	0.16	0.24	0.26	0.12
E33A	0.06	0.05	0.00	0.25	0.15	0.07	0.16	0.03	0.12
E33Q	0.05	0.05	0.00	0.25	0.15	0.07	0.16	0.03	0.12
P34S	0.07	0.06	0.00	0.25	0.15	0.07	0.16	0.22	0.12
T37K	0.05	0.06	0.00	0.27	0.20	0.06	0.24	0.18	0.12
C39R	0.05	0.06	0.02	0.27	0.16	0.15	0.27	0.31	0.10
H41R	0.06	0.06	0.00	0.27	0.16	0.11	0.24	0.33	0.16
C44S	0.04	0.07	0.00	0.25	0.19	0.17	0.36	0.36	0.13
C44Y	0.03	0.09	0.01	0.25	0.17	0.17	0.40	0.37	0.14
K45Q	0.02	0.06	0.00	0.25	0.18	0.11	0.24	0.28	0.14
G57R	0.03	0.02	0.00	0.29	0.33	0.08	0.23	0.20	0.13
P58A	0.04	0.02	0.00	0.30	0.36	0.11	0.20	0.20	0.06
C61G	0.03	0.03	0.00	0.27	0.33	0.11	0.23	0.24	0.08
C61Y	0.03	0.04	0.01	0.25	0.34	0.12	0.38	0.25	0.08
D67Y	0.02	0.05	0.00	0.24	0.29	0.07	0.38	0.16	0.13
R71K	0.03	0.03	0.00	0.25	0.30	0.03	0.26	0.01	0.15
C91R	0.14	0.13	0.00	0.26	0.12	0.17	0.19	0.06	0.18
D96N	0.09	0.12	0.00	0.27	0.13	0.02	0.20	0.05	0.15
Y105C	0.09	0.05	0.00	0.26	0.31	0.05	0.33	0.01	0.22
P115L	0.03	0.04	0.00	0.29	0.31	0.06	0.18	0.05	0.35
I124V	0.02	0.04	0.00	0.25	0.27	0.04	0.36	0.05	0.13
I125V	0.01	0.09	0.00	0.25	0.28	0.04	0.36	0.05	0.21
N132K	0.01	0.08	0.00	0.26	0.30	0.04	0.27	0.03	0.22
L138P	0.02	0.04	0.00	0.28	0.34	0.04	0.34	0.01	0.16
P142H	0.03	0.02	0.00	0.26	0.27	0.03	0.27	0.08	0.13
E143K	0.02	0.01	0.00	0.25	0.25	0.03	0.27	0.01	0.20
P145L	0.03	0.01	0.00	0.26	0.28	0.03	0.33	0.02	0.12
Q148K	0.02	0.00	0.00	0.31	0.24	0.02	0.29	0.01	0.20
Q155E	0.01	0.00	0.00	0.26	0.14	0.02	0.29	0.01	0.09
L156F	0.00	0.00	0.00	0.27	0.34	0.02	0.27	0.01	0.07
Y179C	0.03	0.02	0.00	0.29	0.32	0.02	0.23	0.05	0.46
S186Y	0.06	0.06	0.01	0.27	0.32	0.02	0.16	0.09	0.29
V191I	0.04	0.05	0.01	0.25	0.25	0.01	0.29	0.09	0.24
P209S	0.06	0.03	0.00	0.29	0.30	0.05	0.15	0.01	0.15
D214G	0.10	0.02	0.00	0.28	0.28	0.04	0.14	0.04	0.16
D214Y	0.10	0.03	0.00	0.26	0.35	0.05	0.21	0.04	0.30
F228Y	0.09	0.02	0.00	0.25	0.25	0.03	0.22	0.08	0.36
P241L	0.02	0.02	0.00	0.24	0.25	0.02	0.08	0.06	0.11
L246V	0.04	0.02	0.00	0.27	0.23	0.01	0.11	0.02	0.14
T248P	0.05	0.02	0.00	0.26	0.23	0.01	0.13	0.02	0.15
R256W	0.05	0.02	0.00	0.28	0.32	0.01	0.21	0.15	0.19
V271G	0.00	0.00	0.00	0.25	0.32	0.01	0.06	0.06	0.06
A280G	0.01	0.00	0.00	0.24	0.26	0.01	0.07	0.04	0.04
M297I	0.08	0.00	0.00	0.26	0.40	0.05	0.21	0.05	0.24
M297K	0.07	0.00	0.00	0.26	0.43	0.05	0.18	0.04	0.25
K301R	0.06	0.00	0.00	0.24	0.28	0.02	0.24	0.04	0.35
C305Y	0.06	0.01	0.00	0.26	0.37	0.03	0.38	0.04	0.33
P334L	0.04	0.02	0.00	0.26	0.24	0.01	0.15	0.03	0.24
S335R	0.03	0.02	0.00	0.26	0.22	0.02	0.12	0.03	0.26
Q356R	0.00	0.00	0.00	0.26	0.21	0.02	0.08	0.01	0.16
T367A	0.01	0.01	0.00	0.25	0.31	0.03	0.14	0.02	0.13
D369N	0.01	0.01	0.00	0.27	0.26	0.02	0.18	0.02	0.13
Q380R	0.02	0.03	0.00	0.26	0.27	0.02	0.19	0.02	0.14
S387T	0.05	0.04	0.00	0.25	0.37	0.03	0.26	0.06	0.09
G401A	0.03	0.02	0.03	0.26	0.27	0.05	0.15	0.11	0.14
A410T	0.04	0.00	0.00	0.27	0.27	0.04	0.16	0.06	0.20
D411V	0.03	0.00	0.00	0.25	0.43	0.03	0.17	0.06	0.19
V412I	0.04	0.00	0.00	0.25	0.31	0.03	0.31	0.06	0.19
V419G	0.04	0.01	0.00	0.26	0.34	0.02	0.24	0.06	0.26
C442R	0.15	0.03	0.00	0.25	0.45	0.03	0.10	0.36	0.28
N473S	0.11	0.12	0.01	0.23	0.24	0.04	0.26	0.13	0.14
F486L	0.02	0.04	0.03	0.26	0.13	0.04	0.21	0.08	0.03
R496C	0.06	0.03	0.00	0.26	0.33	0.07	0.27	0.07	0.10
R496H	0.05	0.03	0.00	0.26	0.27	0.07	0.25	0.06	0.10
R504H	0.03	0.09	0.00	0.26	0.28	0.05	0.37	0.02	0.14
L523W	0.14	0.02	0.00	0.28	0.37	0.02	0.29	0.08	0.30
N547H	0.03	0.03	0.03	0.25	0.19	0.05	0.22	0.08	0.09
N550H	0.03	0.02	0.01	0.25	0.22	0.02	0.17	0.09	0.09
N569D	0.09	0.01	0.00	0.25	0.25	0.02	0.26	0.08	0.23
L574P	0.04	0.02	0.01	0.28	0.28	0.03	0.31	0.07	0.43
P586R	0.04	0.00	0.00	0.26	0.19	0.02	0.22	0.03	0.26
S588K	0.04	0.00	0.00	0.24	0.20	0.02	0.18	0.03	0.26
I591V	0.02	0.00	0.00	0.25	0.19	0.02	0.21	0.03	0.17
E597K	0.01	0.01	0.00	0.26	0.16	0.02	0.25	0.03	0.20
K607E	0.00	0.02	0.00	0.28	0.25	0.02	0.50	0.01	0.23
R610K	0.00	0.03	0.00	0.25	0.27	0.03	0.31	0.01	0.19
R613K	0.00	0.02	0.00	0.25	0.23	0.03	0.30	0.01	0.17
A622V	0.00	0.01	0.00	0.25	0.20	0.02	0.23	0.05	0.08
R629I	0.00	0.00	0.00	0.25	0.46	0.01	0.18	0.01	0.59
P633S	0.00	0.01	0.00	0.25	0.20	0.01	0.10	0.01	0.57
D642G	0.00	0.02	0.00	0.25	0.23	0.01	0.12	0.02	0.17
D642H	0.00	0.02	0.00	0.25	0.24	0.01	0.12	0.03	0.18
S643G	0.00	0.02	0.00	0.25	0.43	0.01	0.12	0.02	0.17
P659A	0.00	0.01	0.00	0.23	0.21	0.01	0.29	0.03	0.21
L668F	0.03	0.02	0.00	0.25	0.22	0.02	0.19	0.04	0.26
S689G	0.03	0.02	0.00	0.25	0.24	0.03	0.17	0.06	0.25
D693N	0.01	0.02	0.00	0.25	0.21	0.02	0.27	0.06	0.23
T703I	0.02	0.00	0.00	0.26	0.17	0.02	0.40	0.02	0.23
N723D	0.00	0.00	0.00	0.25	0.21	0.03	0.09	0.00	0.20
K739E	0.02	0.00	0.00	0.26	0.21	0.06	0.13	0.02	0.25
S741C	0.04	0.00	0.00	0.25	0.24	0.05	0.14	0.04	0.16
E755K	0.00	0.00	0.00	0.25	0.15	0.03	0.13	0.01	0.19
L771S	0.02	0.01	0.00	0.25	0.45	0.03	0.12	0.04	0.13
V772A	0.01	0.01	0.00	0.26	0.29	0.02	0.15	0.03	0.22
Q804H	0.06	0.05	0.00	0.26	0.20	0.04	0.18	0.22	0.06
E809K	0.07	0.04	0.00	0.27	0.19	0.02	0.15	0.05	0.14
N810Y	0.02	0.06	0.00	0.27	0.20	0.02	0.13	0.05	0.22
K820E	0.09	0.04	0.00	0.28	0.25	0.03	0.24	0.10	0.16
R823I	0.07	0.05	0.01	0.26	0.30	0.03	0.15	0.09	0.14
T826K	0.04	0.06	0.00	0.27	0.34	0.02	0.12	0.04	0.28
Y831D	0.03	0.05	0.01	0.26	0.45	0.03	0.11	0.10	0.38
S840C	0.04	0.07	0.02	0.25	0.44	0.02	0.11	0.39	0.08
R841W	0.07	0.05	0.03	0.26	0.43	0.02	0.20	0.19	0.07
E842G	0.06	0.03	0.03	0.25	0.32	0.02	0.15	0.17	0.07
T843R	0.06	0.04	0.04	0.25	0.30	0.02	0.18	0.17	0.08
I845T	0.06	0.04	0.05	0.25	0.44	0.03	0.19	0.15	0.07
L852P	0.06	0.04	0.06	0.24	0.44	0.03	0.19	0.15	0.19
L852V	0.06	0.04	0.05	0.24	0.26	0.03	0.19	0.14	0.18
Y856H	0.05	0.03	0.03	0.24	0.42	0.02	0.20	0.18	0.23
K862E	0.08	0.02	0.00	0.26	0.28	0.02	0.19	0.01	0.12
S864A	0.08	0.02	0.00	0.26	0.37	0.02	0.12	0.01	0.11
R866C	0.09	0.02	0.00	0.25	0.34	0.02	0.14	0.01	0.12
P871L	0.04	0.02	0.00	0.26	0.47	0.02	0.17	0.01	0.11
G890V	0.00	0.00	0.00	0.25	0.23	0.01	0.12	0.04	0.13
K893N	0.00	0.00	0.00	0.30	0.24	0.01	0.10	0.04	0.15
F901S	0.05	0.00	0.00	0.26	0.23	0.01	0.09	0.02	0.23
E904Q	0.02	0.00	0.00	0.26	0.24	0.01	0.08	0.02	0.25
N913S	0.02	0.00	0.00	0.26	0.24	0.03	0.13	0.01	0.18
N916I	0.02	0.00	0.00	0.24	0.42	0.03	0.23	0.01	0.17
I925L	0.00	0.00	0.00	0.23	0.26	0.03	0.19	0.01	0.05
P930L	0.08	0.01	0.00	0.26	0.33	0.04	0.18	0.03	0.11
P938L	0.18	0.02	0.00	0.26	0.30	0.04	0.13	0.09	0.15
K947N	0.10	0.10	0.01	0.23	0.21	0.03	0.14	0.13	0.11
N969D	0.03	0.08	0.00	0.26	0.18	0.02	0.07	0.04	0.10
K970I	0.03	0.07	0.00	0.24	0.19	0.02	0.12	0.06	0.10
R979S	0.00	0.06	0.00	0.26	0.21	0.02	0.24	0.02	0.19
K987E	0.00	0.02	0.00	0.29	0.25	0.03	0.24	0.00	0.13
L998V	0.01	0.00	0.00	0.25	0.28	0.03	0.16	0.01	0.16
M1008I	0.02	0.01	0.00	0.26	0.22	0.03	0.09	0.05	0.19
M1008V	0.02	0.01	0.00	0.26	0.21	0.03	0.07	0.05	0.17
M1014L	0.01	0.01	0.00	0.25	0.21	0.02	0.12	0.02	0.18
R1028H	0.00	0.00	0.00	0.25	0.15	0.02	0.30	0.01	0.21
E1038G	0.00	0.00	0.00	0.26	0.22	0.02	0.26	0.03	0.25
S1040N	0.00	0.00	0.00	0.24	0.22	0.02	0.26	0.03	0.45
I1044V	0.00	0.00	0.00	0.28	0.23	0.02	0.24	0.01	0.25
S1056P	0.01	0.00	0.01	0.26	0.18	0.02	0.24	0.02	0.13
I1058V	0.02	0.01	0.01	0.27	0.20	0.02	0.28	0.02	0.16
G1062V	0.03	0.00	0.03	0.27	0.38	0.02	0.27	0.04	0.16
R1074G	0.06	0.02	0.01	0.26	0.26	0.05	0.26	0.04	0.13
R1076I	0.10	0.02	0.01	0.26	0.39	0.06	0.30	0.03	0.12
L1084I	0.01	0.02	0.00	0.26	0.28	0.04	0.18	0.01	0.12
P1099L	0.07	0.03	0.00	0.25	0.31	0.01	0.12	0.04	0.12
S1101N	0.06	0.03	0.00	0.25	0.28	0.01	0.08	0.05	0.10
N1102S	0.06	0.03	0.00	0.27	0.32	0.02	0.08	0.05	0.11
K1109N	0.15	0.03	0.02	0.25	0.29	0.05	0.16	0.08	0.19
Q1118H	0.13	0.02	0.02	0.25	0.23	0.04	0.20	0.08	0.19
Q1135E	0.01	0.02	0.00	0.25	0.28	0.02	0.25	0.02	0.04
P1136R	0.03	0.02	0.00	0.26	0.31	0.02	0.20	0.03	0.08
M1137I	0.04	0.02	0.00	0.25	0.33	0.02	0.26	0.03	0.03
M1137V	0.03	0.02	0.00	0.25	0.29	0.02	0.21	0.03	0.03
S1140G	0.03	0.01	0.00	0.25	0.35	0.01	0.11	0.04	0.05
S1147Y	0.06	0.06	0.04	0.25	0.54	0.03	0.37	0.18	0.25
D1155H	0.32	0.03	0.01	0.26	0.34	0.05	0.34	0.15	0.20
D1169Y	0.13	0.04	0.00	0.26	0.45	0.03	0.43	0.11	0.29
S1178N	0.05	0.01	0.00	0.26	0.34	0.03	0.26	0.02	0.21
K1183R	0.02	0.01	0.00	0.23	0.20	0.02	0.27	0.01	0.21
T1194I	0.00	0.00	0.00	0.24	0.39	0.01	0.29	0.03	0.25
T1196I	0.00	0.00	0.00	0.25	0.41	0.01	0.23	0.03	0.23
R1203Q	0.00	0.00	0.00	0.26	0.20	0.01	0.15	0.00	0.23
E1214K	0.02	0.01	0.00	0.25	0.25	0.02	0.16	0.02	0.22
E1222D	0.00	0.01	0.00	0.24	0.31	0.01	0.20	0.03	0.08
Q1227H	0.00	0.01	0.00	0.26	0.25	0.01	0.24	0.14	0.02
P1238L	0.00	0.01	0.00	0.26	0.33	0.02	0.11	0.01	0.17
V1247I	0.00	0.01	0.00	0.25	0.27	0.02	0.10	0.01	0.17
E1250K	0.01	0.00	0.00	0.26	0.26	0.05	0.10	0.01	0.13
S1266I	0.00	0.00	0.00	0.26	0.58	0.05	0.34	0.02	0.13
S1266T	0.00	0.00	0.00	0.26	0.32	0.08	0.24	0.01	0.13
A1279S	0.00	0.00	0.00	0.26	0.22	0.02	0.19	0.05	0.16
Q1281P	0.00	0.00	0.00	0.26	0.20	0.02	0.15	0.06	0.36
S1286T	0.00	0.00	0.00	0.25	0.19	0.01	0.09	0.05	0.15
Q1299R	0.00	0.01	0.00	0.26	0.17	0.01	0.14	0.01	0.17
S1301N	0.00	0.01	0.00	0.25	0.23	0.02	0.13	0.02	0.09
I1318V	0.00	0.00	0.00	0.25	0.18	0.03	0.26	0.01	0.13
G1332V	0.00	0.00	0.00	0.26	0.22	0.02	0.12	0.00	0.26
E1339G	0.02	0.00	0.00	0.27	0.23	0.02	0.17	0.06	0.26
R1347G	0.05	0.00	0.00	0.27	0.30	0.02	0.16	0.07	0.26
T1349M	0.05	0.00	0.01	0.26	0.25	0.02	0.19	0.06	0.10
T1349R	0.05	0.01	0.01	0.27	0.25	0.02	0.16	0.06	0.14
N1355D	0.05	0.01	0.01	0.26	0.25	0.01	0.14	0.06	0.21
M1361L	0.03	0.00	0.01	0.25	0.24	0.01	0.17	0.04	0.21
S1363L	0.02	0.00	0.01	0.26	0.23	0.01	0.17	0.04	0.21
D1398G	0.02	0.02	0.00	0.24	0.26	0.82	0.30	0.08	0.11
H1402Y	0.02	0.03	0.00	0.23	0.41	0.05	0.38	0.08	0.12
E1415Q	0.02	0.00	0.00	0.22	0.23	0.13	0.23	0.03	0.03
L1418S	0.02	0.02	0.00	0.25	0.29	0.78	0.14	0.03	0.08
E1419Q	0.01	0.01	0.00	0.26	0.22	0.90	0.13	0.02	0.10
G1422E	0.00	0.02	0.00	0.25	0.22	0.31	0.13	0.03	0.12
S1431F	0.00	0.02	0.00	0.27	0.36	0.01	0.35	0.01	0.20
E1440G	0.01	0.01	0.00	0.27	0.19	0.02	0.26	0.01	0.12
P1445T	0.02	0.01	0.00	0.26	0.22	0.02	0.26	0.02	0.13
S1460N	0.00	0.00	0.00	0.26	0.24	0.01	0.23	0.00	0.23
N1468H	0.00	0.00	0.00	0.24	0.20	0.01	0.25	0.00	0.23
T1485I	0.00	0.01	0.00	0.25	0.28	0.02	0.24	0.01	0.32
K1487R	0.00	0.01	0.00	0.25	0.28	0.02	0.11	0.01	0.24
R1495T	0.00	0.02	0.00	0.25	0.23	0.02	0.18	0.01	0.30
P1502S	0.00	0.00	0.00	0.24	0.23	0.02	0.18	0.01	0.26
S1512I	0.00	0.00	0.00	0.27	0.56	0.01	0.29	0.02	0.18
S1514F	0.00	0.00	0.00	0.27	0.55	0.01	0.26	0.02	0.19
Q1518E	0.00	0.00	0.00	0.25	0.26	0.01	0.24	0.00	0.12
P1523L	0.02	0.00	0.00	0.29	0.40	0.01	0.33	0.01	0.21
Q1525R	0.02	0.00	0.00	0.27	0.26	0.01	0.25	0.01	0.18
V1534M	0.02	0.00	0.00	0.28	0.33	0.02	0.11	0.03	0.18
L1539P	0.03	0.02	0.00	0.26	0.42	0.92	0.07	0.03	0.05
P1544L	0.03	0.02	0.00	0.29	0.34	0.02	0.12	0.03	0.05
D1546N	0.03	0.02	0.00	0.27	0.22	0.02	0.11	0.03	0.06
D1546Y	0.03	0.02	0.00	0.26	0.40	0.02	0.16	0.03	0.13
D1557G	0.00	0.00	0.00	0.26	0.18	0.01	0.27	0.01	0.21
E1559K	0.01	0.00	0.00	0.24	0.17	0.01	0.26	0.01	0.28
E1559Q	0.01	0.00	0.00	0.24	0.17	0.01	0.26	0.01	0.24
L1564P	0.02	0.00	0.00	0.26	0.22	0.01	0.43	0.02	0.30
S1595P	0.00	0.00	0.00	0.25	0.20	0.02	0.15	0.01	0.17
S1613G	0.09	0.00	0.00	0.25	0.26	0.09	0.20	0.18	0.18
P1614L	0.10	0.00	0.01	0.26	0.41	0.09	0.27	0.20	0.17
P1614S	0.10	0.00	0.00	0.25	0.21	0.09	0.20	0.22	0.18
Y1625C	0.04	0.00	0.00	0.25	0.18	0.29	0.27	0.12	0.45
M1628I	0.04	0.00	0.00	0.24	0.32	0.62	0.34	0.04	0.27
M1628T	0.04	0.00	0.00	0.24	0.20	0.29	0.25	0.04	0.26
P1637L	0.01	0.00	0.00	0.25	0.39	0.51	0.28	0.01	0.25
E1644G	0.02	0.03	0.00	0.25	0.35	0.23	0.21	0.01	0.18
S1651P	0.02	0.07	0.00	0.24	0.28	0.04	0.20	0.02	0.18
M1652I	0.02	0.08	0.00	0.26	0.34	0.04	0.24	0.03	0.16
M1652T	0.02	0.07	0.00	0.25	0.36	0.04	0.21	0.03	0.16
F1662S	0.03	0.05	0.00	0.27	0.25	0.03	0.18	0.03	0.15
L1664P	0.03	0.04	0.00	0.32	0.18	0.03	0.21	0.04	0.11
Y1666C	0.02	0.04	0.00	0.27	0.13	0.03	0.24	0.03	0.13
E1682K	0.05	0.16	0.03	0.27	0.17	0.13	0.19	0.22	0.10
T1685A	0.07	0.16	0.03	0.27	0.17	0.18	0.21	0.22	0.06
T1685I	0.07	0.16	0.03	0.26	0.18	0.16	0.20	0.22	0.06
D1692N	0.11	0.16	0.02	0.27	0.20	0.17	0.22	0.08	0.11
D1692V	0.10	0.16	0.02	0.28	0.21	0.18	0.22	0.07	0.13
R1699W	0.12	0.07	0.00	0.29	0.20	0.21	0.31	0.08	0.15
L1701M	0.11	0.06	0.00	0.26	0.22	0.21	0.27	0.08	0.13
L1705V	0.04	0.04	0.00	0.27	0.14	0.22	0.26	0.02	0.12
G1706A	0.04	0.04	0.00	0.28	0.14	0.21	0.26	0.02	0.13
G1706E	0.05	0.04	0.00	0.29	0.14	0.22	0.26	0.02	0.12
A1708E	0.05	0.07	0.00	0.26	0.18	0.20	0.27	0.02	0.14
A1708T	0.04	0.05	0.00	0.27	0.15	0.11	0.26	0.02	0.07
S1715R	0.03	0.04	0.00	0.25	0.13	0.11	0.27	0.02	0.25
W1718C	0.02	0.04	0.00	0.29	0.12	0.07	0.39	0.01	0.07
T1720A	0.02	0.04	0.00	0.28	0.16	0.06	0.26	0.03	0.07
Q1721E	0.03	0.04	0.00	0.27	0.22	0.07	0.26	0.03	0.09
L1729Q	0.12	0.12	0.00	0.25	0.34	0.14	0.26	0.26	0.10
G1738R	0.15	0.25	0.03	0.25	0.23	0.14	0.26	0.19	0.25
R1751Q	0.08	0.27	0.06	0.27	0.26	0.06	0.40	0.20	0.20
R1762M	0.07	0.08	0.02	0.29	0.25	0.29	0.25	0.24	0.09
L1764P	0.08	0.09	0.05	0.26	0.23	0.27	0.25	0.32	0.09
I1766S	0.11	0.11	0.04	0.26	0.19	0.29	0.29	0.26	0.08
G1770V	0.07	0.11	0.04	0.25	0.16	0.29	0.24	0.27	0.04
M1775K	0.07	0.13	0.02	0.25	0.21	0.26	0.16	0.03	0.05
M1775R	0.06	0.14	0.01	0.25	0.18	0.27	0.16	0.03	0.18
M1783I	0.03	0.10	0.00	0.26	0.15	0.13	0.26	0.12	0.05
M1783L	0.03	0.09	0.00	0.26	0.15	0.14	0.24	0.12	0.05
C1787S	0.07	0.10	0.01	0.26	0.20	0.18	0.23	0.13	0.04
G1788V	0.03	0.05	0.00	0.26	0.13	0.10	0.19	0.12	0.07
V1804D	0.16	0.04	0.00	0.25	0.21	0.33	0.19	0.38	0.05
A1823T	0.21	0.11	0.00	0.25	0.21	0.27	0.23	0.29	0.04
V1838E	0.08	0.14	0.02	0.26	0.14	0.29	0.27	0.08	0.09
A1843E	0.17	0.05	0.02	0.26	0.11	0.30	0.27	0.10	0.11
L1844I	0.15	0.05	0.02	0.28	0.12	0.26	0.25	0.14	0.11
Q1846H	0.16	0.07	0.00	0.27	0.13	0.28	0.25	0.34	0.10
T1852I	0.13	0.09	0.00	0.25	0.19	0.25	0.31	0.13	0.10
P1856S	0.30	0.09	0.00	0.25	0.27	0.26	0.25	0.27	0.07
I1858L	0.27	0.10	0.00	0.25	0.25	0.24	0.28	0.29	0.07
P1859R	0.24	0.05	0.00	0.23	0.30	0.25	0.26	0.40	0.09
Y1863D	0.27	0.06	0.00	0.18	0.28	0.28	0.58	0.33	0.08
