# Variant	Relative_solvent_accessibility	Allosteric_site	Catalytic_site	Altered Secondary_structure	Altered Stability_and_conformational_flexibility	Altered Special_structural_signatures	Altered Macromolecular_binding	Altered Metal_binding	Altered PTM_site
T10K	0.16	0.11	0.00	0.28	0.30	0.06	0.31	0.04	0.12
E13K	0.27	0.11	0.00	0.27	0.19	0.09	0.28	0.04	0.54
R18H	0.29	0.08	0.01	0.26	0.19	0.11	0.27	0.44	0.15
S28N	0.09	0.04	0.01	0.25	0.29	0.04	0.30	0.06	0.04
W31C	0.05	0.04	0.00	0.25	0.44	0.02	0.43	0.03	0.04
W31L	0.05	0.04	0.00	0.25	0.42	0.02	0.28	0.03	0.05
S36F	0.03	0.05	0.00	0.25	0.45	0.02	0.35	0.04	0.04
Y42C	0.02	0.02	0.00	0.26	0.23	0.02	0.22	0.02	0.17
N56T	0.01	0.00	0.00	0.25	0.26	0.01	0.30	0.02	0.22
T64I	0.01	0.02	0.00	0.25	0.35	0.02	0.46	0.01	0.19
R67T	0.04	0.02	0.00	0.27	0.27	0.04	0.27	0.01	0.25
N72S	0.05	0.02	0.00	0.26	0.32	0.05	0.25	0.03	0.19
A75P	0.04	0.02	0.00	0.28	0.46	0.05	0.32	0.02	0.13
F81V	0.02	0.02	0.00	0.26	0.20	0.04	0.38	0.02	0.12
N108S	0.07	0.03	0.00	0.26	0.33	0.03	0.12	0.01	0.23
L135Q	0.01	0.00	0.00	0.23	0.40	0.02	0.18	0.01	0.04
P153S	0.00	0.01	0.00	0.24	0.25	0.03	0.09	0.04	0.13
R155K	0.00	0.01	0.00	0.24	0.29	0.03	0.10	0.03	0.15
H166L	0.02	0.02	0.00	0.23	0.28	0.02	0.13	0.10	0.11
P168T	0.02	0.02	0.00	0.24	0.28	0.02	0.11	0.09	0.12
G173V	0.03	0.02	0.00	0.24	0.32	0.02	0.11	0.01	0.13
S183N	0.07	0.04	0.06	0.25	0.36	0.02	0.14	0.09	0.14
L184V	0.06	0.03	0.07	0.25	0.26	0.02	0.14	0.08	0.11
E187K	0.07	0.03	0.06	0.26	0.26	0.02	0.15	0.08	0.22
D189G	0.03	0.04	0.02	0.25	0.29	0.03	0.18	0.07	0.05
D191V	0.03	0.04	0.02	0.25	0.40	0.03	0.18	0.07	0.05
S196I	0.03	0.04	0.02	0.24	0.48	0.03	0.21	0.07	0.12
S196N	0.03	0.05	0.02	0.24	0.36	0.04	0.18	0.09	0.13
T207A	0.02	0.03	0.00	0.23	0.30	0.10	0.14	0.05	0.13
V208G	0.03	0.03	0.01	0.23	1.00	0.11	0.14	0.06	0.13
F221L	0.07	0.02	0.00	0.26	0.26	0.13	0.15	0.26	0.11
A227V	0.07	0.04	0.00	0.26	0.26	0.05	0.14	0.26	0.13
N235K	0.02	0.06	0.00	0.27	0.29	0.02	0.20	0.10	0.33
N289H	0.12	0.05	0.00	0.25	0.23	0.04	0.25	0.17	0.12
V290G	0.11	0.05	0.00	0.27	0.32	0.04	0.27	0.09	0.12
T302N	0.11	0.02	0.00	0.25	0.27	0.04	0.20	0.13	0.13
L310V	0.02	0.02	0.00	0.26	0.27	0.02	0.20	0.02	0.15
S326N	0.01	0.02	0.00	0.27	0.20	0.02	0.26	0.00	0.18
S326R	0.01	0.02	0.00	0.30	0.20	0.03	0.45	0.00	0.19
H334Q	0.02	0.02	0.00	0.27	0.19	0.05	0.31	0.03	0.15
A336T	0.03	0.01	0.00	0.27	0.19	0.03	0.26	0.03	0.13
K345R	0.03	0.01	0.00	0.26	0.25	0.02	0.09	0.03	0.12
P365L	0.02	0.01	0.00	0.26	0.29	0.03	0.27	0.02	0.21
N372H	0.05	0.02	0.00	0.25	0.21	0.03	0.31	0.03	0.18
P375S	0.07	0.03	0.00	0.27	0.21	0.03	0.29	0.02	0.35
E377D	0.05	0.02	0.00	0.25	0.25	0.03	0.25	0.03	0.22
E377K	0.05	0.02	0.00	0.26	0.23	0.03	0.28	0.02	0.24
K382N	0.06	0.02	0.00	0.27	0.29	0.04	0.19	0.02	0.20
S384F	0.02	0.02	0.00	0.25	0.45	0.03	0.19	0.01	0.21
L400P	0.00	0.05	0.00	0.26	0.23	0.01	0.19	0.01	0.05
C419R	0.00	0.02	0.01	0.24	0.37	0.02	0.23	0.05	0.17
E443D	0.00	0.02	0.00	0.26	0.19	0.02	0.24	0.01	0.30
P447L	0.00	0.02	0.00	0.27	0.19	0.17	0.41	0.00	0.32
S451N	0.00	0.01	0.00	0.25	0.23	0.02	0.24	0.01	0.32
L452I	0.00	0.01	0.00	0.26	0.24	0.02	0.26	0.01	0.23
E462G	0.00	0.02	0.00	0.25	0.33	0.03	0.08	0.01	0.18
A495P	0.01	0.02	0.00	0.27	0.31	0.02	0.17	0.02	0.19
S504C	0.01	0.02	0.00	0.28	0.39	0.02	0.37	0.01	0.12
K513R	0.02	0.02	0.00	0.25	0.27	0.02	0.28	0.02	0.22
T515I	0.02	0.03	0.00	0.25	0.39	0.02	0.31	0.01	0.20
S519G	0.00	0.02	0.00	0.25	0.33	0.02	0.13	0.06	0.15
T525S	0.01	0.02	0.00	0.25	0.20	0.02	0.13	0.06	0.20
N528S	0.01	0.01	0.00	0.25	0.21	0.02	0.07	0.06	0.22
K531E	0.01	0.00	0.00	0.26	0.23	0.02	0.07	0.02	0.23
I542T	0.00	0.01	0.00	0.26	0.46	0.02	0.06	0.03	0.08
H543Y	0.00	0.02	0.00	0.28	0.40	0.02	0.16	0.04	0.15
K549E	0.00	0.01	0.00	0.25	0.23	0.04	0.11	0.03	0.08
C554W	0.01	0.01	0.00	0.25	0.23	0.14	0.27	0.05	0.07
A565V	0.07	0.04	0.00	0.27	0.18	0.11	0.21	0.03	0.13
V572L	0.07	0.04	0.00	0.28	0.18	0.12	0.21	0.03	0.16
S581F	0.14	0.07	0.00	0.25	0.25	0.07	0.30	0.04	0.22
T582P	0.14	0.08	0.00	0.27	0.25	0.09	0.26	0.05	0.21
T587R	0.14	0.13	0.00	0.26	0.23	0.09	0.33	0.06	0.21
I594L	0.07	0.14	0.00	0.26	0.23	0.07	0.31	0.28	0.17
I594V	0.07	0.15	0.00	0.26	0.32	0.08	0.36	0.26	0.17
H595R	0.06	0.11	0.00	0.26	0.23	0.06	0.28	0.42	0.18
G602R	0.06	0.07	0.00	0.28	0.26	0.06	0.24	0.16	0.14
N623D	0.05	0.02	0.00	0.25	0.22	0.01	0.15	0.02	0.07
T630I	0.05	0.02	0.00	0.24	0.31	0.02	0.21	0.01	0.04
A632G	0.03	0.01	0.00	0.25	0.26	0.02	0.15	0.01	0.11
S646R	0.01	0.02	0.00	0.26	0.32	0.04	0.21	0.01	0.22
P655R	0.00	0.01	0.00	0.26	0.25	0.03	0.28	0.01	0.28
R668K	0.00	0.00	0.00	0.25	0.28	0.02	0.20	0.01	0.16
T675R	0.00	0.02	0.00	0.30	0.28	0.02	0.20	0.02	0.18
A691V	0.06	0.03	0.00	0.27	0.29	0.02	0.19	0.03	0.24
V733I	0.02	0.02	0.00	0.25	0.29	0.04	0.35	0.13	0.23
A736T	0.02	0.02	0.00	0.28	0.26	0.03	0.14	0.15	0.04
S755C	0.04	0.05	0.00	0.25	0.33	0.05	0.21	0.04	0.11
E764Q	0.00	0.04	0.00	0.24	0.21	0.05	0.20	0.11	0.15
T772I	0.00	0.03	0.00	0.24	0.19	0.02	0.21	0.02	0.23
N781K	0.00	0.01	0.00	0.25	0.26	0.02	0.16	0.01	0.21
V783G	0.00	0.02	0.00	0.26	1.00	0.02	0.13	0.01	0.13
M784V	0.00	0.04	0.00	0.25	0.31	0.02	0.13	0.01	0.14
G788D	0.00	0.03	0.00	0.27	0.31	0.02	0.14	0.01	0.21
S795A	0.06	0.02	0.00	0.25	0.42	0.02	0.11	0.01	0.21
N801D	0.06	0.03	0.00	0.25	0.25	0.01	0.15	0.04	0.23
D806H	0.06	0.02	0.00	0.25	0.35	0.03	0.18	0.03	0.24
T810A	0.04	0.01	0.00	0.26	0.26	0.03	0.18	0.02	0.18
L824S	0.02	0.03	0.00	0.26	0.41	0.02	0.12	0.04	0.18
V842L	0.00	0.02	0.00	0.25	0.26	0.03	0.13	0.01	0.22
Q853R	0.03	0.01	0.00	0.26	0.25	0.06	0.28	0.01	0.15
K862R	0.05	0.00	0.00	0.25	0.26	0.07	0.21	0.05	0.13
Q864L	0.10	0.00	0.00	0.25	0.44	0.07	0.22	0.05	0.10
V894I	0.15	0.06	0.00	0.26	0.19	0.12	0.25	0.07	0.13
N900H	0.13	0.06	0.00	0.27	0.20	0.12	0.25	0.12	0.13
H910R	0.05	0.03	0.00	0.28	0.18	0.03	0.12	0.09	0.08
L929S	0.15	0.06	0.00	0.25	0.43	0.05	0.21	0.06	0.22
Y930C	0.13	0.06	0.00	0.27	0.22	0.04	0.17	0.07	0.33
K945N	0.10	0.07	0.00	0.27	0.15	0.04	0.16	0.02	0.29
D946E	0.05	0.07	0.00	0.26	0.14	0.03	0.14	0.01	0.27
D946V	0.05	0.07	0.00	0.26	0.14	0.03	0.16	0.01	0.34
V950D	0.11	0.07	0.00	0.25	0.24	0.03	0.14	0.02	0.29
H962Y	0.02	0.03	0.00	0.26	0.23	0.02	0.17	0.04	0.28
K972R	0.02	0.02	0.00	0.25	0.19	0.03	0.25	0.01	0.19
I975F	0.04	0.03	0.00	0.26	0.18	0.07	0.30	0.02	0.16
I975T	0.05	0.02	0.00	0.26	0.28	0.07	0.38	0.02	0.17
S976F	0.04	0.03	0.00	0.27	0.21	0.13	0.35	0.02	0.16
N987I	0.07	0.06	0.00	0.25	0.26	0.08	0.41	0.03	0.26
N991D	0.04	0.12	0.00	0.26	0.21	0.08	0.28	0.03	0.27
A994V	0.04	0.14	0.00	0.24	0.15	0.08	0.27	0.02	0.26
H1003D	0.07	0.06	0.00	0.26	0.23	0.06	0.17	0.07	0.12
S1004G	0.06	0.11	0.00	0.25	0.25	0.06	0.17	0.05	0.11
L1019V	0.18	0.09	0.00	0.26	0.26	0.09	0.25	0.17	0.22
I1024V	0.21	0.17	0.00	0.25	0.25	0.10	0.22	0.16	0.20
A1052T	0.00	0.02	0.00	0.26	0.26	0.15	0.27	0.01	0.13
A1052V	0.00	0.02	0.00	0.26	0.25	0.13	0.26	0.01	0.13
N1055K	0.00	0.02	0.00	0.27	0.28	0.13	0.25	0.01	0.18
S1069F	0.00	0.02	0.00	0.27	0.34	0.13	0.21	0.11	0.17
H1071R	0.00	0.01	0.00	0.26	0.25	0.03	0.10	0.10	0.24
V1076I	0.00	0.00	0.00	0.27	0.29	0.02	0.09	0.10	0.06
C1081Y	0.00	0.01	0.00	0.26	0.33	0.01	0.13	0.07	0.16
N1102Y	0.02	0.04	0.00	0.25	0.48	0.02	0.15	0.03	0.24
S1106R	0.03	0.04	0.00	0.24	0.36	0.02	0.14	0.03	0.16
E1110G	0.04	0.03	0.00	0.25	0.36	0.02	0.14	0.03	0.16
P1133S	0.03	0.03	0.00	0.25	0.29	0.01	0.23	0.02	0.10
I1136V	0.02	0.03	0.00	0.26	0.24	0.02	0.24	0.01	0.12
E1146V	0.04	0.03	0.02	0.25	0.20	0.07	0.20	0.06	0.06
C1159G	0.08	0.03	0.02	0.25	0.26	0.08	0.15	0.07	0.08
S1172L	0.02	0.02	0.00	0.24	0.23	0.02	0.18	0.02	0.15
R1190W	0.08	0.02	0.00	0.27	0.17	0.19	0.19	0.01	0.15
G1194D	0.10	0.02	0.00	0.26	0.18	0.17	0.16	0.05	0.15
N1228D	0.06	0.05	0.00	0.27	0.17	0.04	0.15	0.05	0.11
A1253V	0.08	0.01	0.00	0.26	0.30	0.04	0.15	0.03	0.11
S1259R	0.00	0.00	0.00	0.29	0.39	0.02	0.07	0.02	0.17
C1265S	0.00	0.00	0.00	0.25	0.48	0.02	0.06	0.02	0.17
V1270I	0.00	0.00	0.00	0.26	0.27	0.01	0.21	0.01	0.12
E1276K	0.01	0.01	0.00	0.26	0.27	0.02	0.21	0.05	0.15
D1280V	0.03	0.01	0.00	0.27	0.37	0.05	0.19	0.05	0.16
V1283A	0.03	0.01	0.00	0.26	0.28	0.11	0.16	0.05	0.18
S1284R	0.04	0.01	0.00	0.27	0.33	0.08	0.16	0.05	0.16
C1290Y	0.04	0.01	0.00	0.27	0.28	0.11	0.41	0.03	0.19
I1293L	0.04	0.01	0.00	0.25	0.27	0.08	0.22	0.02	0.08
M1300I	0.03	0.01	0.00	0.25	0.24	0.09	0.25	0.03	0.04
V1306I	0.04	0.01	0.00	0.26	0.27	0.08	0.42	0.05	0.05
T1317S	0.01	0.01	0.00	0.25	0.27	0.02	0.14	0.02	0.26
E1320K	0.00	0.01	0.00	0.32	0.25	0.02	0.14	0.01	0.27
N1322T	0.00	0.01	0.00	0.26	0.26	0.02	0.15	0.01	0.25
H1332D	0.01	0.00	0.00	0.25	0.23	0.03	0.14	0.01	0.38
H1332R	0.00	0.00	0.00	0.24	0.20	0.02	0.16	0.01	0.30
I1349T	0.00	0.03	0.00	0.25	1.00	0.03	0.20	0.04	0.19
T1354M	0.00	0.03	0.00	0.26	0.20	0.02	0.18	0.05	0.21
N1363S	0.00	0.02	0.00	0.24	0.20	0.01	0.11	0.05	0.07
I1364L	0.00	0.02	0.00	0.25	0.17	0.01	0.11	0.05	0.07
C1365Y	0.00	0.03	0.00	0.26	0.13	0.01	0.19	0.05	0.29
S1369P	0.00	0.02	0.00	0.26	0.18	0.02	0.07	0.00	0.13
K1374E	0.00	0.02	0.00	0.27	0.21	0.02	0.06	0.00	0.15
F1389V	0.03	0.01	0.00	0.26	0.21	0.03	0.18	0.02	0.11
V1392I	0.02	0.01	0.00	0.26	0.26	0.03	0.29	0.03	0.10
Q1396R	0.02	0.02	0.00	0.25	0.31	0.02	0.10	0.05	0.14
C1399R	0.02	0.01	0.00	0.25	0.35	0.03	0.08	0.05	0.14
N1402H	0.02	0.01	0.00	0.25	0.28	0.06	0.06	0.09	0.16
T1414A	0.02	0.00	0.00	0.26	0.28	0.14	0.23	0.01	0.22
T1414M	0.02	0.00	0.00	0.25	0.34	0.11	0.23	0.01	0.24
E1415G	0.03	0.00	0.00	0.26	0.35	0.06	0.24	0.01	0.28
D1420Y	0.02	0.00	0.00	0.24	0.49	0.06	0.32	0.01	0.15
F1421L	0.03	0.00	0.00	0.24	0.29	0.15	0.21	0.01	0.16
I1436T	0.03	0.03	0.00	0.27	0.42	0.03	0.17	0.02	0.17
V1438I	0.04	0.03	0.00	0.25	0.25	0.03	0.30	0.02	0.16
K1440N	0.04	0.03	0.00	0.27	0.27	0.03	0.18	0.03	0.22
Q1452R	0.02	0.02	0.00	0.25	0.23	0.02	0.12	0.01	0.21
K1453E	0.02	0.02	0.00	0.26	0.26	0.02	0.11	0.02	0.24
K1472E	0.00	0.02	0.00	0.27	0.25	0.02	0.13	0.02	0.23
T1505A	0.00	0.03	0.00	0.25	0.25	0.02	0.08	0.00	0.04
G1508R	0.00	0.03	0.00	0.29	0.26	0.02	0.09	0.01	0.10
G1523S	0.03	0.14	0.01	0.25	0.31	0.02	0.14	0.18	0.17
F1524V	0.03	0.14	0.02	0.26	0.26	0.02	0.12	0.18	0.10
G1529R	0.09	0.15	0.01	0.25	0.26	0.06	0.23	0.19	0.38
I1534T	0.21	0.05	0.00	0.26	0.53	0.05	0.24	0.09	0.28
E1537K	0.21	0.06	0.00	0.25	0.28	0.05	0.27	0.09	0.44
F1546S	0.17	0.05	0.00	0.24	0.53	0.09	0.36	0.04	0.27
E1550G	0.14	0.05	0.00	0.27	0.30	0.06	0.31	0.03	0.26
E1550Q	0.14	0.05	0.00	0.26	0.28	0.06	0.25	0.03	0.26
F1559C	0.03	0.04	0.00	0.26	0.25	0.02	0.12	0.04	0.09
K1568R	0.01	0.03	0.00	0.25	0.14	0.18	0.13	0.00	0.15
I1583V	0.09	0.01	0.00	0.27	0.15	0.16	0.07	0.04	0.05
N1599S	0.04	0.00	0.00	0.26	0.28	0.11	0.13	0.01	0.17
D1618E	0.00	0.01	0.00	0.25	0.31	0.02	0.12	0.01	0.17
C1621F	0.00	0.01	0.00	0.26	0.27	0.02	0.25	0.01	0.11
I1633V	0.01	0.01	0.00	0.28	0.31	0.02	0.13	0.01	0.16
E1644Q	0.00	0.01	0.00	0.26	0.29	0.02	0.07	0.02	0.14
N1657D	0.00	0.02	0.00	0.26	0.24	0.02	0.14	0.02	0.22
I1664T	0.03	0.03	0.00	0.26	0.36	0.03	0.13	0.03	0.21
Y1672H	0.03	0.13	0.03	0.25	0.25	0.03	0.23	0.05	0.16
T1679P	0.11	0.15	0.02	0.25	0.26	0.03	0.22	0.05	0.16
K1690N	0.11	0.04	0.00	0.26	0.18	0.05	0.17	0.02	0.11
E1695V	0.07	0.02	0.00	0.28	0.16	0.02	0.17	0.01	0.10
I1705M	0.02	0.02	0.00	0.26	0.20	0.03	0.14	0.01	0.27
S1733F	0.00	0.00	0.00	0.25	0.61	0.07	0.28	0.09	0.22
Y1762C	0.01	0.00	0.00	0.26	0.23	0.02	0.16	0.01	0.62
Y1762S	0.01	0.00	0.00	0.25	0.32	0.02	0.16	0.01	0.32
G1771D	0.04	0.02	0.00	0.26	0.34	0.04	0.16	0.01	0.24
G1771V	0.04	0.02	0.00	0.27	0.33	0.03	0.15	0.01	0.26
V1779I	0.02	0.01	0.00	0.23	0.27	0.03	0.18	0.02	0.16
D1781G	0.02	0.01	0.00	0.24	0.27	0.03	0.11	0.02	0.23
K1783E	0.02	0.02	0.00	0.25	0.25	0.03	0.15	0.02	0.25
N1784H	0.02	0.02	0.00	0.23	0.28	0.03	0.15	0.04	0.25
D1796Y	0.03	0.02	0.00	0.25	0.27	0.03	0.21	0.01	0.38
Q1802R	0.03	0.02	0.00	0.23	0.21	0.04	0.08	0.02	0.22
E1806D	0.03	0.00	0.00	0.23	0.22	0.04	0.08	0.02	0.08
P1819S	0.08	0.01	0.00	0.22	0.30	0.09	0.11	0.02	0.20
N1822I	0.07	0.00	0.00	0.25	0.36	0.13	0.27	0.03	0.16
L1829F	0.09	0.01	0.00	0.26	0.24	0.14	0.20	0.05	0.16
I1851M	0.08	0.05	0.00	0.25	0.14	0.04	0.18	0.18	0.16
C1853L	0.13	0.04	0.00	0.25	0.13	0.04	0.21	0.54	0.18
D1864G	0.08	0.09	0.00	0.29	0.18	0.04	0.34	0.09	0.18
N1878D	0.05	0.03	0.00	0.26	0.27	0.08	0.13	0.03	0.14
S1882P	0.04	0.02	0.00	0.25	0.29	0.05	0.20	0.01	0.13
C1893G	0.03	0.02	0.00	0.26	0.21	0.08	0.21	0.02	0.26
A1896E	0.03	0.02	0.00	0.26	0.31	0.06	0.27	0.03	0.19
D1898Y	0.03	0.02	0.00	0.27	0.28	0.04	0.40	0.02	0.35
D1902N	0.02	0.02	0.00	0.26	0.24	0.03	0.25	0.03	0.13
L1904V	0.02	0.02	0.00	0.26	0.26	0.03	0.29	0.03	0.13
D1909G	0.01	0.02	0.00	0.27	0.29	0.03	0.19	0.03	0.13
C1913Y	0.01	0.02	0.00	0.27	0.27	0.02	0.15	0.12	0.21
T1915M	0.01	0.02	0.00	0.27	0.26	0.02	0.09	0.13	0.15
H1918Y	0.02	0.04	0.00	0.26	0.33	0.02	0.13	0.11	0.29
I1929V	0.00	0.00	0.00	0.23	0.27	0.02	0.13	0.01	0.14
T1954I	0.02	0.00	0.00	0.22	0.32	0.05	0.07	0.03	0.10
K1967M	0.00	0.00	0.00	0.28	0.38	0.02	0.05	0.01	0.10
T1980P	0.02	0.03	0.00	0.26	0.27	0.02	0.13	0.02	0.12
V1988I	0.03	0.02	0.00	0.26	0.29	0.03	0.12	0.03	0.13
Q1998E	0.02	0.01	0.00	0.26	0.27	0.03	0.16	0.01	0.13
Q1998R	0.01	0.01	0.00	0.25	0.27	0.03	0.16	0.01	0.15
D2005Y	0.01	0.02	0.00	0.26	0.45	0.02	0.15	0.01	0.21
H2021R	0.00	0.02	0.00	0.26	0.30	0.01	0.12	0.01	0.16
E2028G	0.01	0.02	0.00	0.30	0.31	0.03	0.15	0.01	0.10
R2034C	0.00	0.01	0.00	0.26	0.32	0.11	0.16	0.02	0.15
P2036S	0.00	0.00	0.00	0.27	0.29	0.10	0.18	0.01	0.13
E2037D	0.00	0.00	0.00	0.25	0.23	0.10	0.16	0.02	0.15
I2040L	0.00	0.00	0.00	0.25	0.22	0.11	0.17	0.01	0.14
Y2047C	0.00	0.00	0.00	0.26	0.20	0.05	0.16	0.02	0.34
N2048I	0.00	0.00	0.00	0.26	0.19	0.03	0.18	0.02	0.23
N2048K	0.00	0.00	0.00	0.27	0.19	0.03	0.16	0.02	0.23
V2050I	0.00	0.03	0.00	0.26	0.21	0.02	0.21	0.02	0.23
N2051S	0.00	0.03	0.00	0.28	0.30	0.02	0.13	0.02	0.23
E2070G	0.08	0.03	0.00	0.25	0.24	0.03	0.12	0.10	0.10
H2074N	0.09	0.04	0.00	0.23	0.22	0.04	0.16	0.10	0.12
G2078R	0.07	0.03	0.00	0.19	0.19	0.03	0.17	0.10	0.16
R2108H	0.00	0.00	0.00	0.24	0.30	0.03	0.15	0.01	0.22
N2113S	0.00	0.00	0.00	0.26	0.32	0.02	0.09	0.04	1.00
H2116L	0.00	0.00	0.00	0.24	0.30	0.02	0.10	0.04	0.21
H2116R	0.00	0.00	0.00	0.24	0.20	0.02	0.09	0.04	0.21
V2138D	0.01	0.00	0.00	0.25	0.29	0.05	0.26	0.02	0.22
G2140S	0.00	0.00	0.00	0.24	0.25	0.04	0.20	0.01	0.33
H2147Q	0.00	0.00	0.00	0.26	0.33	0.03	0.12	0.01	0.24
K2150N	0.00	0.01	0.00	0.27	0.28	0.02	0.14	0.01	0.25
V2151G	0.00	0.00	0.00	0.25	0.39	0.02	0.13	0.01	0.23
S2152F	0.00	0.01	0.00	0.25	0.47	0.02	0.15	0.01	0.27
Q2159R	0.01	0.01	0.00	0.29	0.25	0.02	0.13	0.00	0.25
V2174A	0.00	0.00	0.00	0.26	0.14	0.03	0.06	0.02	0.13
I2209T	0.04	0.02	0.00	0.24	0.36	0.05	0.16	0.09	0.15
D2218H	0.09	0.04	0.00	0.25	0.27	0.04	0.16	0.02	0.19
D2238E	0.05	0.05	0.00	0.25	0.29	0.05	0.21	0.14	0.11
E2239K	0.06	0.05	0.00	0.26	0.26	0.05	0.22	0.16	0.21
L2245Q	0.01	0.03	0.00	0.27	0.33	0.03	0.11	0.03	0.16
T2250A	0.00	0.00	0.00	0.25	0.28	0.02	0.06	0.10	0.08
N2266H	0.00	0.02	0.01	0.26	0.28	0.03	0.18	0.01	0.19
R2273K	0.01	0.02	0.01	0.25	0.27	0.03	0.18	0.00	0.34
P2276S	0.00	0.02	0.02	0.23	0.28	0.03	0.17	0.00	0.23
P2283H	0.03	0.01	0.00	0.24	0.35	0.02	0.29	0.03	0.18
I2285V	0.02	0.00	0.00	0.23	0.26	0.02	0.40	0.01	0.17
I2296M	0.04	0.01	0.00	0.26	0.33	0.04	0.42	0.01	0.11
A2306S	0.05	0.04	0.00	0.27	0.43	0.03	0.19	0.02	0.30
A2306T	0.04	0.04	0.00	0.26	0.33	0.03	0.20	0.02	0.26
K2308E	0.05	0.04	0.00	0.25	0.25	0.03	0.15	0.03	0.27
K2308T	0.04	0.04	0.00	0.24	0.30	0.03	0.15	0.03	0.25
T2310N	0.05	0.04	0.00	0.23	0.25	0.08	0.15	0.02	0.54
P2311T	0.04	0.04	0.00	0.23	0.28	0.03	0.21	0.03	0.43
L2320S	0.02	0.12	0.00	0.26	0.41	0.09	0.26	0.19	0.15
M2322I	0.01	0.12	0.00	0.26	0.22	0.08	0.30	0.13	0.09
K2339N	0.02	0.04	0.00	0.27	0.24	0.06	0.12	0.02	0.16
R2341L	0.06	0.04	0.00	0.27	0.29	0.05	0.12	0.01	0.16
I2344V	0.04	0.03	0.00	0.25	0.26	0.03	0.10	0.01	0.13
N2346S	0.04	0.03	0.00	0.25	0.28	0.02	0.10	0.01	0.20
A2351P	0.03	0.02	0.00	0.28	0.36	0.02	0.10	0.01	0.17
F2356V	0.01	0.02	0.00	0.26	0.23	0.01	0.12	0.02	0.13
H2361Y	0.01	0.02	0.00	0.25	0.29	0.01	0.19	0.02	0.27
Q2384K	0.00	0.02	0.00	0.24	0.21	0.04	0.23	0.01	0.36
T2403I	0.02	0.03	0.00	0.27	0.18	0.02	0.25	0.01	0.25
Q2435R	0.02	0.01	0.00	0.26	0.21	0.08	0.27	0.01	0.18
N2436I	0.03	0.01	0.00	0.26	0.39	0.10	0.37	0.01	0.19
H2440R	0.04	0.02	0.00	0.25	0.25	0.10	0.25	0.01	0.28
N2447D	0.02	0.01	0.00	0.28	0.27	0.08	0.29	0.02	0.29
N2458S	0.01	0.00	0.00	0.29	0.27	0.05	0.27	0.01	0.18
A2466V	0.00	0.02	0.00	0.28	0.32	0.04	0.14	0.01	0.17
V2468I	0.00	0.02	0.00	0.27	0.29	0.03	0.09	0.00	0.24
K2472T	0.01	0.02	0.00	0.26	0.25	0.04	0.04	0.01	0.38
N2486D	0.05	0.02	0.00	0.26	0.28	0.05	0.28	0.03	0.09
R2488S	0.08	0.02	0.00	0.31	0.25	0.07	0.29	0.04	0.14
I2490T	0.05	0.02	0.00	0.26	0.38	0.06	0.36	0.03	0.11
K2496N	0.02	0.02	0.00	0.26	0.31	0.07	0.24	0.03	0.12
G2508D	0.00	0.00	0.00	0.28	0.28	0.02	0.13	0.00	0.26
T2515I	0.02	0.00	0.00	0.26	0.21	0.02	0.17	0.01	0.23
A2534T	0.02	0.02	0.00	0.25	0.16	0.02	0.09	0.02	0.07
C2535Y	0.02	0.02	0.00	0.25	0.19	0.02	0.13	0.02	0.09
H2537R	0.02	0.03	0.00	0.26	0.15	0.02	0.14	0.02	0.26
A2557V	0.14	0.06	0.00	0.27	0.23	0.22	0.18	0.05	0.10
E2558D	0.14	0.05	0.00	0.25	0.21	0.22	0.21	0.26	0.11
T2564S	0.16	0.06	0.00	0.26	0.27	0.23	0.23	0.28	0.10
K2570E	0.09	0.02	0.00	0.27	0.16	0.16	0.21	0.11	0.15
K2570R	0.09	0.02	0.00	0.25	0.14	0.14	0.21	0.11	0.12
G2584D	0.11	0.06	0.00	0.25	0.15	0.15	0.17	0.05	0.14
P2589S	0.15	0.05	0.00	0.26	0.31	0.14	0.15	0.11	0.15
N2591D	0.13	0.05	0.00	0.27	0.29	0.09	0.14	0.15	0.15
A2595S	0.17	0.06	0.02	0.28	0.40	0.18	0.19	0.11	0.14
Y2601C	0.05	0.05	0.01	0.17	0.30	0.19	0.18	0.09	0.14
L2604P	0.05	0.05	0.01	0.26	0.23	0.22	0.18	0.03	0.15
R2625K	0.02	0.04	0.02	0.22	0.07	0.03	0.20	0.07	0.09
W2626C	0.02	0.05	0.01	0.22	0.07	0.03	0.20	0.04	0.08
I2627F	0.00	0.06	0.02	0.22	0.08	0.03	0.19	0.04	0.08
W2629C	0.00	0.05	0.02	0.21	0.10	0.04	0.20	0.01	0.08
P2639A	0.04	0.02	0.00	0.30	0.13	0.07	0.16	0.07	0.09
N2644D	0.04	0.02	0.00	0.27	0.13	0.07	0.07	0.02	0.12
L2647P	0.02	0.04	0.00	0.28	0.21	0.06	0.12	0.01	0.14
R2659T	0.02	0.06	0.03	0.29	0.24	0.03	0.18	0.06	0.16
E2663V	0.04	0.06	0.03	0.27	0.30	0.03	0.19	0.06	0.17
K2684E	0.00	0.00	0.00	0.26	0.22	0.03	0.04	0.03	0.11
V2687F	0.00	0.01	0.00	0.25	0.38	0.03	0.05	0.02	0.10
L2696W	0.02	0.00	0.00	0.28	0.30	0.06	0.12	0.02	0.07
S2701C	0.02	0.00	0.00	0.28	0.46	0.08	0.07	0.02	0.11
S2705R	0.02	0.00	0.00	0.29	0.31	0.09	0.07	0.01	0.26
A2717S	0.07	0.03	0.04	0.26	0.31	0.07	0.23	0.07	0.14
I2719M	0.07	0.06	0.21	0.26	0.19	0.05	0.20	0.28	0.14
L2721H	0.04	0.21	0.22	0.27	0.24	0.05	0.25	0.32	0.04
T2722R	0.04	0.21	0.22	0.26	0.10	0.03	0.25	0.28	0.11
D2723G	0.04	0.20	0.22	0.28	0.12	0.03	0.25	0.38	0.04
D2723H	0.04	0.20	0.21	0.29	0.11	0.03	0.26	0.33	0.04
K2729N	0.07	0.19	0.19	0.26	0.18	0.03	0.29	0.25	0.06
P2734L	0.07	0.12	0.06	0.26	0.20	0.06	0.30	0.28	0.06
N2742S	0.03	0.09	0.00	0.25	0.13	0.06	0.22	0.07	0.10
R2744G	0.04	0.09	0.00	0.27	0.18	0.05	0.25	0.09	0.11
G2748D	0.03	0.13	0.08	0.26	0.13	0.06	0.27	0.10	0.17
I2751M	0.02	0.15	0.08	0.26	0.11	0.05	0.28	0.09	0.18
I2751S	0.03	0.16	0.08	0.27	0.20	0.05	0.26	0.09	0.17
I2752F	0.03	0.22	0.08	0.26	0.11	0.05	0.28	0.08	0.17
A2764T	0.03	0.02	0.00	0.25	0.19	0.03	0.05	0.03	0.04
P2771L	0.06	0.03	0.00	0.30	0.20	0.06	0.11	0.04	0.06
L2774R	0.04	0.03	0.00	0.29	0.26	0.07	0.08	0.03	0.25
P2785L	0.03	0.08	0.03	0.28	0.19	0.02	0.23	0.05	0.13
F2794L	0.03	0.03	0.00	0.24	0.20	0.02	0.16	0.01	0.20
L2808V	0.07	0.05	0.01	0.24	0.47	0.04	0.11	0.17	0.02
I2821T	0.03	0.04	0.00	0.24	0.12	0.05	0.19	0.06	0.14
P2827A	0.02	0.02	0.00	0.24	0.13	0.10	0.24	0.03	0.14
R2842H	0.03	0.02	0.01	0.23	0.26	0.16	0.20	0.06	0.19
R2842L	0.03	0.02	0.01	0.22	0.32	0.22	0.20	0.06	0.18
A2857S	0.03	0.01	0.00	0.02	0.33	0.07	0.12	0.01	0.22
A2864V	0.02	0.00	0.00	0.02	0.37	0.73	0.12	0.01	0.15
H2876P	0.00	0.00	0.00	0.26	0.30	0.73	0.11	0.02	0.08
R2888C	0.01	0.01	0.00	0.20	0.36	0.26	0.11	0.00	0.26
V2908M	0.06	0.01	0.00	0.24	0.20	0.41	0.09	0.04	0.27
A2911V	0.04	0.01	0.00	0.25	0.19	0.36	0.06	0.04	0.29
S2922R	0.02	0.01	0.00	0.17	0.21	0.25	0.16	0.02	0.18
N2930S	0.02	0.01	0.00	0.03	0.27	0.04	0.13	0.01	0.11
I2944F	0.02	0.00	0.00	0.02	0.26	0.06	0.22	0.01	0.17
I2948M	0.02	0.00	0.00	0.03	0.41	0.06	0.22	0.01	0.14
A2951T	0.02	0.00	0.00	0.08	0.26	0.06	0.19	0.01	0.13
S2954P	0.03	0.01	0.00	0.26	0.30	0.91	0.10	0.02	0.14
G2961S	0.03	0.03	0.00	0.26	0.37	0.05	0.16	0.02	0.14
V2969M	0.02	0.03	0.00	0.25	0.25	0.99	0.23	0.02	0.16
L2972W	0.02	0.01	0.00	0.22	0.16	0.03	0.35	0.01	0.15
R2973C	0.02	0.01	0.00	0.25	0.19	0.04	0.25	0.01	0.16
S2976R	0.03	0.01	0.00	0.26	0.26	0.03	0.47	0.01	0.20
S2998F	0.04	0.06	0.00	0.26	0.19	0.07	0.15	0.03	0.17
A3012G	0.02	0.03	0.00	0.26	0.28	0.06	0.17	0.06	0.16
S3020P	0.04	0.01	0.00	0.27	0.29	0.07	0.17	0.02	0.18
Q3026E	0.04	0.00	0.00	0.27	0.28	0.08	0.15	0.01	0.14
T3033P	0.03	0.02	0.00	0.26	0.26	0.07	0.18	0.01	0.13
R3052W	0.01	0.07	0.00	0.26	0.17	0.02	0.24	0.03	0.10
K3059N	0.03	0.03	0.00	0.25	0.17	0.05	0.08	0.03	0.13
V3079I	0.05	0.07	0.00	0.20	0.16	0.07	0.10	0.02	0.08
C3097Y	0.04	0.05	0.00	0.24	0.13	0.15	0.23	0.17	0.06
Y3098H	0.04	0.03	0.00	0.24	0.14	0.15	0.14	0.31	0.05
I3103M	0.05	0.08	0.00	0.25	0.09	0.04	0.17	0.02	0.06
I3103V	0.04	0.08	0.00	0.26	0.09	0.05	0.17	0.02	0.05
A3122P	0.04	0.07	0.04	0.26	0.19	0.14	0.19	0.06	0.01
S3123G	0.04	0.06	0.04	0.26	0.22	0.14	0.20	0.04	0.10
S3131P	0.14	0.03	0.00	0.27	0.24	0.24	0.29	0.06	0.10
S3133L	0.13	0.02	0.00	0.27	0.28	0.24	0.26	0.06	0.10
G3153V	0.03	0.06	0.00	0.24	0.29	0.06	0.13	0.06	0.09
T3165S	0.11	0.05	0.00	0.24	0.22	0.16	0.12	0.04	0.10
D3170G	0.10	0.04	0.00	0.26	0.16	0.18	0.12	0.04	0.04
I3171L	0.10	0.05	0.00	0.26	0.18	0.16	0.12	0.04	0.04
L3184V	0.04	0.02	0.00	0.26	0.18	0.17	0.18	0.09	0.11
D3188G	0.04	0.04	0.00	0.27	0.19	0.12	0.17	0.04	0.13
D3197H	0.01	0.02	0.00	0.25	0.25	0.05	0.12	0.02	0.14
C3198R	0.01	0.02	0.00	0.25	0.39	0.08	0.12	0.01	0.24
I3207N	0.00	0.00	0.00	0.25	0.26	0.02	0.15	0.00	0.18
P3209S	0.00	0.00	0.00	0.25	0.19	0.02	0.14	0.00	0.12
M3234V	0.00	0.00	0.00	0.23	0.34	0.02	0.18	0.00	0.19
V3244I	0.00	0.00	0.00	0.21	0.17	0.02	0.21	0.00	0.16
G3255R	0.01	0.00	0.00	0.21	0.23	0.05	0.19	0.01	0.25
L3274V	0.00	0.02	0.00	0.26	0.20	0.05	0.35	0.01	0.13
P3292S	0.00	0.01	0.00	0.26	0.27	0.02	0.28	0.01	0.11
P3300T	0.01	0.03	0.00	0.26	0.27	0.02	0.27	0.01	0.20
C3304Y	0.01	0.03	0.00	0.25	0.17	0.02	0.47	0.01	0.29
I3312V	0.02	0.00	0.00	0.25	0.23	0.03	0.26	0.00	0.26
P3320S	0.03	0.00	0.00	0.22	0.23	0.05	0.27	0.00	0.27
L3344V	0.02	0.05	0.01	0.27	0.30	0.08	0.33	0.10	0.04
I3347M	0.02	0.05	0.00	0.26	0.33	0.11	0.31	0.10	0.03
T3349A	0.02	0.02	0.01	0.26	0.25	0.20	0.25	0.03	0.04
T3357I	0.02	0.01	0.00	0.26	0.38	0.07	0.25	0.01	0.13
F3362S	0.03	0.01	0.00	0.26	0.51	0.03	0.23	0.02	0.15
S3366R	0.02	0.01	0.00	0.20	0.32	0.03	0.23	0.01	0.20
R3384Q	0.00	0.00	0.00	0.34	0.14	0.03	0.28	0.00	0.23
E3402K	0.02	0.01	0.00	0.27	0.23	0.13	0.18	0.01	0.16
I3412V	0.09	0.02	0.00	0.25	0.22	0.15	0.53	0.05	0.24
T3413R	0.10	0.02	0.00	0.29	0.21	0.27	0.42	0.04	0.32
