0.01	0.00	0.00	0.26	0.20	0.02	0.14	0.02	0.12
0.00	0.00	0.00	0.25	0.21	0.01	0.11	0.01	0.11
0.00	0.00	0.00	0.23	0.15	0.02	0.47	0.00	0.36
0.00	0.02	0.00	0.25	0.26	0.10	0.07	0.01	0.13
0.05	0.01	0.00	0.26	0.12	0.05	0.14	0.07	0.08
0.05	0.07	0.00	0.28	0.13	0.12	0.18	0.11	0.07
0.05	0.26	0.18	0.26	0.16	0.22	0.21	0.14	0.08
0.07	0.26	0.16	0.24	0.17	0.25	0.19	0.27	0.09
0.07	0.27	0.17	0.25	0.17	0.24	0.19	0.28	0.08
0.07	0.27	0.16	0.25	0.17	0.22	0.20	0.31	0.10
0.05	0.11	0.00	0.27	0.20	0.20	0.15	0.09	0.15
0.15	0.06	0.00	0.25	0.21	0.08	0.34	0.08	0.21
0.10	0.16	0.16	0.25	0.22	0.06	0.33	0.34	0.23
0.13	0.20	0.20	0.26	0.21	0.07	0.30	0.33	0.05
0.16	0.15	0.18	0.25	0.20	0.06	0.25	0.14	0.11
0.18	0.14	0.04	0.25	0.28	0.09	0.29	0.10	0.15
0.19	0.15	0.05	0.25	0.26	0.07	0.33	0.10	0.15
0.13	0.06	0.02	0.27	0.31	0.06	0.33	0.16	0.11
0.13	0.06	0.02	0.26	0.26	0.05	0.20	0.16	0.12
0.31	0.20	0.02	0.26	0.22	0.20	0.21	0.27	0.19
0.34	0.11	0.03	0.25	0.18	0.07	0.24	0.26	0.19
0.25	0.12	0.02	0.25	0.20	0.06	0.23	0.26	0.19
0.08	0.23	0.03	0.26	0.11	0.03	0.33	0.33	0.13
0.27	0.06	0.00	0.23	0.17	0.17	0.29	0.17	0.15
0.08	0.12	0.00	0.22	0.16	0.03	0.27	0.18	0.33
0.07	0.29	0.10	0.25	0.17	0.05	0.20	0.25	0.05
0.06	0.28	0.24	0.25	0.18	0.05	0.20	0.23	0.08
0.06	0.24	0.21	0.26	0.38	0.05	0.23	0.41	0.17
0.10	0.22	0.22	0.26	0.22	0.04	0.25	0.52	0.07
0.28	0.09	0.00	0.25	0.22	0.04	0.27	0.66	0.10
0.11	0.22	0.07	0.28	0.17	0.11	0.23	0.25	0.16
0.18	0.09	0.08	0.26	0.14	0.25	0.23	0.22	0.16
0.11	0.20	0.12	0.26	0.13	0.24	0.26	0.53	0.16
0.06	0.28	0.03	0.27	0.11	0.04	0.25	0.30	0.18
0.06	0.34	0.04	0.27	0.14	0.04	0.25	0.24	0.19
0.07	0.08	0.03	0.31	0.12	0.14	0.26	0.08	0.01
0.06	0.12	0.03	0.31	0.16	0.25	0.29	0.08	0.01
0.08	0.12	0.04	0.31	0.25	0.28	0.36	0.29	0.01
0.08	0.12	0.03	0.27	0.23	0.29	0.34	0.11	0.05
0.12	0.08	0.00	0.26	0.14	0.08	0.25	0.09	0.22
0.12	0.19	0.02	0.26	0.16	0.08	0.23	0.09	0.23
0.08	0.18	0.02	0.25	0.15	0.08	0.23	0.24	0.22
0.09	0.21	0.02	0.26	0.20	0.05	0.26	0.13	0.26
0.08	0.19	0.02	0.26	0.23	0.04	0.20	0.03	0.23
0.00	0.02	0.00	0.27	0.27	0.03	0.07	0.00	0.24
0.00	0.02	0.00	0.33	0.25	0.02	0.13	0.00	0.61
0.00	0.00	0.00	0.27	0.25	0.02	0.17	0.00	0.27
