0.12	0.11	0.00	0.25	0.38	0.22	0.28	0.05	0.21
0.08	0.13	0.00	0.26	0.31	0.14	0.27	0.05	0.17
0.08	0.08	0.00	0.28	0.31	0.13	0.23	0.04	0.05
0.39	0.24	0.00	0.29	0.20	0.24	0.30	0.15	0.11
0.27	0.24	0.00	0.30	0.13	0.17	0.27	0.16	0.12
0.31	0.27	0.02	0.24	0.14	0.20	0.32	0.30	0.12
0.28	0.29	0.02	0.26	0.13	0.21	0.29	0.29	0.09
0.31	0.31	0.32	0.26	0.13	0.19	0.31	0.31	0.10
0.26	0.28	0.27	0.27	0.11	0.20	0.28	0.28	0.09
0.29	0.30	0.25	0.29	0.11	0.20	0.25	0.29	0.10
0.31	0.27	0.39	0.25	0.12	0.18	0.26	0.32	0.10
0.28	0.28	0.43	0.26	0.12	0.17	0.24	0.60	0.59
0.28	0.36	0.27	0.27	0.14	0.13	0.25	0.29	0.10
0.31	0.31	0.29	0.27	0.15	0.14	0.29	0.34	0.10
0.26	0.26	0.34	0.27	0.17	0.16	0.31	0.37	0.12
0.32	0.25	0.35	0.29	0.15	0.19	0.28	0.29	0.24
0.29	0.23	0.14	0.28	0.16	0.17	0.26	0.29	0.24
0.25	0.26	0.16	0.17	0.15	0.15	0.34	0.30	0.25
0.26	0.22	0.15	0.17	0.15	0.14	0.27	0.27	0.23
0.24	0.24	0.14	0.21	0.15	0.10	0.28	0.31	0.23
0.20	0.25	0.16	0.25	0.16	0.07	0.35	0.27	0.24
0.18	0.24	0.14	0.25	0.14	0.06	0.29	0.33	0.23
0.25	0.30	0.21	0.25	0.20	0.07	0.34	0.32	0.23
0.18	0.25	0.17	0.25	0.15	0.06	0.27	0.53	0.28
0.26	0.28	0.17	0.25	0.16	0.06	0.31	0.41	0.24
0.28	0.26	0.17	0.25	0.16	0.05	0.36	0.54	0.23
0.25	0.25	0.16	0.25	0.16	0.05	0.30	0.45	0.25
0.25	0.29	0.18	0.25	0.16	0.05	0.27	0.32	0.22
0.26	0.28	0.15	0.26	0.17	0.07	0.28	0.55	0.16
0.29	0.26	0.17	0.25	0.16	0.10	0.32	0.82	0.10
0.28	0.26	0.15	0.25	0.17	0.10	0.31	0.52	0.11
0.26	0.26	0.16	0.25	0.17	0.10	0.27	0.28	0.10
0.29	0.17	0.15	0.25	0.19	0.10	0.30	0.42	0.17
0.35	0.18	0.15	0.23	0.18	0.10	0.26	0.28	0.11
0.28	0.21	0.02	0.23	0.17	0.12	0.28	0.26	0.15
0.39	0.20	0.02	0.26	0.21	0.12	0.35	0.32	0.18
0.25	0.17	0.03	0.26	0.19	0.13	0.29	0.20	0.22
0.25	0.17	0.02	0.26	0.19	0.14	0.29	0.20	0.22
0.25	0.28	0.42	0.26	0.19	0.10	0.29	0.39	0.27
0.28	0.27	0.26	0.25	0.18	0.08	0.28	0.43	0.06
0.25	0.35	0.37	0.25	0.19	0.08	0.30	0.53	0.07
0.24	0.26	0.26	0.26	0.19	0.10	0.28	0.40	0.07
0.25	0.29	0.29	0.26	0.18	0.07	0.30	0.36	0.12
0.25	0.26	0.30	0.25	0.19	0.07	0.27	0.48	0.12
0.26	0.28	0.29	0.26	0.18	0.07	0.28	0.36	0.12
0.25	0.28	0.28	0.26	0.18	0.07	0.28	0.32	0.12
0.26	0.33	0.31	0.27	0.19	0.06	0.30	0.39	0.12
0.26	0.28	0.34	0.25	0.27	0.07	0.38	0.31	0.12
0.22	0.30	0.04	0.20	0.21	0.08	0.26	0.33	0.13
0.21	0.28	0.05	0.25	0.17	0.08	0.27	0.28	0.09
0.22	0.25	0.05	0.25	0.18	0.08	0.28	0.27	0.10
0.15	0.28	0.05	0.26	0.16	0.08	0.39	0.28	0.08
0.16	0.27	0.05	0.25	0.15	0.08	0.31	0.26	0.17
0.22	0.25	0.07	0.27	0.18	0.08	0.25	0.19	0.07
0.22	0.28	0.07	0.25	0.21	0.08	0.27	0.21	0.07
0.24	0.28	0.07	0.25	0.22	0.06	0.31	0.21	0.07
0.25	0.25	0.08	0.26	0.21	0.06	0.36	0.30	0.07
0.28	0.18	0.01	0.28	0.23	0.07	0.31	0.15	0.11
0.30	0.14	0.02	0.26	0.20	0.07	0.33	0.16	0.11
0.31	0.28	0.25	0.27	0.15	0.07	0.29	0.16	0.11
0.28	0.26	0.27	0.27	0.14	0.07	0.36	0.23	0.11
0.26	0.27	0.25	0.25	0.14	0.07	0.29	0.22	0.11
0.28	0.30	0.28	0.26	0.15	0.07	0.32	0.20	0.11
0.27	0.32	0.30	0.26	0.14	0.07	0.29	0.19	0.11
0.27	0.25	0.27	0.25	0.14	0.07	0.31	0.21	0.11
0.26	0.30	0.29	0.26	0.15	0.09	0.27	0.21	0.11
0.29	0.30	0.26	0.27	0.17	0.07	0.28	0.21	0.06
0.07	0.18	0.24	0.26	0.14	0.05	0.28	0.20	0.02
0.07	0.23	0.28	0.26	0.19	0.05	0.25	0.29	0.11
0.07	0.08	0.13	0.25	0.12	0.04	0.30	0.28	0.07
0.08	0.07	0.11	0.25	0.11	0.04	0.27	0.29	0.03
0.07	0.08	0.12	0.25	0.12	0.04	0.29	0.27	0.05
0.07	0.07	0.11	0.25	0.12	0.05	0.25	0.23	0.04
0.14	0.05	0.02	0.25	0.20	0.04	0.31	0.44	0.11
0.26	0.05	0.00	0.25	0.19	0.06	0.24	0.24	0.10
0.25	0.05	0.00	0.26	0.19	0.06	0.24	0.25	0.13
0.25	0.04	0.00	0.25	0.19	0.13	0.26	0.23	0.11
0.28	0.03	0.00	0.26	0.20	0.16	0.34	0.25	0.12
0.27	0.09	0.00	0.25	0.20	0.17	0.26	0.30	0.21
0.26	0.09	0.00	0.26	0.21	0.17	0.31	0.34	0.30
0.33	0.09	0.00	0.26	0.26	0.17	0.35	0.32	0.30
0.27	0.10	0.01	0.26	0.28	0.16	0.32	0.20	0.22
0.26	0.13	0.00	0.25	0.30	0.17	0.32	0.17	0.21
0.17	0.10	0.00	0.26	0.26	0.19	0.28	0.16	0.24
0.18	0.10	0.00	0.25	0.33	0.19	0.39	0.16	0.24
0.19	0.09	0.00	0.25	0.26	0.20	0.30	0.09	0.20
0.27	0.10	0.01	0.25	0.25	0.21	0.25	0.09	0.20
0.30	0.12	0.05	0.24	0.28	0.24	0.27	0.31	0.15
0.36	0.14	0.08	0.25	0.40	0.23	0.29	0.31	0.15
0.29	0.31	0.17	0.27	0.19	0.13	0.32	0.31	0.14
0.29	0.28	0.15	0.26	0.18	0.13	0.28	0.64	0.04
0.27	0.18	0.06	0.25	0.11	0.19	0.33	0.28	0.14
0.23	0.26	0.10	0.24	0.20	0.19	0.36	0.13	0.13
0.24	0.26	0.10	0.24	0.21	0.18	0.27	0.13	0.13
0.23	0.26	0.10	0.24	0.23	0.14	0.28	0.12	0.17
0.31	0.17	0.05	0.27	0.26	0.15	0.28	0.19	0.18
0.25	0.26	0.16	0.26	0.13	0.07	0.29	0.09	0.21
0.24	0.26	0.15	0.25	0.16	0.07	0.32	0.09	0.23
0.23	0.52	0.16	0.27	0.13	0.04	0.33	0.28	0.11
0.23	0.30	0.16	0.25	0.11	0.05	0.27	0.28	0.52
0.23	0.27	0.16	0.25	0.27	0.04	0.31	0.28	0.12
0.24	0.30	0.15	0.27	0.13	0.04	0.26	0.32	0.15
0.23	0.16	0.01	0.25	0.19	0.06	0.39	0.24	0.11
0.22	0.16	0.00	0.26	0.21	0.10	0.29	0.10	0.11
0.15	0.05	0.00	0.26	0.19	0.22	0.12	0.05	0.12
0.15	0.12	0.00	0.25	0.14	0.25	0.27	0.18	0.20
0.15	0.21	0.00	0.27	0.15	0.25	0.27	0.18	0.15
0.15	0.22	0.00	0.29	0.16	0.23	0.27	0.19	0.15
0.15	0.25	0.00	0.26	0.15	0.24	0.28	0.18	0.15
0.16	0.25	0.00	0.28	0.23	0.26	0.32	0.24	0.15
0.22	0.25	0.00	0.25	0.12	0.25	0.36	0.23	0.19
0.22	0.29	0.00	0.25	0.11	0.20	0.32	0.21	0.15
0.20	0.29	0.00	0.25	0.11	0.20	0.28	0.21	0.16
0.20	0.25	0.00	0.26	0.11	0.20	0.29	0.21	0.18
0.21	0.25	0.00	0.25	0.11	0.23	0.29	0.21	0.18
0.15	0.03	0.00	0.28	0.17	0.11	0.15	0.24	0.08
0.18	0.03	0.00	0.26	0.12	0.10	0.28	0.08	0.21
0.16	0.03	0.00	0.26	0.12	0.09	0.29	0.04	0.16
0.14	0.03	0.00	0.26	0.13	0.08	0.30	0.04	0.17
0.09	0.05	0.00	0.26	0.14	0.06	0.34	0.05	0.07
0.09	0.22	0.18	0.23	0.09	0.10	0.29	0.08	0.06
0.15	0.27	0.17	0.24	0.10	0.10	0.37	0.07	0.07
0.11	0.21	0.18	0.24	0.12	0.09	0.30	0.10	0.06
0.11	0.26	0.18	0.24	0.14	0.10	0.31	0.16	0.09
0.11	0.21	0.19	0.23	0.15	0.09	0.26	0.16	0.07
0.12	0.26	0.21	0.25	0.17	0.10	0.28	0.42	0.07
0.14	0.24	0.20	0.25	0.18	0.10	0.28	0.39	0.07
0.18	0.26	0.18	0.25	0.19	0.11	0.32	0.21	0.07
0.16	0.21	0.29	0.26	0.27	0.10	0.35	0.18	0.06
0.12	0.21	0.21	0.25	0.16	0.11	0.36	0.16	0.12
0.14	0.10	0.00	0.25	0.15	0.11	0.28	0.17	0.13
0.13	0.23	0.00	0.25	0.14	0.21	0.35	0.12	0.13
0.09	0.21	0.00	0.26	0.16	0.16	0.27	0.07	0.11
0.11	0.22	0.01	0.29	0.17	0.16	0.25	0.11	0.12
0.11	0.21	0.00	0.27	0.16	0.16	0.26	0.12	0.11
0.10	0.14	0.00	0.25	0.16	0.15	0.25	0.27	0.06
0.22	0.17	0.01	0.26	0.48	0.25	0.30	0.29	0.05
0.26	0.14	0.01	0.26	0.15	0.26	0.26	0.28	0.05
0.21	0.12	0.02	0.26	0.22	0.20	0.30	0.18	0.05
0.20	0.12	0.01	0.27	0.14	0.23	0.25	0.17	0.06
0.22	0.13	0.01	0.26	0.14	0.23	0.29	0.18	0.09
0.21	0.12	0.01	0.27	0.14	0.21	0.28	0.18	0.05
0.24	0.13	0.02	0.26	0.14	0.21	0.26	0.19	0.08
0.21	0.15	0.11	0.26	0.32	0.21	0.28	0.30	0.06
0.22	0.15	0.11	0.26	0.36	0.15	0.33	0.29	0.03
0.23	0.15	0.11	0.26	0.18	0.16	0.40	0.30	0.03
0.16	0.15	0.11	0.25	0.20	0.08	0.27	0.27	0.24
0.06	0.15	0.10	0.26	0.23	0.04	0.26	0.41	0.23
0.06	0.07	0.01	0.25	0.23	0.07	0.10	0.22	0.03
0.06	0.05	0.00	0.28	0.21	0.08	0.08	0.21	0.11
0.06	0.03	0.00	0.25	0.21	0.07	0.08	0.22	0.07
0.07	0.04	0.00	0.26	0.24	0.07	0.09	0.20	0.07
0.07	0.04	0.00	0.03	0.24	0.13	0.07	0.05	0.07
0.10	0.04	0.00	0.03	0.26	0.07	0.13	0.04	0.07
0.13	0.05	0.00	0.03	0.25	0.07	0.12	0.05	0.19
0.11	0.04	0.00	0.04	0.25	0.07	0.12	0.05	0.19
0.10	0.04	0.00	0.09	0.27	0.07	0.13	0.04	0.19
0.06	0.02	0.00	0.26	0.34	0.08	0.21	0.01	0.19
0.02	0.02	0.00	0.26	0.34	0.07	0.19	0.01	0.22
0.00	0.02	0.00	0.26	0.32	0.14	0.28	0.01	0.21
0.00	0.02	0.00	0.30	0.25	0.14	0.20	0.00	0.21
0.00	0.00	0.00	0.25	0.27	0.17	0.19	0.00	0.21
0.00	0.00	0.00	0.28	0.29	0.13	0.17	0.00	0.18
0.00	0.00	0.00	0.25	0.40	0.15	0.12	0.00	0.19
0.02	0.00	0.00	0.28	0.21	0.20	0.17	0.01	0.22
0.02	0.00	0.00	0.38	0.23	0.21	0.16	0.01	0.29
0.01	0.00	0.00	0.25	0.29	0.14	0.24	0.02	0.39
0.00	0.00	0.00	0.24	0.24	0.09	0.26	0.01	0.79
0.01	0.00	0.00	0.25	0.25	0.10	0.30	0.01	0.65
0.00	0.00	0.00	0.24	0.18	0.10	0.39	0.01	0.87
0.00	0.00	0.00	0.25	0.16	0.11	0.23	0.06	0.35
0.00	0.00	0.00	0.26	0.22	0.14	0.26	0.01	0.22
0.00	0.00	0.00	0.25	0.21	0.10	0.26	0.01	0.23
0.00	0.00	0.00	0.27	0.19	0.14	0.23	0.02	0.22
0.00	0.00	0.00	0.29	0.21	0.10	0.20	0.00	0.23
0.00	0.00	0.00	0.30	0.49	0.10	0.22	0.00	0.21
0.00	0.00	0.00	0.31	0.23	0.09	0.21	0.00	0.19
0.00	0.00	0.00	0.28	0.18	0.05	0.20	0.00	0.18
0.00	0.00	0.00	0.27	0.21	0.05	0.21	0.00	0.26
0.00	0.00	0.00	0.26	0.23	0.08	0.16	0.00	0.47
0.00	0.00	0.00	0.25	0.23	0.07	0.20	0.00	0.46
0.00	0.00	0.00	0.19	0.21	0.13	0.25	0.00	0.59
0.00	0.00	0.00	0.19	0.19	0.14	0.22	0.00	0.28
0.00	0.00	0.00	0.20	0.20	0.15	0.22	0.00	0.28
0.00	0.00	0.00	0.19	0.20	0.15	0.22	0.01	0.72
0.00	0.00	0.00	0.24	0.22	0.14	0.16	0.00	0.09
0.00	0.00	0.00	0.30	0.20	0.14	0.21	0.00	0.10
0.00	0.00	0.00	0.25	0.17	0.07	0.15	0.00	0.25
0.00	0.00	0.00	0.26	0.18	0.06	0.13	0.00	0.37
0.01	0.00	0.00	0.25	0.23	0.11	0.09	0.01	0.30
0.00	0.00	0.00	0.27	0.24	0.09	0.09	0.01	0.30
0.00	0.00	0.00	0.28	0.24	0.09	0.09	0.01	0.33
0.00	0.00	0.00	0.26	0.22	0.08	0.07	0.01	0.49
0.00	0.00	0.00	0.29	0.24	0.07	0.07	0.01	0.63
0.00	0.00	0.00	0.28	0.36	0.05	0.08	0.01	0.64
0.00	0.00	0.00	0.25	0.22	0.05	0.05	0.01	0.23
0.00	0.00	0.00	0.26	0.25	0.05	0.06	0.01	0.22
0.00	0.00	0.00	0.29	0.24	0.06	0.06	0.01	0.23
0.00	0.00	0.00	0.27	0.34	0.05	0.11	0.00	0.22
0.00	0.00	0.00	0.27	0.30	0.05	0.10	0.00	0.21
0.00	0.00	0.00	0.26	0.33	0.04	0.28	0.00	0.52
0.00	0.00	0.00	0.28	0.30	0.03	0.23	0.00	0.26
0.02	0.00	0.00	0.24	0.25	0.07	0.16	0.00	0.13
0.02	0.00	0.00	0.23	0.24	0.07	0.12	0.01	0.12
0.02	0.00	0.00	0.22	0.24	0.08	0.12	0.01	0.11
0.00	0.02	0.00	0.26	0.22	0.10	0.09	0.11	0.09
0.01	0.04	0.00	0.26	0.20	0.10	0.09	0.09	0.09
0.00	0.04	0.00	0.26	0.18	0.05	0.13	0.10	0.05
0.05	0.03	0.00	0.27	0.13	0.06	0.18	0.07	0.01
0.04	0.03	0.00	0.26	0.14	0.07	0.17	0.08	0.05
0.05	0.03	0.00	0.27	0.14	0.07	0.17	0.10	0.05
0.04	0.04	0.01	0.27	0.13	0.07	0.18	0.07	0.06
0.06	0.04	0.00	0.28	0.26	0.08	0.19	0.13	0.07
0.05	0.05	0.00	0.28	0.75	0.07	0.19	0.14	0.07
0.03	0.04	0.00	0.25	0.18	0.04	0.16	0.09	0.07
0.04	0.05	0.00	0.25	0.26	0.07	0.13	0.09	0.07
0.03	0.05	0.00	0.22	0.20	0.08	0.20	0.09	0.07
0.04	0.07	0.00	0.05	0.20	0.12	0.21	0.03	0.07
0.03	0.05	0.00	0.04	0.17	0.08	0.26	0.03	0.06
0.03	0.05	0.00	0.04	0.17	0.08	0.26	0.05	0.06
0.01	0.05	0.00	0.25	0.08	0.09	0.21	0.02	0.06
0.01	0.02	0.00	0.25	0.08	0.08	0.22	0.02	0.07
0.01	0.05	0.00	0.27	0.12	0.15	0.16	0.02	0.10
0.01	0.08	0.00	0.28	0.19	0.25	0.10	0.02	0.11
0.02	0.05	0.00	0.25	0.17	0.28	0.07	0.01	0.11
0.02	0.05	0.00	0.25	0.18	0.25	0.07	0.02	0.13
0.02	0.07	0.00	0.25	0.18	0.27	0.08	0.03	0.05
0.02	0.07	0.00	0.24	0.18	0.27	0.07	0.03	0.05
0.02	0.08	0.00	0.26	0.24	0.29	0.09	0.04	0.05
0.02	0.08	0.00	0.25	0.18	0.24	0.06	0.03	0.05
0.02	0.11	0.00	0.23	0.16	0.30	0.06	0.03	0.10
0.03	0.07	0.00	0.24	0.17	0.36	0.10	0.05	0.09
0.02	0.07	0.00	0.27	0.17	0.30	0.11	0.04	0.09
0.02	0.07	0.00	0.26	0.22	0.35	0.12	0.05	0.10
0.02	0.09	0.00	0.27	0.33	0.32	0.12	0.05	0.13
0.03	0.07	0.00	0.26	0.29	0.37	0.12	0.06	0.13
0.05	0.02	0.00	0.26	0.28	0.27	0.09	0.07	0.21
0.05	0.02	0.00	0.27	0.27	0.29	0.13	0.07	0.19
0.06	0.02	0.00	0.25	0.27	0.28	0.21	0.06	0.20
0.10	0.02	0.00	0.24	0.29	0.31	0.21	0.08	0.24
0.05	0.09	0.00	0.05	0.22	0.05	0.19	0.10	0.16
0.05	0.09	0.00	0.05	0.21	0.05	0.18	0.09	0.16
0.05	0.09	0.00	0.05	0.22	0.05	0.18	0.10	0.16
0.05	0.09	0.00	0.05	0.22	0.05	0.21	0.10	0.16
0.05	0.10	0.02	0.08	0.24	0.05	0.17	0.13	0.15
0.04	0.19	0.04	0.25	0.20	0.05	0.23	0.17	0.21
0.04	0.20	0.03	0.25	0.22	0.05	0.21	0.15	0.22
0.06	0.19	0.04	0.26	0.19	0.05	0.24	0.16	0.19
0.07	0.19	0.04	0.26	0.24	0.23	0.22	0.20	0.20
0.09	0.19	0.03	0.25	0.20	0.06	0.22	0.14	0.17
0.09	0.14	0.00	0.25	0.22	0.05	0.12	0.15	0.03
0.09	0.08	0.00	0.25	0.21	0.04	0.14	0.14	0.11
0.09	0.08	0.00	0.26	0.20	0.04	0.14	0.16	0.03
0.10	0.09	0.00	0.29	0.24	0.04	0.20	0.15	0.04
0.05	0.08	0.00	0.28	0.15	0.03	0.15	0.09	0.00
0.07	0.08	0.00	0.26	0.15	0.03	0.14	0.12	0.01
0.05	0.10	0.00	0.27	0.16	0.05	0.16	0.05	0.04
0.05	0.10	0.00	0.26	0.16	0.05	0.18	0.05	0.07
0.06	0.10	0.00	0.25	0.19	0.05	0.18	0.08	0.07
0.05	0.10	0.00	0.26	0.18	0.05	0.16	0.05	0.07
0.07	0.10	0.00	0.27	0.17	0.07	0.16	0.06	0.07
0.05	0.04	0.00	0.28	0.17	0.07	0.11	0.02	0.10
0.07	0.06	0.00	0.25	0.18	0.07	0.11	0.02	0.10
0.05	0.05	0.00	0.25	0.17	0.07	0.11	0.02	0.12
0.09	0.05	0.00	0.25	0.16	0.10	0.13	0.03	0.11
0.04	0.04	0.00	0.27	0.09	0.07	0.12	0.02	0.11
0.05	0.04	0.00	0.28	0.10	0.08	0.12	0.03	0.11
0.05	0.04	0.00	0.27	0.10	0.07	0.12	0.03	0.11
0.05	0.10	0.00	0.26	0.17	0.03	0.15	0.03	0.12
0.06	0.09	0.00	0.26	0.20	0.03	0.15	0.03	0.10
0.06	0.09	0.00	0.28	0.20	0.03	0.16	0.02	0.10
0.14	0.08	0.00	0.27	0.33	0.13	0.16	0.08	0.11
0.15	0.08	0.01	0.25	0.22	0.13	0.15	0.31	0.11
0.15	0.07	0.02	0.26	0.21	0.14	0.12	0.61	0.10
0.15	0.05	0.00	0.16	0.22	0.12	0.14	0.17	0.10
0.15	0.06	0.00	0.20	0.28	0.12	0.15	0.24	0.06
0.15	0.05	0.00	0.16	0.27	0.14	0.12	0.27	0.14
0.11	0.05	0.00	0.16	0.20	0.08	0.09	0.17	0.06
0.04	0.03	0.00	0.25	0.24	0.05	0.15	0.06	0.18
0.04	0.03	0.00	0.24	0.24	0.06	0.15	0.06	0.18
0.02	0.03	0.00	0.25	0.17	0.03	0.15	0.06	0.15
0.02	0.03	0.00	0.25	0.16	0.03	0.15	0.06	0.15
0.02	0.03	0.00	0.25	0.15	0.02	0.20	0.08	0.18
0.02	0.04	0.00	0.25	0.29	0.04	0.21	0.02	0.18
0.03	0.03	0.00	0.25	0.26	0.05	0.19	0.03	0.17
0.03	0.03	0.00	0.24	0.25	0.05	0.20	0.02	0.18
0.03	0.00	0.00	0.25	0.26	0.08	0.09	0.02	0.15
0.03	0.00	0.00	0.25	0.26	0.08	0.05	0.01	0.15
0.03	0.00	0.00	0.25	0.26	0.07	0.05	0.00	0.26
0.10	0.04	0.01	0.32	0.28	0.03	0.14	0.07	0.16
0.10	0.07	0.01	0.28	0.12	0.03	0.15	0.18	0.09
0.11	0.10	0.01	0.28	0.09	0.03	0.17	0.21	0.11
0.10	0.07	0.01	0.28	0.09	0.03	0.23	0.21	0.11
0.06	0.07	0.01	0.26	0.16	0.04	0.15	0.17	0.13
0.05	0.07	0.01	0.25	0.09	0.05	0.17	0.33	0.11
0.05	0.07	0.00	0.26	0.13	0.06	0.22	0.04	0.11
0.06	0.07	0.00	0.28	0.16	0.07	0.22	0.04	0.11
0.06	0.07	0.00	0.28	0.19	0.06	0.22	0.05	0.11
0.08	0.06	0.00	0.25	0.17	0.08	0.22	0.08	0.17
0.30	0.09	0.00	0.25	0.18	0.18	0.26	0.28	0.23
0.36	0.10	0.00	0.25	0.19	0.12	0.31	0.25	0.12
0.25	0.10	0.01	0.28	0.34	0.14	0.29	0.35	0.14
0.33	0.10	0.01	0.25	0.25	0.09	0.30	0.29	0.14
0.40	0.13	0.02	0.25	0.50	0.09	0.40	0.27	0.12
0.28	0.10	0.02	0.25	0.28	0.08	0.36	0.42	0.12
0.53	0.11	0.02	0.25	0.57	0.08	0.38	0.29	0.13
