0.06	0.04	0.04	0.26	0.51	0.15	0.15	0.10	0.08
0.05	0.02	0.02	0.28	0.41	0.15	0.15	0.09	0.10
0.05	0.01	0.00	0.26	0.22	0.26	0.15	0.04	0.19
0.00	0.01	0.00	0.26	0.24	0.08	0.12	0.01	0.15
0.00	0.02	0.00	0.26	0.12	0.07	0.12	0.01	0.19
0.00	0.02	0.00	0.23	0.09	0.02	0.11	0.02	0.07
0.05	0.02	0.00	0.29	0.12	0.03	0.14	0.04	0.16
0.03	0.00	0.00	0.26	0.47	0.06	0.11	0.02	0.23
0.04	0.02	0.00	0.25	0.18	0.15	0.07	0.09	0.30
0.03	0.07	0.01	0.23	0.21	0.04	0.11	0.05	0.13
0.02	0.05	0.01	0.27	0.16	0.02	0.12	0.02	0.05
0.03	0.04	0.01	0.28	0.16	0.02	0.12	0.02	0.06
0.02	0.04	0.00	0.27	0.22	0.04	0.23	0.06	0.19
0.00	0.00	0.00	0.25	0.24	0.02	0.06	0.00	0.32
0.00	0.00	0.00	0.25	0.36	0.06	0.14	0.01	0.18
0.00	0.00	0.00	0.25	0.30	0.06	0.17	0.01	0.22
0.00	0.00	0.00	0.23	0.16	0.02	0.27	0.00	0.27
0.00	0.00	0.00	0.29	0.27	0.02	0.14	0.01	0.39
0.00	0.00	0.00	0.25	0.21	0.06	0.29	0.01	0.34
0.00	0.00	0.00	0.24	0.22	0.02	0.51	0.00	0.45
0.00	0.00	0.00	0.33	0.18	0.01	0.18	0.00	0.25
0.00	0.00	0.00	0.27	0.22	0.02	0.16	0.01	0.51
0.01	0.00	0.00	0.25	0.21	0.10	0.27	0.02	0.42
0.00	0.00	0.00	0.25	0.20	0.11	0.40	0.02	0.25
0.00	0.00	0.00	0.25	0.21	0.54	0.31	0.01	0.29
0.00	0.00	0.00	0.27	0.23	0.19	0.27	0.01	0.27
0.00	0.00	0.00	0.26	0.18	0.29	0.41	0.02	0.11
0.00	0.00	0.00	0.27	0.21	0.54	0.26	0.00	0.66
0.00	0.01	0.00	0.25	0.21	0.06	0.27	0.01	0.25
0.02	0.00	0.00	0.25	0.16	0.02	0.29	0.02	0.45
0.02	0.00	0.00	0.27	0.24	0.02	0.16	0.02	0.28
0.00	0.00	0.00	0.26	0.27	0.02	0.20	0.00	0.22
0.25	0.17	0.02	0.26	0.19	0.07	0.24	0.20	0.26
0.13	0.21	0.01	0.26	0.24	0.51	0.25	0.25	0.13
0.12	0.07	0.00	0.25	0.32	0.12	0.23	0.06	0.29
