# Variant	Relative_solvent_accessibility	Allosteric_site	Catalytic_site	Altered Secondary_structure	Altered Stability_and_conformational_flexibility	Altered Special_structural_signatures	Altered Macromolecular_binding	Altered Metal_binding	Altered PTM_site
L24S	0.03	0.02	0.00	0.07	0.19	0.02	0.40	0.01	0.26
Y28N	0.00	0.02	0.00	0.07	0.22	0.02	0.40	0.01	0.32
I44M	0.02	0.02	0.00	0.27	0.19	0.07	0.38	0.02	0.25
V52I	0.02	0.00	0.00	0.26	0.19	0.09	0.38	0.02	0.16
L63F	0.00	0.01	0.00	0.25	0.18	0.01	0.15	0.01	0.15
V102A	0.02	0.02	0.00	0.26	0.31	0.02	0.13	0.03	0.15
S133G	0.00	0.03	0.00	0.26	0.23	0.01	0.25	0.10	0.20
D161H	0.00	0.00	0.00	0.26	0.13	0.01	0.30	0.06	0.17
R170S	0.01	0.02	0.00	0.27	0.20	0.01	0.20	0.00	0.23
G173R	0.01	0.02	0.00	0.30	0.20	0.01	0.26	0.00	0.20
P191A	0.00	0.02	0.00	0.29	0.21	0.03	0.27	0.01	0.51
T284I	0.01	0.01	0.00	0.22	0.31	0.05	0.30	0.01	0.19
K311E	0.02	0.00	0.00	0.25	0.25	0.04	0.23	0.01	0.28
L332P	0.00	0.00	0.00	0.26	0.19	0.02	0.41	0.01	0.22
T333A	0.00	0.00	0.00	0.24	0.18	0.02	0.29	0.01	0.23
N344D	0.00	0.00	0.00	0.34	0.22	0.03	0.24	0.00	0.14
T351K	0.00	0.00	0.00	0.25	0.26	0.03	0.16	0.00	0.19
L362V	0.00	0.00	0.00	0.25	0.23	0.02	0.31	0.00	0.29
N366D	0.00	0.00	0.00	0.26	0.21	0.01	0.31	0.01	0.23
S372G	0.00	0.00	0.00	0.27	0.20	0.02	0.32	0.00	0.30
S376R	0.00	0.00	0.00	0.25	0.20	0.02	0.33	0.00	0.26
S376T	0.00	0.00	0.00	0.26	0.20	0.02	0.26	0.00	0.22
S380T	0.00	0.00	0.00	0.26	0.21	0.02	0.20	0.00	0.20
S387C	0.04	0.00	0.00	0.26	0.46	0.04	0.16	0.02	0.20
S454F	0.03	0.00	0.00	0.27	0.25	0.08	0.43	0.01	0.55
S461R	0.00	0.00	0.00	0.25	0.23	0.04	0.20	0.01	0.17
G467D	0.00	0.00	0.00	0.25	0.19	0.04	0.13	0.00	0.16
C469W	0.00	0.00	0.00	0.29	0.22	0.06	0.15	0.00	0.16
S478F	0.00	0.00	0.00	0.25	0.24	0.01	0.18	0.00	0.18
A503P	0.00	0.00	0.00	0.29	0.20	0.03	0.30	0.01	0.20
S518P	0.00	0.00	0.00	0.25	0.19	0.01	0.27	0.01	0.13
Q559R	0.00	0.00	0.00	0.25	0.25	0.01	0.26	0.03	0.22
Q568H	0.00	0.01	0.00	0.25	0.26	0.02	0.11	0.04	0.13
E570K	0.00	0.02	0.00	0.25	0.29	0.02	0.25	0.01	0.14
S572F	0.00	0.03	0.00	0.25	0.41	0.02	0.26	0.02	0.09
A587T	0.01	0.01	0.00	0.26	0.22	0.03	0.18	0.05	0.09
M597R	0.00	0.01	0.00	0.27	0.19	0.02	0.17	0.01	0.09
K685Q	0.00	0.01	0.00	0.26	0.24	0.02	0.09	0.01	0.14
R686S	0.00	0.01	0.00	0.25	0.27	0.02	0.07	0.02	0.28
C755R	0.00	0.01	0.00	0.23	0.28	0.01	0.11	0.01	0.29
P758R	0.00	0.00	0.00	0.26	0.27	0.01	0.11	0.02	0.21
S771G	0.00	0.00	0.00	0.26	0.33	0.02	0.12	0.00	0.13
G793S	0.00	0.00	0.00	0.25	0.20	0.01	0.08	0.00	0.10
Q797K	0.00	0.00	0.00	0.26	0.21	0.01	0.07	0.03	0.09
Q856H	0.02	0.04	0.00	0.26	0.26	0.03	0.18	0.02	0.06
G866V	0.02	0.04	0.01	0.27	0.27	0.05	0.11	0.08	0.12
V870A	0.02	0.02	0.01	0.26	0.53	0.05	0.10	0.07	0.10
V870L	0.02	0.02	0.01	0.28	0.23	0.05	0.10	0.07	0.10
G881D	0.04	0.03	0.00	0.26	0.16	0.11	0.22	0.10	0.13
V928M	0.04	0.06	0.00	0.27	0.13	0.27	0.27	0.09	0.03
L931P	0.06	0.10	0.00	0.30	0.21	0.34	0.31	0.10	0.03
V959L	0.02	0.01	0.00	0.26	0.27	0.02	0.08	0.01	0.10
L961P	0.02	0.01	0.00	0.26	0.72	0.04	0.08	0.01	0.10
G964R	0.02	0.01	0.00	0.29	0.23	0.02	0.24	0.00	0.17
P1008L	0.03	0.02	0.00	0.29	0.28	0.04	0.14	0.01	0.04
F1016S	0.14	0.03	0.00	0.26	0.19	0.20	0.18	0.01	0.04
M1032I	0.06	0.06	0.02	0.23	0.11	0.23	0.19	0.08	0.02
I1035F	0.06	0.23	0.02	0.23	0.10	0.19	0.25	0.08	0.01
G1068A	0.02	0.05	0.01	0.27	0.13	0.06	0.26	0.02	0.04
L1070P	0.02	0.05	0.01	0.27	0.16	0.04	0.19	0.02	0.04
F1071L	0.02	0.05	0.01	0.27	0.13	0.02	0.19	0.05	0.04
I1131T	0.16	0.04	0.00	0.25	0.37	0.12	0.24	0.20	0.05
L1150F	0.12	0.03	0.00	0.28	0.16	0.20	0.21	0.06	0.03
W1159L	0.04	0.13	0.03	0.26	0.16	0.22	0.38	0.05	0.18
W1159R	0.05	0.13	0.03	0.26	0.23	0.23	0.36	0.05	0.16
W1164C	0.06	0.14	0.03	0.25	0.18	0.26	0.41	0.17	0.04
S1169C	0.13	0.15	0.03	0.26	0.19	0.30	0.26	0.31	0.04
G1174R	0.12	0.10	0.02	0.27	0.21	0.30	0.31	0.23	0.11
