0.14	0.05	0.00	0.25	0.26	0.03	0.17	0.01	0.14
0.08	0.05	0.00	0.27	0.17	0.02	0.07	0.05	0.19
0.05	0.04	0.00	0.25	0.28	0.06	0.07	0.03	0.09
0.03	0.05	0.00	0.25	0.18	0.09	0.11	0.04	0.06
0.03	0.08	0.00	0.29	0.18	0.10	0.12	0.02	0.03
0.20	0.23	0.19	0.26	0.18	0.10	0.37	0.18	0.12
0.08	0.15	0.27	0.27	0.18	0.03	0.28	0.07	0.12
0.08	0.05	0.00	0.28	0.24	0.05	0.10	0.09	0.12
0.11	0.11	0.00	0.28	0.15	0.07	0.20	0.17	0.08
0.22	0.17	0.35	0.27	0.14	0.29	0.26	0.24	0.11
0.24	0.16	0.25	0.28	0.14	0.29	0.27	0.23	0.20
0.12	0.20	0.24	0.24	0.11	0.12	0.36	0.22	0.06
0.28	0.09	0.00	0.25	0.14	0.20	0.29	0.18	0.08
