# Variant	Relative_solvent_accessibility	Allosteric_site	Catalytic_site	Altered Secondary_structure	Altered Stability_and_conformational_flexibility	Altered Special_structural_signatures	Altered Macromolecular_binding	Altered Metal_binding	Altered PTM_site
V12M	0.05	0.35	0.08	0.26	0.28	0.06	0.36	0.10	0.13
T32S	0.31	0.16	0.05	0.24	0.16	0.08	0.29	0.15	0.03
I45T	0.25	0.32	0.24	0.26	0.23	0.09	0.28	0.25	0.20
P58S	0.20	0.16	0.03	0.26	0.24	0.06	0.32	0.21	0.13
K62N	0.17	0.10	0.03	0.26	0.23	0.06	0.36	0.19	0.16
G124A	0.13	0.00	0.00	0.30	0.29	0.25	0.11	0.05	0.13
Q159H	0.02	0.06	0.00	0.26	0.22	0.04	0.10	0.19	0.02
I186F	0.03	0.02	0.00	0.09	0.13	0.40	0.13	0.00	0.30
C221R	0.02	0.00	0.00	0.02	0.35	0.01	0.23	0.01	0.21
D225N	0.02	0.00	0.00	0.02	0.25	0.01	0.10	0.01	0.18
H260N	0.03	0.00	0.00	0.02	0.20	0.05	0.16	0.01	0.23
R278L	0.01	0.00	0.00	0.02	0.22	0.08	0.11	0.00	0.25
H326R	0.01	0.00	0.00	0.02	0.19	0.01	0.21	0.01	0.21
S336C	0.01	0.00	0.00	0.02	0.22	0.01	0.06	0.00	0.21
S344L	0.00	0.00	0.00	0.02	0.21	0.03	0.08	0.00	0.19
R385C	0.05	0.00	0.00	0.28	0.34	0.06	0.05	0.01	0.17
K398R	0.02	0.00	0.00	0.02	0.26	0.19	0.14	0.01	0.40
T410S	0.01	0.00	0.00	0.02	0.27	0.05	0.05	0.00	0.21
I432L	0.01	0.00	0.00	0.02	0.22	0.02	0.10	0.00	0.17
R519C	0.01	0.00	0.00	0.02	0.18	0.01	0.09	0.01	0.16
H531R	0.00	0.00	0.00	0.02	0.18	0.02	0.06	0.06	0.11
T542A	0.00	0.00	0.00	0.02	0.25	0.08	0.08	0.00	0.18
Y569S	0.00	0.00	0.00	0.23	0.61	0.20	0.16	0.00	0.24
S582N	0.02	0.00	0.00	0.03	0.30	0.27	0.10	0.01	0.17
R656Q	0.03	0.00	0.00	0.02	0.27	0.15	0.03	0.00	0.17
G661A	0.00	0.00	0.00	0.02	0.24	0.14	0.09	0.00	0.17
K720R	0.03	0.00	0.00	0.03	0.30	0.14	0.09	0.00	0.27
R726C	0.02	0.00	0.00	0.02	0.28	0.13	0.07	0.01	0.20
S738N	0.00	0.00	0.00	0.04	0.17	0.02	0.21	0.00	0.46
T793I	0.03	0.00	0.00	0.02	0.14	0.24	0.16	0.01	0.11
T841I	0.00	0.00	0.00	0.02	0.20	0.03	0.16	0.01	0.19
I846T	0.02	0.00	0.00	0.02	0.19	0.03	0.14	0.00	0.19
R850S	0.02	0.00	0.00	0.02	0.17	0.03	0.14	0.00	0.20
N868S	0.01	0.00	0.00	0.03	0.21	0.02	0.08	0.00	0.14
T896A	0.00	0.00	0.00	0.02	0.13	0.02	0.08	0.00	0.20
L929S	0.06	0.00	0.00	0.02	0.25	0.08	0.11	0.00	0.17
D971E	0.03	0.00	0.00	0.02	0.27	0.04	0.12	0.01	0.32
Y972H	0.03	0.00	0.00	0.02	0.32	0.04	0.11	0.03	0.61
L980R	0.01	0.00	0.00	0.02	0.38	0.02	0.04	0.00	0.27
S1055N	0.00	0.00	0.00	0.03	0.18	0.01	0.07	0.02	0.19
E1082K	0.01	0.00	0.00	0.02	0.26	0.04	0.18	0.01	0.39
V1186G	0.08	0.11	0.02	0.26	0.72	0.12	0.28	0.05	0.21
M1197T	0.11	0.22	0.20	0.22	0.16	0.10	0.26	0.18	0.11
A1209T	0.07	0.21	0.08	0.24	0.13	0.11	0.20	0.06	0.09
R1214H	0.03	0.20	0.04	0.05	0.09	0.05	0.16	0.05	0.09
Q1258E	0.04	0.30	0.02	0.28	0.20	0.11	0.25	0.19	0.13
E1281A	0.26	0.14	0.00	0.27	0.14	0.03	0.18	0.06	0.20
