0.05	0.35	0.08	0.26	0.28	0.06	0.36	0.10	0.13
0.31	0.16	0.05	0.24	0.16	0.08	0.29	0.15	0.03
0.25	0.32	0.24	0.26	0.23	0.09	0.28	0.25	0.20
0.20	0.16	0.03	0.26	0.24	0.06	0.32	0.21	0.13
0.17	0.10	0.03	0.26	0.23	0.06	0.36	0.19	0.16
0.13	0.00	0.00	0.30	0.29	0.25	0.11	0.05	0.13
0.02	0.06	0.00	0.26	0.22	0.04	0.10	0.19	0.02
0.03	0.02	0.00	0.09	0.13	0.40	0.13	0.00	0.30
0.02	0.00	0.00	0.02	0.35	0.01	0.23	0.01	0.21
0.02	0.00	0.00	0.02	0.25	0.01	0.10	0.01	0.18
0.03	0.00	0.00	0.02	0.20	0.05	0.16	0.01	0.23
0.01	0.00	0.00	0.02	0.22	0.08	0.11	0.00	0.25
0.01	0.00	0.00	0.02	0.19	0.01	0.21	0.01	0.21
0.01	0.00	0.00	0.02	0.22	0.01	0.06	0.00	0.21
0.00	0.00	0.00	0.02	0.21	0.03	0.08	0.00	0.19
0.05	0.00	0.00	0.28	0.34	0.06	0.05	0.01	0.17
0.02	0.00	0.00	0.02	0.26	0.19	0.14	0.01	0.40
0.01	0.00	0.00	0.02	0.27	0.05	0.05	0.00	0.21
0.01	0.00	0.00	0.02	0.22	0.02	0.10	0.00	0.17
0.01	0.00	0.00	0.02	0.18	0.01	0.09	0.01	0.16
0.00	0.00	0.00	0.02	0.18	0.02	0.06	0.06	0.11
0.00	0.00	0.00	0.02	0.25	0.08	0.08	0.00	0.18
0.00	0.00	0.00	0.23	0.61	0.20	0.16	0.00	0.24
0.02	0.00	0.00	0.03	0.30	0.27	0.10	0.01	0.17
0.03	0.00	0.00	0.02	0.27	0.15	0.03	0.00	0.17
0.00	0.00	0.00	0.02	0.24	0.14	0.09	0.00	0.17
0.03	0.00	0.00	0.03	0.30	0.14	0.09	0.00	0.27
0.02	0.00	0.00	0.02	0.28	0.13	0.07	0.01	0.20
0.00	0.00	0.00	0.04	0.17	0.02	0.21	0.00	0.46
0.03	0.00	0.00	0.02	0.14	0.24	0.16	0.01	0.11
0.00	0.00	0.00	0.02	0.20	0.03	0.16	0.01	0.19
0.02	0.00	0.00	0.02	0.19	0.03	0.14	0.00	0.19
0.02	0.00	0.00	0.02	0.17	0.03	0.14	0.00	0.20
0.01	0.00	0.00	0.03	0.21	0.02	0.08	0.00	0.14
0.00	0.00	0.00	0.02	0.13	0.02	0.08	0.00	0.20
0.06	0.00	0.00	0.02	0.25	0.08	0.11	0.00	0.17
0.03	0.00	0.00	0.02	0.27	0.04	0.12	0.01	0.32
0.03	0.00	0.00	0.02	0.32	0.04	0.11	0.03	0.61
0.01	0.00	0.00	0.02	0.38	0.02	0.04	0.00	0.27
0.00	0.00	0.00	0.03	0.18	0.01	0.07	0.02	0.19
0.01	0.00	0.00	0.02	0.26	0.04	0.18	0.01	0.39
0.08	0.11	0.02	0.26	0.72	0.12	0.28	0.05	0.21
0.11	0.22	0.20	0.22	0.16	0.10	0.26	0.18	0.11
0.07	0.21	0.08	0.24	0.13	0.11	0.20	0.06	0.09
0.03	0.20	0.04	0.05	0.09	0.05	0.16	0.05	0.09
0.04	0.30	0.02	0.28	0.20	0.11	0.25	0.19	0.13
0.26	0.14	0.00	0.27	0.14	0.03	0.18	0.06	0.20
