0.00	0.00	0.00	0.26	0.26	0.03	0.04	0.04	0.05
0.00	0.00	0.00	0.25	0.25	0.02	0.03	0.06	0.05
0.01	0.00	0.00	0.26	0.38	0.04	0.07	0.00	0.20
0.00	0.00	0.00	0.25	0.20	0.03	0.26	0.01	0.29
0.00	0.00	0.00	0.25	0.25	0.07	0.27	0.01	0.10
0.00	0.00	0.00	0.26	0.26	0.06	0.16	0.01	0.06
0.00	0.02	0.00	0.26	0.65	0.05	0.20	0.01	0.10
0.06	0.04	0.00	0.26	0.11	0.13	0.21	0.21	0.07
0.08	0.09	0.00	0.23	0.27	0.12	0.23	0.04	0.15
0.06	0.10	0.00	0.22	0.25	0.13	0.25	0.04	0.15
0.02	0.14	0.02	0.28	0.31	0.03	0.12	0.37	0.11
0.01	0.09	0.00	0.29	0.29	0.02	0.07	0.24	0.12
0.02	0.07	0.00	0.28	0.28	0.03	0.07	0.04	0.11
0.01	0.06	0.00	0.25	0.33	0.03	0.08	0.03	0.05
0.00	0.09	0.00	0.26	0.28	0.03	0.13	0.03	0.18
0.03	0.05	0.00	0.25	0.17	0.04	0.21	0.18	0.15
0.09	0.10	0.01	0.27	0.17	0.14	0.24	0.18	0.12
0.09	0.09	0.02	0.25	0.15	0.17	0.24	0.14	0.18
0.02	0.03	0.00	0.24	0.23	0.05	0.16	0.07	0.10
0.01	0.02	0.00	0.25	0.20	0.03	0.22	0.07	0.15
0.02	0.02	0.00	0.27	0.24	0.04	0.28	0.08	0.07
0.02	0.02	0.00	0.27	0.23	0.03	0.22	0.15	0.06
0.02	0.02	0.00	0.25	0.20	0.03	0.14	0.07	0.18
0.00	0.01	0.00	0.25	0.18	0.02	0.13	0.02	0.19
0.00	0.02	0.00	0.25	0.18	0.03	0.12	0.02	0.16
0.02	0.03	0.00	0.26	0.23	0.03	0.09	0.05	0.08
0.01	0.02	0.00	0.26	0.40	0.02	0.11	0.23	0.16
0.00	0.02	0.00	0.30	0.27	0.02	0.11	0.09	0.16
0.00	0.02	0.00	0.29	0.37	0.02	0.09	0.07	0.21
0.00	0.02	0.00	0.28	0.24	0.02	0.08	0.01	0.28
0.00	0.00	0.00	0.34	0.25	0.02	0.08	0.05	0.52
0.00	0.01	0.00	0.28	0.33	0.02	0.13	0.01	0.36
0.00	0.01	0.00	0.26	0.30	0.02	0.07	0.01	0.84
0.00	0.01	0.00	0.26	0.28	0.02	0.22	0.03	0.18
0.01	0.01	0.00	0.25	0.26	0.02	0.20	0.03	0.24
0.00	0.02	0.00	0.28	0.24	0.01	0.25	0.02	0.72
