0.04	0.10	0.00	0.26	0.28	0.08	0.25	0.10	0.09	0.553	0.0	0.0	0.44	0.064	0.374933481216	3.07	1.946000	0.111000	-0.189000	1.000000	0.995000	0.994000	125
0.08	0.10	0.00	0.26	0.36	0.05	0.26	0.02	0.38	0.003	0.991	0.898	-2.37	0.153	0.291351437569	3.12	1.894000	-0.057000	0.756000	1.000000	0.998000	1.000000	125
0.06	0.04	0.00	0.26	0.25	0.05	0.21	0.02	0.29	0.232	0.011	0.019	-0.85	0.034	0.177992492914	3.36	3.252000	0.230000	0.676000	1.000000	0.998000	0.980000	125
0.06	0.05	0.00	0.26	0.25	0.05	0.16	0.13	0.20	1.0	0.0	0.001	0.05	0.090	0.249010935426	0.904	0.182000	-0.868000	-0.872000	0.893000	0.905000	0.648000	125
0.18	0.25	0.00	0.27	0.23	0.04	0.23	0.08	0.35	0.024	0.987	0.867	-1.11	0.221	0.426960527897	5.14	8.011000	1.288000	0.756000	1.000000	1.000000	0.998000	125
0.05	0.25	0.00	0.26	0.08	0.04	0.22	0.04	0.29	0.008	0.907	0.753	-1.97	0.327	0.466446638107	3.93	2.545000	0.266000	-0.092000	1.000000	0.991000	0.985000	125
0.06	0.03	0.00	0.25	0.32	0.24	0.22	0.02	0.11	0.661	0.001	0.005	-0.99	0.071	0.277008295059	2.65	0.614000	-0.230000	0.599000	1.000000	0.970000	0.864000	125
0.15	0.09	0.00	0.27	0.21	0.26	0.19	0.17	0.14	0.013	0.997	0.91	-2.69	0.193	0.398228615522	5.62	5.420000	1.312000	0.691000	1.000000	1.000000	0.988000	125
0.00	0.04	0.00	0.25	0.14	0.03	0.20	0.00	0.09	0.601	0.0	0.001	-0.62	0.025	0.441784650087	3.17	2.524000	1.138000	0.665000	1.000000	0.980000	0.992000	126
0.00	0.05	0.00	0.25	0.17	0.04	0.22	0.00	0.10	0.174	0.018	0.019	-0.86	0.049	0.46124702692	4.67	2.971000	1.026000	0.599000	1.000000	0.983000	0.991000	126
0.01	0.04	0.00	0.28	0.18	0.05	0.13	0.01	0.13	0.009	0.058	0.04	-1.61	0.183	0.329805701971	5.45	7.667000	1.312000	0.756000	1.000000	0.908000	0.962000	126
0.02	0.07	0.00	0.28	0.08	0.06	0.13	0.13	0.10	0.121	0.489	0.128	-1.04	0.086	0.600030422211	5.59	5.016000	1.176000	0.676000	1.000000	1.000000	0.999000	126
0.06	0.07	0.00	0.28	0.15	0.04	0.16	0.12	0.15	0.0	1.0	0.999	-3.25	0.583	0.610763072968	5.59	8.219000	1.176000	0.676000	1.000000	1.000000	0.992000	126
0.09	0.07	0.00	0.32	0.15	0.05	0.16	0.11	0.07	0.0	1.0	0.999	-3.22	0.656	0.593084692955	5.59	8.219000	1.176000	0.676000	1.000000	1.000000	0.992000	126
0.03	0.14	0.00	0.25	0.11	0.06	0.18	0.01	0.11	0.066	0.008	0.003	-1.74	0.070	0.319714188576	4.38	1.486000	1.138000	0.665000	0.996000	0.999000	0.997000	126
0.07	0.11	0.00	0.28	0.14	0.10	0.19	0.06	0.11	0.007	0.679	0.425	-0.67	0.069	0.503172278404	3.4	3.512000	-0.178000	0.676000	1.000000	0.976000	0.993000	126
0.03	0.06	0.00	0.26	0.13	0.07	0.25	0.01	0.05	0.001	0.991	0.77	-3.01	0.608	0.502648115158	5.33	7.428000	1.138000	0.665000	1.000000	1.000000	0.988000	126
0.19	0.05	0.00	0.25	0.31	0.16	0.31	0.07	0.14	0.013	0.995	0.913	-2.86	0.330	0.372576713562	4.24	7.451000	1.176000	0.676000	1.000000	0.984000	0.927000	126
0.23	0.24	0.00	0.26	0.27	0.19	0.30	0.03	0.15	0.83	0.0	0.0	-0.67	0.135	0.248825728893	1.62	-0.069000	1.312000	0.756000	0.001000	0.815000	0.968000	126
0.19	0.13	0.00	0.12	0.09	0.06	0.28	0.02	0.11	0.269	0.01	0.009	-1.05	0.131	0.392022490501	3.38	2.667000	1.312000	0.756000	1.000000	1.000000	0.999000	126
0.22	0.04	0.00	0.25	0.32	0.09	0.25	0.07	0.19	0.162	0.999	0.991	-0.9	0.272	0.654642045498	5.72	9.261000	1.172000	0.671000	1.000000	0.999000	0.999000	126
0.11	0.04	0.00	0.25	0.20	0.05	0.21	0.02	0.15	0.066	0.963	0.564	-1.7	0.164	0.539377570152	5.72	7.309000	1.023000	0.595000	1.000000	0.997000	0.901000	126
0.04	0.07	0.00	0.15	0.12	0.07	0.20	0.21	0.02	0.247	0.007	0.01	-0.86	0.117	0.548949956894	5.72	2.138000	1.172000	0.671000	1.000000	1.000000	1.000000	126
0.04	0.07	0.00	0.27	0.09	0.08	0.20	0.24	0.02	0.0	1.0	0.988	-4.49	0.696	0.513811290264	5.72	8.631000	1.308000	0.750000	1.000000	1.000000	0.998000	126
0.03	0.03	0.00	0.25	0.28	0.13	0.19	0.03	0.24	0.003	0.189	0.022	-2.09	0.167	0.422127366066	4.09	4.504000	1.026000	0.599000	1.000000	0.885000	0.893000	126
0.05	0.08	0.00	0.24	0.20	0.06	0.26	0.01	0.22	1.0	0.0	0.001	0.79	0.110	0.368729352951	3.73	2.850000	0.315000	0.756000	1.000000	0.940000	0.996000	126
0.12	0.10	0.00	0.26	0.19	0.30	0.22	0.04	0.04	0.261	0.219	0.042	-1.98	0.228	0.352610349655	5.07	8.282000	1.312000	0.756000	1.000000	0.998000	0.854000	126
0.11	0.11	0.00	0.27	0.19	0.28	0.21	0.05	0.03	0.018	0.679	0.202	-1.45	0.038	0.370459914207	3.11	0.471000	1.026000	0.599000	0.974000	0.997000	0.837000	126
0.06	0.13	0.00	0.25	0.08	0.16	0.21	0.03	0.02	0.005	0.997	0.916	-1.42	0.160	0.561464130878	1.01	0.484000	0.197000	0.609000	0.882000	0.989000	0.893000	126
0.02	0.07	0.00	0.26	0.21	0.02	0.09	0.02	0.12	0.47	0.1	0.033	-0.93	0.172	0.433095812798	6.08	7.449000	1.026000	0.549000	1.000000	0.994000	0.966000	126
0.00	0.03	0.00	0.05	0.15	0.02	0.14	0.02	0.10	0.243	0.167	0.085	-1.31	0.163	0.22882732749	3.63	2.608000	1.312000	0.691000	0.436000	0.893000	0.794000	126
0.02	0.04	0.00	0.26	0.14	0.07	0.12	0.01	0.11	0.391	0.0	0.0	-0.72	0.061	0.261595189571	-3.47	0.412000	-0.890000	0.665000	0.062000	0.125000	0.886000	126
0.02	0.03	0.00	0.26	0.12	0.06	0.14	0.01	0.11	0.438	0.0	0.0	-0.44	0.053	0.245993763208	0.599	0.270000	0.048000	0.676000	0.104000	0.143000	0.905000	126
0.06	0.07	0.00	0.30	0.19	0.03	0.08	0.02	0.10	0.0	0.976	0.484	-3.85	0.792	0.643126726151	5.66	6.304000	1.138000	0.609000	1.000000	1.000000	0.997000	126
0.06	0.07	0.00	0.26	0.15	0.03	0.09	0.02	0.09	0.129	0.258	0.089	-1.93	0.388	0.521460056305	5.66	5.625000	1.312000	0.691000	1.000000	1.000000	0.997000	126
0.03	0.05	0.00	0.27	0.27	0.04	0.17	0.02	0.12	0.059	0.983	0.727	-1.87	0.200	0.498264968395	5.19	6.707000	1.176000	0.676000	1.000000	1.000000	0.998000	126
0.00	0.04	0.00	0.26	0.23	0.02	0.11	0.02	0.10	0.177	0.309	0.081	-1.0	0.080	0.389488995075	5.18	3.757000	1.176000	0.676000	0.983000	0.184000	0.408000	126
0.06	0.17	0.00	0.27	0.32	0.02	0.18	0.01	0.16	0.005	0.995	0.816	-2.68	0.746	0.476042985916	5.45	6.081000	1.138000	0.665000	1.000000	0.789000	0.674000	127
0.09	0.04	0.00	0.28	0.22	0.05	0.11	0.03	0.16	0.03	0.999	0.942	-1.44	0.355	0.368928879499	5.45	5.832000	1.176000	0.676000	1.000000	0.995000	0.994000	127
0.07	0.04	0.00	0.25	0.24	0.36	0.13	0.01	0.12	0.636	0.005	0.002	-1.68	0.346	0.513372004032	6.17	5.256000	1.136000	0.665000	1.000000	0.982000	0.968000	127
0.01	0.02	0.00	0.19	0.12	0.02	0.15	0.02	0.21	0.005	0.997	0.91	-2.14	0.361	0.539473116398	4.89	6.887000	1.176000	0.676000	1.000000	1.000000	0.999000	127
0.01	0.02	0.00	0.19	0.12	0.02	0.15	0.02	0.24	0.001	0.995	0.88	-3.67	0.690	0.486393928528	5.8	6.424000	1.312000	0.756000	1.000000	1.000000	0.999000	127
0.06	0.01	0.00	0.26	0.29	0.04	0.15	0.07	0.20	0.286	0.001	0.002	-0.73	0.105	0.313928246498	3.35	0.995000	-0.248000	0.676000	0.996000	0.378000	0.903000	144
0.02	0.01	0.00	0.26	0.19	0.07	0.36	0.02	0.25	0.02	0.993	0.837	-1.14	0.065	0.306667387486	-0.0626	0.309000	-0.235000	-0.242000	0.002000	0.061000	0.433000	144
0.01	0.02	0.00	0.26	0.36	0.07	0.12	0.01	0.18	0.39	0.001	0.003	-1.5	0.133	0.260096520185	0.972	0.296000	0.074000	0.549000	0.958000	0.719000	0.877000	144
0.01	0.03	0.00	0.18	0.14	0.04	0.10	0.02	0.05	0.007	1.0	0.989	-2.09	0.473	0.457319885492	-2.44	0.302000	0.314000	0.756000	0.997000	0.936000	0.980000	144
0.01	0.02	0.00	0.27	0.15	0.07	0.05	0.01	0.14	0.444	0.0	0.002	-0.73	0.076	0.351880818605	-1.87	0.959000	-0.037000	-0.051000	0.969000	0.743000	0.887000	144
0.02	0.03	0.00	0.25	0.17	0.08	0.10	0.01	0.15	0.287	0.059	0.037	-0.7	0.085	0.345815896988	4.08	0.509000	1.026000	0.599000	0.000000	0.195000	0.398000	144
0.00	0.02	0.00	0.25	0.28	0.03	0.12	0.01	0.08	0.502	0.0	0.001	-0.63	0.114	0.286622107029	-4.79	-0.774000	0.175000	-0.169000	0.001000	0.940000	0.376000	144
0.00	0.02	0.00	0.24	0.27	0.04	0.09	0.04	0.10	0.243	0.0	0.0	-1.44	0.154	0.288717776537	0.462	-0.053000	1.312000	0.756000	0.000000	0.002000	0.021000	144
0.00	0.02	0.00	0.22	0.20	0.04	0.09	0.04	0.14	0.001	1.0	0.942	-3.97	0.604	0.676050901413	5.67	5.230000	1.214000	0.756000	1.000000	0.976000	0.983000	144
0.02	0.04	0.00	0.24	0.30	0.02	0.06	0.01	0.13	0.356	0.124	0.05	-1.75	0.072	0.226513534784	2.85	0.702000	0.138000	0.599000	0.000000	0.030000	0.151000	144
0.02	0.04	0.00	0.26	0.32	0.02	0.06	0.01	0.13	1.0	0.0	0.002	-2.29	0.111	0.232276022434	3.83	0.541000	0.103000	-0.223000	0.000000	0.058000	0.198000	144
0.01	0.05	0.00	0.22	0.21	0.02	0.07	0.01	0.09	0.351	0.001	0.002	-0.12	0.140	0.341949880123	4.81	0.638000	1.176000	0.676000	0.955000	1.000000	0.978000	144
0.01	0.05	0.00	0.22	0.16	0.04	0.09	0.01	0.18	0.012	0.376	0.135	-3.12	0.399	0.379130542278	5.5	7.448000	1.312000	0.756000	1.000000	1.000000	0.998000	144
0.01	0.05	0.00	0.20	0.08	0.03	0.08	0.09	0.18	0.348	0.037	0.023	-1.22	0.168	0.33604028821	5.5	5.571000	1.312000	0.756000	0.988000	0.723000	0.947000	144
0.01	0.02	0.00	0.14	0.10	0.03	0.11	0.01	0.02	0.447	0.001	0.002	-0.43	0.035	0.316934525967	3.34	1.061000	0.269000	0.691000	0.895000	0.992000	0.989000	144
0.02	0.03	0.00	0.24	0.15	0.03	0.16	0.01	0.12	0.584	0.0	0.001	-1.25	0.349	0.444010555744	4.31	2.207000	1.312000	0.756000	0.998000	0.992000	0.974000	144
0.03	0.02	0.00	0.24	0.17	0.04	0.14	0.01	0.08	0.528	0.001	0.002	-0.34	0.141	0.3207885921	0.546	0.096000	-0.047000	-0.043000	0.223000	0.968000	0.924000	144
0.03	0.03	0.00	0.23	0.11	0.07	0.14	0.01	0.11	0.009	0.997	0.943	-2.07	0.552	0.599496245384	5.43	7.767000	1.176000	0.676000	1.000000	0.984000	0.865000	144
0.00	0.00	0.00	0.12	0.20	0.06	0.08	0.00	0.12	0.094	0.991	0.828	-2.58	0.365	0.436617732048	5.73	7.010000	1.026000	0.547000	1.000000	0.999000	0.984000	144
0.00	0.00	0.00	0.12	0.21	0.12	0.16	0.00	0.12	0.029	0.995	0.924	-2.45	0.418	0.49360960722	5.73	5.334000	1.026000	0.547000	1.000000	0.999000	0.982000	144
0.01	0.00	0.00	0.25	0.27	0.03	0.07	0.00	0.27	0.096	0.349	0.148	-1.46	0.106	0.381388247013	4.8	5.725000	0.161000	0.616000	1.000000	0.988000	0.994000	144
0.01	0.00	0.00	0.25	0.27	0.02	0.07	0.00	0.25	0.282	0.004	0.007	-1.27	0.126	0.421591341496	4.58	3.630000	1.312000	0.688000	1.000000	0.998000	0.998000	144
0.00	0.03	0.00	0.22	0.15	0.02	0.04	0.01	0.15	0.0	1.0	0.999	-6.7	0.710	0.7682762146	6.04	7.178000	1.138000	0.665000	1.000000	0.896000	0.934000	144
0.03	0.06	0.00	0.26	0.35	0.02	0.05	0.02	0.08	0.02	0.988	0.621	-2.47	0.431	0.65791118145	6.04	5.384000	1.176000	0.676000	1.000000	0.892000	0.971000	144
0.00	0.03	0.00	0.25	0.16	0.03	0.05	0.01	0.08	0.02	0.968	0.635	-1.27	0.193	0.407851815224	1.47	1.759000	-0.474000	-0.272000	1.000000	0.981000	0.989000	144
0.00	0.03	0.00	0.25	0.16	0.05	0.09	0.01	0.11	0.207	0.001	0.002	-2.2	0.052	0.340242892504	3.02	1.982000	1.288000	0.691000	0.950000	0.986000	0.995000	144
0.02	0.05	0.00	0.27	0.14	0.31	0.14	0.01	0.08	0.108	0.911	0.491	-2.66	0.181	0.427568614483	3.32	2.437000	0.084000	0.549000	1.000000	0.998000	0.998000	144
0.10	0.05	0.00	0.25	0.14	0.03	0.14	0.03	0.09	0.308	0.001	0.001	-0.3	0.138	0.265909820795	-0.835	0.088000	0.222000	-0.111000	0.000000	0.993000	0.993000	144
0.02	0.02	0.00	0.11	0.22	0.11	0.08	0.01	0.26	0.004	1.0	0.982	-2.59	0.521	0.54299902916	5.43	9.279000	1.176000	0.676000	1.000000	0.839000	0.712000	144
0.03	0.02	0.00	0.26	0.26	0.11	0.06	0.02	0.25	0.001	1.0	0.971	-4.06	0.795	0.671867489815	5.43	7.419000	1.138000	0.665000	1.000000	0.999000	0.996000	144
0.02	0.01	0.00	0.27	0.17	0.05	0.08	0.07	0.18	0.01	0.997	0.928	-2.56	0.463	0.631345868111	5.43	9.293000	1.176000	0.676000	1.000000	0.988000	0.885000	144
0.02	0.02	0.00	0.30	0.14	0.03	0.09	0.04	0.17	0.425	0.003	0.009	-0.8	0.062	0.407040089369	5.91	2.164000	1.312000	0.756000	0.980000	0.998000	0.996000	144
0.02	0.04	0.00	0.16	0.17	0.12	0.08	0.02	0.10	0.007	0.704	0.212	-2.94	0.414	0.680558025837	5.36	7.753000	1.134000	0.661000	1.000000	1.000000	1.000000	144
0.01	0.01	0.00	0.27	0.59	0.06	0.08	0.01	0.10	0.16	0.0	0.001	-3.46	0.268	0.488907545805	5.36	4.887000	1.134000	0.661000	1.000000	0.996000	0.998000	144
0.00	0.02	0.00	0.25	0.12	0.05	0.12	0.01	0.12	0.047	0.704	0.165	-1.47	0.154	0.575920522213	2.64	0.889000	0.127000	-0.194000	1.000000	0.999000	0.978000	144
0.00	0.03	0.00	0.30	0.12	0.04	0.04	0.00	0.16	0.095	0.002	0.002	-3.28	0.186	0.423521637917	1.43	3.581000	1.312000	0.756000	1.000000	0.922000	0.800000	145
0.00	0.03	0.00	0.25	0.12	0.04	0.05	0.00	0.17	0.209	0.819	0.163	-1.48	0.149	0.442970395088	5.01	3.097000	1.176000	0.676000	1.000000	0.983000	0.912000	145
0.00	0.02	0.00	0.21	0.15	0.10	0.06	0.02	0.06	0.007	1.0	0.982	-2.5	0.579	0.608339071274	5.01	6.940000	1.026000	0.599000	1.000000	1.000000	0.996000	145
0.00	0.02	0.00	0.17	0.15	0.11	0.04	0.02	0.07	0.02	0.883	0.462	-3.73	0.377	0.544896960258	5.01	5.274000	1.312000	0.756000	1.000000	0.998000	0.997000	145
0.00	0.01	0.00	0.25	0.08	0.06	0.04	0.02	0.02	0.077	0.937	0.506	-2.29	0.426	0.761996626854	5.01	8.780000	1.176000	0.676000	1.000000	0.996000	0.999000	145
0.00	0.01	0.00	0.28	0.07	0.03	0.06	0.00	0.06	0.006	0.979	0.802	-3.44	0.575	0.518018424511	4.04	2.636000	1.026000	0.599000	1.000000	1.000000	0.998000	145
0.01	0.00	0.00	0.27	0.10	0.03	0.06	0.01	0.11	0.001	1.0	0.947	-6.21	0.400	0.586306095123	5.01	5.225000	1.026000	0.599000	1.000000	0.997000	0.971000	145
0.01	0.02	0.00	0.22	0.13	0.04	0.05	0.01	0.06	0.055	0.376	0.108	-1.69	0.125	0.519099473953	5.31	8.584000	1.176000	0.676000	1.000000	1.000000	0.999000	145
0.00	0.00	0.00	0.07	0.19	0.22	0.03	0.02	0.15	0.004	0.987	0.754	-3.01	0.579	0.555036485195	5.55	7.973000	1.307000	0.751000	1.000000	0.997000	0.994000	145
0.01	0.01	0.00	0.25	0.22	0.16	0.04	0.02	0.15	0.349	0.0	0.001	-0.38	0.080	0.361406564713	4.58	2.182000	1.172000	0.672000	1.000000	0.994000	0.997000	145
0.01	0.07	0.00	0.25	0.14	0.04	0.14	0.12	0.06	0.0	1.0	1.0	-8.29	0.815	0.669318258762	5.47	8.846000	1.176000	0.676000	1.000000	0.998000	0.997000	145
0.02	0.01	0.00	0.26	0.28	0.22	0.13	0.02	0.17	0.016	0.215	0.103	-1.52	0.171	0.322046041489	4.17	2.492000	1.312000	0.756000	1.000000	0.982000	0.997000	145
0.09	0.02	0.00	0.26	0.17	0.34	0.23	0.17	0.27	0.453	0.988	0.76	-2.53	0.700	0.597221970558	4.9	6.285000	1.176000	0.618000	1.000000	1.000000	0.997000	145
0.00	0.00	0.00	0.30	0.16	0.03	0.08	0.00	0.13	0.491	0.001	0.001	-0.46	0.121	0.310570955276	1.25	0.879000	-0.075000	-0.794000	0.878000	0.997000	0.989000	145
0.02	0.00	0.00	0.25	0.38	0.21	0.11	0.04	0.14	0.226	0.0	0.001	-0.51	0.147	0.273336976767	3.88	0.956000	1.138000	0.665000	0.844000	0.863000	0.682000	145
0.01	0.02	0.00	0.28	0.11	0.02	0.03	0.01	0.09	0.008	0.749	0.219	-5.61	0.321	0.488298624754	3.97	4.500000	1.134000	0.605000	1.000000	1.000000	0.998000	145
0.02	0.02	0.00	0.28	0.14	0.02	0.08	0.01	0.09	0.088	0.722	0.293	-6.58	0.586	0.609589874744	5.52	4.542000	1.134000	0.605000	1.000000	0.999000	0.999000	145
0.03	0.02	0.00	0.25	0.17	0.02	0.03	0.03	0.04	0.009	1.0	0.957	-1.99	0.465	0.589209139347	4.61	4.466000	1.026000	0.549000	1.000000	0.998000	0.997000	145
0.03	0.02	0.00	0.24	0.16	0.03	0.04	0.02	0.12	0.182	0.29	0.06	-0.95	0.140	0.361840546131	4.62	1.917000	0.126000	-0.238000	0.981000	0.997000	0.988000	145
0.03	0.02	0.00	0.23	0.17	0.03	0.04	0.01	0.12	0.001	0.992	0.823	-3.73	0.564	0.391288727522	2.68	4.806000	1.176000	0.618000	1.000000	0.996000	0.994000	145
0.00	0.02	0.00	0.12	0.10	0.02	0.07	0.00	0.11	0.27	0.005	0.006	-1.52	0.088	0.313374698162	4.4	4.360000	0.324000	0.691000	1.000000	0.497000	0.855000	145
0.00	0.01	0.00	0.26	0.10	0.02	0.05	0.00	0.02	0.097	0.966	0.71	-4.16	0.480	0.584893941879	5.52	6.183000	1.138000	0.609000	1.000000	0.995000	0.962000	145
0.00	0.00	0.00	0.26	0.27	0.03	0.06	0.02	0.16	0.495	0.13	0.026	-1.1	0.061	0.29866963625	3.18	2.461000	0.272000	0.691000	0.408000	0.065000	0.387000	145
0.03	0.02	0.00	0.10	0.12	0.23	0.17	0.02	0.10	0.127	0.997	0.863	-2.31	0.437	0.647054791451	5.7	9.217000	1.176000	0.676000	1.000000	0.997000	0.993000	145
0.00	0.03	0.00	0.26	0.15	0.04	0.12	0.05	0.12	0.0	1.0	0.957	-6.59	0.486	0.788392603397	5.7	7.378000	1.138000	0.665000	1.000000	0.999000	0.998000	145
0.00	0.03	0.00	0.26	0.28	0.07	0.09	0.03	0.17	0.21	0.966	0.524	-2.22	0.174	0.604563653469	5.7	9.217000	1.176000	0.676000	1.000000	1.000000	0.986000	145
0.00	0.00	0.00	0.26	0.29	0.09	0.09	0.01	0.18	0.332	0.112	0.022	-0.91	0.092	0.4368493855	4.58	3.765000	1.312000	0.756000	1.000000	0.954000	0.982000	145
0.02	0.01	0.00	0.25	0.25	0.10	0.12	0.00	0.24	0.058	0.988	0.65	-1.74	0.348	0.720249891281	4.42	8.490000	1.176000	0.676000	1.000000	1.000000	0.994000	145
0.01	0.02	0.00	0.22	0.30	0.04	0.22	0.01	0.08	0.036	0.992	0.835	-1.13	0.217	0.640657007694	5.33	7.645000	1.176000	0.618000	1.000000	0.999000	0.980000	145
0.00	0.03	0.00	0.09	0.36	0.05	0.22	0.01	0.17	0.001	1.0	0.982	-5.51	0.456	0.79098623991	5.33	5.858000	1.138000	0.609000	1.000000	0.998000	0.988000	145
0.03	0.08	0.00	0.30	0.19	0.03	0.12	0.04	0.28	0.0	1.0	1.0	-6.81	0.797	0.667284607887	5.33	8.828000	1.312000	0.691000	1.000000	0.997000	0.998000	145
0.02	0.03	0.00	0.26	0.16	0.06	0.08	0.03	0.01	0.173	0.046	0.014	-1.3	0.158	0.348386079073	5.29	9.223000	1.176000	0.618000	1.000000	0.975000	0.811000	145
0.02	0.02	0.00	0.25	0.14	0.07	0.08	0.01	0.06	0.007	0.996	0.764	-1.38	0.287	0.532765507698	6.03	7.173000	1.026000	0.594000	1.000000	0.995000	0.987000	145
0.02	0.03	0.00	0.31	0.18	0.10	0.09	0.06	0.12	0.481	0.062	0.021	-0.62	0.026	0.31731826067	2.15	1.118000	-0.061000	-0.088000	0.988000	0.684000	0.939000	145
0.02	0.03	0.00	0.24	0.18	0.10	0.19	0.05	0.11	0.544	0.0	0.001	-0.21	0.081	0.266201794147	3.94	1.155000	0.115000	-0.280000	0.998000	0.842000	0.905000	145
0.01	0.08	0.00	0.24	0.16	0.06	0.14	0.03	0.10	0.0	1.0	1.0	-13.01	0.904	0.709122538567	5.81	9.398000	1.176000	0.671000	1.000000	0.999000	0.992000	145
0.03	0.03	0.00	0.25	0.22	0.03	0.08	0.05	0.21	0.004	0.999	0.96	-4.3	0.772	0.560675263405	5.59	7.077000	1.026000	0.599000	1.000000	0.995000	0.839000	147
0.01	0.01	0.00	0.03	0.09	0.24	0.06	0.01	0.10	0.248	0.234	0.079	-1.22	0.113	0.397597312927	1.5	1.818000	1.312000	0.756000	0.996000	0.996000	0.975000	147
0.01	0.03	0.00	0.22	0.15	0.06	0.14	0.01	0.15	0.489	0.001	0.004	0.29	0.048	0.348064184189	4.43	3.982000	-0.048000	-0.041000	1.000000	0.998000	0.998000	147
0.03	0.01	0.00	0.25	0.15	0.05	0.11	0.02	0.10	0.041	0.357	0.186	-2.05	0.196	0.38267275691	4.39	3.103000	1.295000	0.756000	0.997000	0.966000	0.916000	147
0.03	0.04	0.00	0.25	0.10	0.05	0.09	0.01	0.17	0.473	0.998	0.91	-1.4	0.651	0.679719924927	4.64	9.223000	1.106000	0.676000	1.000000	0.997000	0.940000	147
0.13	0.02	0.00	0.32	0.28	0.16	0.10	0.02	0.14	0.452	0.716	0.383	-0.5	0.080	0.481125593185	5.7	4.483000	1.155000	0.676000	1.000000	1.000000	1.000000	147
0.08	0.00	0.00	0.28	0.32	0.17	0.19	0.02	0.22	0.129	0.472	0.376	-3.41	0.460	0.599253833294	5.7	6.676000	1.155000	0.676000	1.000000	1.000000	0.991000	147
0.09	0.00	0.00	0.04	0.29	0.19	0.09	0.01	0.18	0.277	0.716	0.268	-0.99	0.267	0.727912843227	5.54	7.899000	1.008000	0.599000	1.000000	0.999000	0.995000	147
0.02	0.00	0.00	0.24	0.24	0.06	0.13	0.00	0.18	0.174	0.964	0.814	-0.9	0.593	0.609183311462	5.32	9.852000	1.155000	0.676000	1.000000	0.981000	0.908000	147
0.02	0.00	0.00	0.26	0.23	0.08	0.14	0.00	0.15	0.009	0.998	0.966	-2.62	0.745	0.561638832092	-0.439	2.315000	-0.050000	-0.050000	1.000000	0.951000	0.888000	147
0.02	0.00	0.00	0.24	0.20	0.10	0.09	0.03	0.13	0.032	0.999	0.964	-2.18	0.560	0.683833658695	2.78	1.859000	-0.101000	0.676000	1.000000	0.992000	0.996000	147
0.02	0.00	0.00	0.26	0.19	0.10	0.09	0.02	0.14	0.033	0.986	0.834	-2.84	0.617	0.603840410709	4.7	6.912000	1.312000	0.756000	1.000000	1.000000	0.994000	147
0.02	0.01	0.00	0.24	0.19	0.67	0.10	0.02	0.12	0.056	0.996	0.806	-4.18	0.457	0.275026232004	4.7	2.137000	0.129000	-0.171000	0.037000	0.353000	0.072000	147
0.03	0.04	0.00	0.16	0.20	0.43	0.06	0.06	0.14	0.003	1.0	0.995	-3.96	0.803	0.628829360008	4.7	7.442000	1.176000	0.676000	1.000000	0.996000	0.941000	147
0.04	0.04	0.00	0.08	0.20	0.05	0.06	0.01	0.12	0.006	1.0	0.993	-4.37	0.920	0.781038045883	4.7	7.508000	1.138000	0.665000	1.000000	0.996000	0.974000	147
0.02	0.03	0.00	0.25	0.23	0.06	0.04	0.03	0.05	0.071	0.37	0.307	-1.69	0.209	0.427931129932	4.7	9.361000	1.176000	0.676000	1.000000	0.998000	0.994000	147
0.00	0.12	0.00	0.25	0.12	0.05	0.10	0.02	0.07	0.0	1.0	1.0	-3.62	0.887	0.540647983551	4.83	9.361000	1.176000	0.676000	1.000000	0.909000	0.793000	147
0.09	0.02	0.00	0.25	0.27	0.07	0.20	0.08	0.06	0.903	0.0	0.0	-0.87	0.159	0.297315329313	-0.279	0.395000	0.197000	0.665000	0.480000	1.000000	0.999000	147
0.09	0.06	0.00	0.26	0.17	0.09	0.29	0.02	0.22	0.003	1.0	0.974	-3.41	0.895	0.687818288803	5.43	9.031000	1.288000	0.688000	1.000000	1.000000	0.999000	147
0.06	0.13	0.00	0.30	0.09	0.05	0.30	0.02	0.24	0.0	1.0	1.0	-8.29	0.761	0.769267141819	5.43	5.931000	1.008000	0.547000	1.000000	1.000000	0.999000	147
0.01	0.19	0.00	0.26	0.13	0.01	0.27	0.04	0.12	0.0	1.0	0.999	-4.65	0.680	0.745876908302	-4.78	0.137000	-0.061000	-0.095000	0.032000	0.990000	0.963000	147
0.00	0.20	0.00	0.25	0.18	0.01	0.25	0.02	0.14	0.0	1.0	0.996	-2.26	0.826	0.79143178463	5.43	9.685000	1.155000	0.616000	1.000000	1.000000	0.999000	147
0.02	0.06	0.00	0.25	0.19	0.03	0.09	0.01	0.14	0.204	0.016	0.009	-1.44	0.187	0.461673617363	3.54	2.070000	1.155000	0.674000	0.994000	1.000000	1.000000	147
0.03	0.05	0.00	0.04	0.25	0.04	0.13	0.03	0.08	0.001	1.0	0.997	-5.6	0.910	0.713396608829	5.32	6.326000	1.109000	0.654000	1.000000	0.981000	0.996000	147
0.00	0.01	0.00	0.21	0.26	0.06	0.12	0.00	0.16	0.283	0.002	0.005	-0.39	0.297	0.487719297409	5.32	4.448000	1.145000	0.665000	1.000000	0.887000	0.747000	147
0.01	0.00	0.00	0.14	0.26	0.15	0.15	0.00	0.41	0.359	0.287	0.048	-0.99	0.287	0.396673262119	5.44	4.205000	1.277000	0.737000	1.000000	0.852000	0.318000	147
0.00	0.01	0.00	0.25	0.19	0.04	0.12	0.00	0.17	0.521	0.001	0.002	-0.39	0.167	0.389500170946	4.95	1.722000	1.312000	0.756000	0.912000	0.746000	0.993000	147
0.01	0.00	0.00	0.27	0.16	0.04	0.11	0.01	0.17	0.015	0.179	0.093	-0.96	0.406	0.454632341862	5.09	6.258000	1.312000	0.756000	1.000000	0.998000	0.999000	147
0.04	0.00	0.00	0.26	0.13	0.10	0.10	0.01	0.07	0.177	0.009	0.011	-1.17	0.153	0.334016591311	-0.577	0.050000	0.133000	0.665000	0.917000	0.999000	0.998000	147
0.04	0.00	0.00	0.26	0.13	0.11	0.10	0.01	0.11	0.001	1.0	0.991	-4.86	0.834	0.532105863094	5.09	8.182000	1.312000	0.756000	1.000000	0.998000	0.994000	147
0.05	0.00	0.00	0.27	0.16	0.13	0.11	0.01	0.13	0.047	0.999	0.922	-3.68	0.604	0.539641737938	5.09	5.286000	1.176000	0.676000	1.000000	1.000000	0.997000	147
0.02	0.00	0.00	0.25	0.15	0.13	0.08	0.01	0.13	0.099	0.816	0.406	-0.53	0.435	0.562071919441	5.47	8.445000	1.312000	0.756000	1.000000	0.997000	0.995000	147
0.08	0.01	0.00	0.26	0.18	0.05	0.10	0.07	0.18	0.0	1.0	0.998	-5.03	0.761	0.623197793961	5.67	9.505000	1.155000	0.676000	1.000000	0.997000	0.989000	148
0.08	0.00	0.00	0.26	0.17	0.05	0.10	0.07	0.18	0.0	1.0	0.999	-4.14	0.764	0.567789673805	5.67	8.866000	1.288000	0.756000	1.000000	0.994000	0.989000	148
0.07	0.08	0.00	0.27	0.13	0.03	0.26	0.04	0.11	0.487	0.008	0.004	-0.27	0.165	0.287254780531	0.491	0.957000	-0.844000	-0.070000	0.974000	0.955000	0.971000	148
0.05	0.06	0.00	0.25	0.14	0.09	0.22	0.08	0.15	0.0	1.0	1.0	-6.04	0.937	0.70492875576	4.76	9.505000	1.155000	0.676000	1.000000	0.991000	0.997000	148
0.11	0.07	0.00	0.27	0.28	0.04	0.16	0.05	0.20	0.0	1.0	0.998	-2.29	0.817	0.730092585087	5.67	7.522000	1.008000	0.599000	1.000000	0.996000	0.954000	148
0.09	0.07	0.00	0.26	0.26	0.04	0.14	0.13	0.23	0.0	1.0	1.0	-3.85	0.676	0.736824393272	5.67	7.659000	1.155000	0.676000	1.000000	0.938000	0.961000	148
0.09	0.13	0.00	0.25	0.33	0.03	0.14	0.18	0.19	0.007	0.992	0.909	-4.34	0.587	0.621378064156	4.55	3.268000	1.176000	0.618000	0.999000	0.998000	0.962000	148
0.04	0.13	0.00	0.26	0.28	0.02	0.19	0.18	0.09	0.0	1.0	1.0	-6.04	0.963	0.810797452927	5.56	9.435000	1.176000	0.676000	1.000000	1.000000	0.999000	148
0.02	0.08	0.00	0.27	0.24	0.02	0.19	0.01	0.03	0.0	1.0	1.0	-5.18	0.909	0.891605496407	5.56	7.574000	1.138000	0.665000	1.000000	0.999000	0.994000	148
0.02	0.03	0.00	0.25	0.20	0.02	0.16	0.00	0.10	0.197	0.937	0.721	-3.38	0.567	0.563933432102	5.56	6.441000	1.312000	0.756000	1.000000	0.871000	0.972000	148
0.07	0.18	0.00	0.26	0.13	0.07	0.25	0.02	0.21	0.157	0.931	0.676	-3.04	0.605	0.541291832924	5.56	4.938000	1.312000	0.756000	1.000000	0.996000	0.911000	148
0.12	0.17	0.00	0.25	0.15	0.05	0.26	0.08	0.21	0.0	1.0	1.0	-2.52	0.817	0.752019762993	5.56	9.491000	1.176000	0.676000	1.000000	0.943000	0.584000	174
0.17	0.17	0.00	0.26	0.18	0.05	0.25	0.11	0.21	0.1	0.994	0.876	-2.68	0.471	0.714484810829	5.56	6.387000	1.176000	0.676000	1.000000	1.000000	0.991000	174
0.04	0.09	0.00	0.26	0.14	0.08	0.20	0.05	0.07	0.003	1.0	0.998	-4.72	0.738	0.727359175682	5.56	9.491000	1.176000	0.676000	1.000000	1.000000	0.998000	174
0.07	0.05	0.00	0.27	0.23	0.13	0.16	0.10	0.12	0.0	1.0	1.0	-2.21	0.666	0.528451740742	5.56	7.568000	1.026000	0.599000	1.000000	1.000000	1.000000	174
0.08	0.06	0.00	0.27	0.24	0.13	0.14	0.08	0.16	0.0	1.0	1.0	-8.35	0.832	0.569121360779	5.56	8.918000	1.312000	0.756000	1.000000	1.000000	1.000000	174
0.08	0.02	0.00	0.24	0.22	0.62	0.16	0.06	0.09	0.503	0.0	0.002	-0.13	0.117	0.239312708378	-4.9	-2.893000	-0.233000	0.665000	0.000000	0.598000	0.298000	174
0.08	0.03	0.00	0.25	0.23	0.64	0.17	0.05	0.10	0.192	0.283	0.26	-2.36	0.420	0.304390788078	5.86	3.448000	1.312000	0.756000	0.133000	0.549000	0.271000	174
0.06	0.02	0.00	0.23	0.38	0.04	0.17	0.01	0.14	0.116	0.004	0.012	-1.28	0.046	0.345123887062	0.849	2.037000	1.172000	0.672000	0.613000	0.986000	0.992000	178
0.16	0.06	0.00	0.26	0.10	0.05	0.26	0.08	0.08	0.0	1.0	0.999	-8.62	0.952	0.661809444427	5.45	7.889000	1.022000	0.596000	1.000000	0.985000	0.996000	178
0.04	0.16	0.00	0.25	0.11	0.10	0.25	0.03	0.06	0.002	1.0	0.999	-5.06	0.843	0.680834829807	5.64	9.981000	1.172000	0.672000	1.000000	1.000000	0.998000	178
0.17	0.27	0.00	0.27	0.12	0.10	0.31	0.19	0.17	0.071	0.988	0.956	-3.71	0.643	0.724378466606	5.54	9.305000	1.307000	0.751000	1.000000	0.988000	0.993000	178
0.04	0.23	0.00	0.30	0.15	0.09	0.28	0.20	0.07	0.029	0.998	0.98	-2.78	0.783	0.785057067871	5.52	6.137000	1.026000	0.599000	1.000000	0.996000	0.817000	181
0.07	0.25	0.00	0.26	0.15	0.05	0.25	0.31	0.07	0.0	1.0	1.0	-4.31	0.895	0.850964844227	5.52	8.836000	1.312000	0.756000	1.000000	1.000000	0.998000	181
0.11	0.15	0.00	0.26	0.13	0.05	0.18	0.69	0.04	0.0	1.0	1.0	-6.03	0.986	0.903468251228	5.52	8.666000	1.312000	0.756000	1.000000	0.971000	0.904000	181
0.18	0.19	0.00	0.23	0.18	0.07	0.24	0.10	0.11	0.0	1.0	1.0	-6.03	0.955	0.85177218914	5.42	9.320000	1.312000	0.756000	1.000000	0.995000	0.973000	193
0.27	0.21	0.00	0.25	0.15	0.10	0.31	0.19	0.11	0.008	0.997	0.975	-1.89	0.578	0.822265923023	2.89	0.221000	0.205000	0.665000	0.993000	1.000000	0.998000	193
0.23	0.22	0.00	0.25	0.15	0.06	0.32	0.18	0.23	0.003	1.0	0.994	-3.01	0.803	0.91376709938	5.42	7.900000	1.026000	0.599000	1.000000	0.986000	0.955000	193
0.16	0.23	0.00	0.25	0.13	0.04	0.29	0.09	0.11	0.0	1.0	1.0	-7.76	0.929	0.898485839367	5.42	9.996000	1.176000	0.676000	1.000000	0.999000	0.992000	193
0.02	0.00	0.00	0.26	0.30	0.18	0.23	0.01	0.18	0.023	0.064	0.031	-1.16	0.420	0.618435144424	5.52	6.715000	1.176000	0.676000	1.000000	0.827000	0.561000	328
0.03	0.01	0.00	0.26	0.39	0.20	0.19	0.01	0.32	0.002	0.34	0.124	-3.39	0.113	0.344369530678	4.58	6.255000	1.176000	0.676000	1.000000	0.998000	0.959000	328
0.18	0.05	0.00	0.25	0.17	0.17	0.31	0.08	0.08	0.004	0.998	0.968	-5.36	0.905	0.736981153488	5.09	8.878000	1.312000	0.756000	1.000000	1.000000	0.959000	333
