# Variant	Relative_solvent_accessibility	Allosteric_site	Catalytic_site	Altered Secondary_structure	Altered Stability_and_conformational_flexibility	Altered Special_structural_signatures	Altered Macromolecular_binding	Altered Metal_binding	Altered PTM_site	SIFT_score	Polyphen2_HDIV_score	Polyphen2_HVAR_score	PROVEAN_score	REVEL_score	PrimateAI_score	GERP++_RS	phyloP100way_vertebrate	phyloP30way_mammalian	phyloP17way_primate	phastCons100way_vertebrate	phastCons30way_mammalian	phastCons17way_primate	bStatistic
T2556S	0.03	0.10	0.00	0.25	0.21	0.05	0.24	0.19	0.10	0.642	0.83	0.586	-1.3	0.457	0.801799237728	5.0	9.865000	1.157000	0.595000	1.000000	1.000000	0.996000	376
P2434A	0.11	0.07	0.00	0.29	0.16	0.05	0.16	0.04	0.07	0.033	0.997	0.915	-6.27	0.515	0.564853847027	3.68	6.649000	1.176000	0.618000	1.000000	1.000000	0.995000	366
R2425Q	0.14	0.07	0.00	0.26	0.15	0.09	0.14	0.02	0.16	0.56	0.0	0.001	0.04	0.168	0.238947719336	-9.12	0.037000	-5.121000	-2.028000	0.961000	0.123000	0.959000	366
N1612S	0.03	0.01	0.00	0.23	0.31	0.13	0.06	0.01	0.18	0.484	0.0	0.0	0.29	0.101	0.307131975889	3.92	4.853000	0.200000	0.609000	1.000000	0.856000	0.974000	379
S1142G	0.02	0.00	0.00	0.24	0.25	0.06	0.05	0.01	0.07	0.021	0.044	0.038	-1.98	0.087	0.663875937462	5.47	5.106000	1.126000	0.665000	1.000000	1.000000	0.997000	544
V959M	0.00	0.00	0.00	0.24	0.27	0.11	0.04	0.00	0.14	1.0	0.0	0.0	0.11	0.065	0.384326577187	4.33	1.303000	-0.545000	-0.815000	1.000000	0.473000	0.221000	592
V316I	0.03	0.17	0.00	0.25	0.11	0.04	0.26	0.03	0.13	0.245	0.022	0.011	0.08	0.034	0.401540696621	4.36	2.067000	0.129000	0.549000	1.000000	0.991000	0.998000	653
M211T	0.01	0.08	0.00	0.12	0.07	0.06	0.22	0.01	0.08	1.0	0.0	0.0	-0.2	0.089	0.288332164288	4.6	1.477000	-0.102000	-0.161000	0.937000	0.932000	0.960000	654
H90Y	0.07	0.10	0.00	0.25	0.28	0.09	0.29	0.34	0.10	0.104	0.031	0.024	-0.12	0.116	0.321294248104	3.75	4.011000	0.227000	-0.135000	1.000000	0.991000	0.988000	671
