0.04	0.29	0.05	0.27	0.14	0.04	0.34	0.07	0.06	0.005	1.0	0.991	-2.36	0.228	0.476218521595	5.63	6.375000	1.176000	0.676000	1.000000	0.805000	0.911000	847
0.04	0.07	0.00	0.27	0.15	0.06	0.16	0.05	0.21	0.228	0.45	0.368	-1.7	0.057	0.418761730194	3.48	2.645000	1.138000	0.665000	1.000000	0.991000	0.986000	847
0.03	0.06	0.00	0.28	0.18	0.08	0.15	0.03	0.20	0.0	1.0	1.0	-5.5	0.357	0.603129446507	5.03	3.439000	1.176000	0.676000	1.000000	0.978000	0.965000	847
0.04	0.05	0.00	0.29	0.16	0.07	0.21	0.06	0.16	0.334	0.001	0.001	-0.12	0.016	0.361203551292	1.99	1.091000	0.130000	-0.176000	0.984000	0.978000	0.943000	847
0.04	0.05	0.00	0.26	0.17	0.10	0.22	0.06	0.16	0.038	0.0	0.0	-0.52	0.061	0.383299529552	4.74	4.397000	0.319000	0.756000	1.000000	0.273000	0.884000	847
0.05	0.04	0.00	0.26	0.18	0.10	0.22	0.06	0.13	0.005	1.0	0.994	-3.43	0.503	0.525760471821	5.81	7.645000	1.138000	0.609000	1.000000	0.997000	0.998000	847
0.09	0.05	0.00	0.26	0.32	0.05	0.19	0.04	0.13	0.002	1.0	0.999	-4.79	0.505	0.566105365753	5.81	8.911000	1.312000	0.691000	1.000000	1.000000	0.997000	848
0.26	0.27	0.06	0.25	0.28	0.22	0.25	0.22	0.15	0.018	0.615	0.085	-1.67	0.119	0.368163824081	4.91	7.594000	0.161000	0.618000	1.000000	0.142000	0.983000	848
0.27	0.18	0.07	0.25	0.24	0.27	0.37	0.20	0.14	0.0	1.0	1.0	-6.96	0.869	0.578929424286	5.81	7.539000	1.026000	0.549000	1.000000	0.163000	0.970000	848
0.28	0.14	0.00	0.18	0.21	0.27	0.28	0.20	0.39	0.0	1.0	0.999	-3.63	0.660	0.467738568783	5.81	9.564000	1.176000	0.618000	1.000000	0.991000	0.998000	849
0.25	0.12	0.00	0.25	0.21	0.13	0.22	0.19	0.18	0.122	0.503	0.232	-1.48	0.053	0.305143415928	-0.681	-0.049000	-1.870000	-0.349000	0.002000	0.616000	0.957000	849
0.09	0.25	0.02	0.26	0.25	0.09	0.29	0.06	0.16	0.002	0.961	0.668	-5.56	0.246	0.34838616848	4.6	2.351000	0.170000	0.665000	0.996000	0.947000	0.982000	853
0.06	0.18	0.02	0.25	0.33	0.06	0.24	0.06	0.14	0.003	1.0	0.999	-6.18	0.339	0.411922514439	4.9	4.197000	1.176000	0.676000	1.000000	0.974000	0.987000	853
0.08	0.18	0.03	0.25	0.26	0.05	0.26	0.09	0.23	0.004	1.0	1.0	-4.34	0.500	0.492760121822	5.77	6.509000	1.026000	0.599000	1.000000	0.982000	0.994000	853
0.06	0.13	0.02	0.26	0.32	0.04	0.27	0.05	0.26	0.18	0.006	0.003	-1.05	0.021	0.244061291218	3.96	2.312000	1.026000	0.599000	1.000000	0.986000	0.996000	853
0.08	0.13	0.03	0.25	0.29	0.04	0.25	0.06	0.25	0.259	0.943	0.259	-1.81	0.099	0.290645480156	3.97	1.395000	1.176000	0.676000	0.880000	0.994000	0.996000	853
0.04	0.13	0.02	0.26	0.10	0.02	0.17	0.03	0.17	0.002	1.0	0.997	-4.4	0.449	0.610775053501	5.52	5.432000	1.026000	0.599000	1.000000	1.000000	0.983000	851
0.10	0.14	0.02	0.26	0.14	0.03	0.26	0.10	0.16	0.986	0.076	0.018	-1.08	0.390	0.377166360617	5.52	1.888000	1.138000	0.665000	0.999000	0.150000	0.205000	851
0.02	0.01	0.00	0.27	0.26	0.02	0.04	0.01	0.14	0.533	0.31	0.148	-1.07	0.226	0.512545228004	5.2	2.366000	1.071000	0.587000	1.000000	0.964000	0.955000	851
0.02	0.00	0.00	0.27	0.33	0.03	0.04	0.01	0.10	0.016	0.998	0.9	-3.5	0.429	0.453338503838	5.3	1.290000	1.106000	0.596000	0.992000	0.988000	0.809000	851
0.00	0.00	0.00	0.27	0.28	0.02	0.02	0.01	0.10	0.004	0.999	0.993	-2.15	0.548	0.520177364349	4.41	5.186000	0.966000	0.530000	1.000000	1.000000	0.968000	851
0.00	0.00	0.00	0.23	0.31	0.06	0.02	0.01	0.16	0.405	0.0	0.0	0.06	0.083	0.297377169132	-10.6	-2.147000	-0.710000	-0.200000	0.000000	0.546000	0.836000	851
0.03	0.02	0.00	0.25	0.46	0.25	0.19	0.01	0.22	0.151	0.039	0.024	-1.33	0.226	0.373543441296	3.53	2.018000	1.176000	0.618000	1.000000	0.903000	0.666000	851
0.11	0.12	0.00	0.25	0.15	0.09	0.25	0.12	0.20	0.389	0.011	0.037	-2.19	0.141	0.295802503824	-1.27	0.996000	-0.194000	-0.203000	0.946000	0.986000	0.996000	851
0.28	0.09	0.02	0.25	0.24	0.10	0.28	0.23	0.15	0.002	1.0	0.994	-4.88	0.766	0.696426153183	5.64	7.030000	1.026000	0.549000	1.000000	0.284000	0.962000	851
0.33	0.25	0.15	0.25	0.32	0.13	0.27	0.27	0.09	0.006	0.815	0.143	-4.03	0.233	0.667146444321	5.52	7.128000	1.138000	0.609000	1.000000	0.998000	0.958000	851
0.27	0.10	0.05	0.25	0.22	0.12	0.27	0.24	0.09	0.0	0.998	0.854	-4.25	0.708	0.574260592461	5.52	7.128000	1.138000	0.609000	1.000000	0.602000	0.825000	851
0.10	0.21	0.00	0.25	0.27	0.04	0.18	0.41	0.03	0.0	1.0	0.999	-9.33	0.757	0.701369166374	5.38	8.298000	1.312000	0.691000	1.000000	1.000000	0.979000	851
0.10	0.25	0.02	0.26	0.14	0.09	0.28	0.57	0.10	0.0	1.0	0.998	-6.5	0.831	0.754460096359	5.38	7.128000	1.138000	0.609000	1.000000	0.997000	0.991000	851
0.07	0.20	0.02	0.24	0.22	0.09	0.23	0.25	0.06	0.0	1.0	1.0	-5.0	0.884	0.643146753311	5.01	8.887000	1.083000	0.676000	1.000000	1.000000	0.996000	851
0.12	0.10	0.01	0.25	0.28	0.13	0.15	0.16	0.14	0.0	1.0	1.0	-6.69	0.615	0.670089244843	5.01	8.887000	1.083000	0.676000	1.000000	1.000000	0.992000	851
0.03	0.07	0.02	0.26	0.28	0.04	0.18	0.22	0.11	0.013	0.967	0.615	-2.84	0.651	0.551514863968	5.24	6.517000	1.176000	0.676000	1.000000	0.997000	0.998000	851
0.00	0.00	0.00	0.26	0.23	0.02	0.09	0.00	0.27	0.387	0.0	0.0	-1.15	0.125	0.225009888411	-3.01	-0.328000	0.170000	0.665000	0.000000	0.176000	0.567000	851
0.00	0.00	0.00	0.23	0.23	0.04	0.39	0.01	0.76	0.014	0.938	0.612	-2.93	0.299	0.306855618954	4.53	0.824000	1.026000	0.599000	0.195000	0.006000	0.004000	851
0.00	0.00	0.00	0.18	0.16	0.01	0.18	0.00	0.31	0.652	0.85	0.188	-2.2	0.115	0.270336210728	1.38	-0.273000	0.966000	0.530000	0.000000	0.468000	0.386000	851
0.00	0.00	0.00	0.16	0.19	0.01	0.27	0.00	0.56	0.84	0.0	0.0	-0.8	0.203	0.263143181801	-6.8	0.134000	0.264000	-0.137000	0.000000	0.485000	0.394000	851
0.00	0.00	0.00	0.21	0.18	0.01	0.16	0.00	0.26	0.073	0.207	0.047	-1.2	0.125	0.257769316435	-6.77	-1.429000	-0.189000	-0.186000	0.000000	0.836000	0.852000	851
0.00	0.00	0.00	0.30	0.29	0.02	0.06	0.00	0.26	0.344	0.025	0.016	-0.36	0.048	0.208098694682	2.31	1.405000	0.034000	-0.278000	0.002000	0.262000	0.140000	851
0.00	0.00	0.00	0.26	0.25	0.06	0.11	0.00	0.28	0.556	0.0	0.0	0.07	0.083	0.215068817139	-10.4	-0.289000	-0.182000	-0.116000	0.000000	0.001000	0.012000	851
0.00	0.00	0.00	0.30	0.27	0.03	0.11	0.00	0.36	0.188	0.039	0.011	-2.11	0.049	0.278052806854	0.418	1.183000	0.117000	-0.198000	0.944000	0.070000	0.028000	851
0.00	0.00	0.00	0.24	0.31	0.04	0.22	0.00	0.34	0.18	0.911	0.158	-1.66	0.182	0.408117383718	4.68	1.409000	1.049000	0.665000	0.317000	0.537000	0.241000	851
0.00	0.00	0.00	0.23	0.56	0.02	0.28	0.00	0.25	0.17	0.016	0.012	-2.22	0.137	0.491437613964	5.16	1.939000	1.083000	0.676000	0.924000	0.956000	0.611000	851
0.02	0.08	0.00	0.25	0.16	0.23	0.19	0.02	0.10	0.045	0.125	0.038	-1.51	0.262	0.419958978891	4.42	2.642000	1.026000	0.599000	1.000000	0.984000	0.871000	851
0.02	0.03	0.03	0.25	0.12	0.12	0.15	0.28	0.02	0.018	0.779	0.168	-2.26	0.130	0.349832981825	3.42	0.562000	0.199000	-0.153000	0.006000	0.367000	0.778000	851
0.01	0.02	0.00	0.25	0.10	0.05	0.08	0.10	0.11	0.256	0.001	0.003	-0.45	0.141	0.597126662731	4.52	1.796000	0.206000	-0.176000	0.969000	0.858000	0.082000	851
0.01	0.04	0.00	0.28	0.18	0.05	0.13	0.11	0.10	0.002	0.997	0.735	-3.3	0.534	0.639213442802	3.11	5.615000	1.004000	0.590000	1.000000	0.996000	0.918000	869
0.00	0.02	0.00	0.24	0.26	0.04	0.17	0.01	0.10	0.024	0.988	0.76	-1.52	0.358	0.68493026495	3.11	2.656000	1.000000	0.590000	1.000000	0.670000	0.842000	869
0.03	0.04	0.00	0.26	0.23	0.06	0.52	0.05	0.16	0.014	0.857	0.034	-0.84	0.266	0.631667435169	0.235	0.365000	-0.379000	0.373000	0.001000	0.003000	0.030000	869
