0.16	0.11	0.00	0.28	0.30	0.06	0.31	0.04	0.12	0.001	0.5	0.5	-1.46	0.103	0.515472769737	5.27	1.801000	1.026000	0.549000	0.992000	0.986000	0.985000	864
0.27	0.11	0.00	0.27	0.19	0.09	0.28	0.04	0.54	0.002	0.5	0.5	-0.91	0.105	0.556898415089	5.27	5.444000	1.176000	0.618000	1.000000	1.000000	0.998000	864
0.29	0.08	0.01	0.26	0.19	0.11	0.27	0.44	0.15	0.256	0.5	0.5	-1.17	0.075	0.345537930727	3.54	0.856000	1.176000	0.618000	0.040000	0.263000	0.990000	864
0.09	0.04	0.01	0.25	0.29	0.04	0.30	0.06	0.04	0.0	0.5	0.5	-0.76	0.258	0.636192202568	5.69	5.381000	1.172000	0.672000	1.000000	1.000000	0.975000	850
0.05	0.04	0.00	0.25	0.42	0.02	0.28	0.03	0.05	0.0	0.5	0.5	-3.28	0.351	0.663277864456	5.69	7.058000	1.172000	0.672000	1.000000	1.000000	0.998000	850
0.05	0.04	0.00	0.25	0.44	0.02	0.43	0.03	0.04	0.0	0.5	0.5	-3.28	0.418	0.658922791481	5.69	7.058000	1.172000	0.672000	1.000000	1.000000	0.999000	850
0.03	0.05	0.00	0.25	0.45	0.02	0.35	0.04	0.04	0.024	0.5	0.5	-1.36	0.081	0.493918955326	3.84	2.407000	1.022000	0.596000	0.999000	1.000000	0.997000	850
0.02	0.02	0.00	0.26	0.23	0.02	0.22	0.02	0.17	0.113	0.5	0.5	-1.32	0.089	0.338256061077	0.279	0.845000	-0.483000	-0.768000	0.997000	0.110000	0.143000	850
0.01	0.00	0.00	0.25	0.26	0.01	0.30	0.02	0.22	1.0	0.5	0.5	-0.58	0.043	0.339488863945	-0.891	-0.146000	-0.691000	-0.785000	0.001000	0.497000	0.524000	850
0.01	0.02	0.00	0.25	0.35	0.02	0.46	0.01	0.19	0.0	0.5	0.5	-1.51	0.210	0.667389273643	5.69	5.269000	1.022000	0.596000	1.000000	0.999000	0.987000	850
0.04	0.02	0.00	0.27	0.27	0.04	0.27	0.01	0.25	0.028	0.5	0.5	-1.51	0.184	0.454251110554	5.59	1.647000	1.172000	0.672000	1.000000	0.998000	0.983000	850
0.05	0.02	0.00	0.26	0.32	0.05	0.25	0.03	0.19	0.485	0.5	0.5	-0.67	0.181	0.351541310549	2.57	1.868000	0.259000	-0.208000	0.998000	0.064000	0.378000	850
0.04	0.02	0.00	0.28	0.46	0.05	0.32	0.02	0.13	0.006	0.5	0.5	-1.26	0.324	0.505770564079	5.59	5.001000	1.176000	0.676000	1.000000	0.885000	0.813000	850
0.02	0.02	0.00	0.26	0.20	0.04	0.38	0.02	0.12	0.0	0.5	0.5	-1.77	0.329	0.467562049627	5.69	5.370000	1.138000	0.665000	1.000000	1.000000	0.970000	850
0.07	0.03	0.00	0.26	0.33	0.03	0.12	0.01	0.23	0.055	0.5	0.5	-0.42	0.167	0.316254675388	4.23	0.857000	-0.124000	-0.046000	0.438000	0.076000	0.034000	811
0.01	0.00	0.00	0.23	0.40	0.02	0.18	0.01	0.04	0.015	0.5	0.5	-1.31	0.095	0.301114201546	2.19	0.709000	1.138000	0.665000	0.039000	0.999000	0.984000	811
0.00	0.01	0.00	0.24	0.25	0.03	0.09	0.04	0.13	0.005	0.5	0.5	-1.82	0.135	0.434658885002	4.07	3.599000	0.858000	0.545000	1.000000	0.978000	0.883000	805
0.00	0.01	0.00	0.24	0.29	0.03	0.10	0.03	0.15	0.133	0.5	0.5	-0.66	0.201	0.453591644764	2.23	2.327000	0.105000	-0.190000	1.000000	0.965000	0.850000	805
0.02	0.02	0.00	0.23	0.28	0.02	0.13	0.10	0.11	0.188	0.5	0.5	-2.01	0.197	0.395925819874	3.87	1.263000	1.288000	0.686000	1.000000	0.993000	0.943000	805
0.02	0.02	0.00	0.24	0.28	0.02	0.11	0.09	0.12	0.0	0.5	0.5	-2.02	0.226	0.495357275009	5.04	3.418000	1.008000	0.545000	1.000000	0.947000	0.947000	805
0.03	0.02	0.00	0.24	0.32	0.02	0.11	0.01	0.13	0.002	0.5	0.5	-1.47	0.201	0.400392234325	0.565	1.724000	1.154000	0.672000	1.000000	0.961000	0.643000	800
0.07	0.04	0.06	0.25	0.36	0.02	0.14	0.09	0.14	0.0	0.5	0.5	-0.76	0.250	0.580435335636	5.45	6.719000	1.154000	0.672000	1.000000	1.000000	0.982000	800
0.06	0.03	0.07	0.25	0.26	0.02	0.14	0.08	0.11	0.0	0.5	0.5	-0.76	0.144	0.584194421768	3.6	1.102000	1.008000	0.596000	1.000000	0.999000	0.962000	800
0.07	0.03	0.06	0.26	0.26	0.02	0.15	0.08	0.22	0.0	0.5	0.5	-1.01	0.174	0.742033600807	5.45	6.719000	1.154000	0.672000	1.000000	0.999000	0.918000	800
0.03	0.04	0.02	0.25	0.29	0.03	0.18	0.07	0.05	0.0	0.5	0.5	-1.77	0.259	0.640619158745	5.45	6.267000	1.288000	0.751000	1.000000	0.996000	0.965000	800
0.03	0.04	0.02	0.25	0.40	0.03	0.18	0.07	0.05	0.0	0.5	0.5	-2.27	0.358	0.588398516178	5.45	6.267000	1.288000	0.751000	1.000000	0.999000	0.990000	800
0.03	0.05	0.02	0.24	0.36	0.04	0.18	0.09	0.13	0.0	0.5	0.5	-0.76	0.239	0.724072873592	5.45	6.719000	1.154000	0.672000	1.000000	0.999000	0.997000	800
0.03	0.04	0.02	0.24	0.48	0.03	0.21	0.07	0.12	0.0	0.5	0.5	-1.51	0.277	0.705006718636	5.45	6.719000	1.154000	0.672000	1.000000	0.999000	0.997000	800
0.02	0.03	0.00	0.23	0.30	0.10	0.14	0.05	0.13	0.0	0.5	0.5	-1.26	0.225	0.596751928329	5.65	6.267000	1.288000	0.751000	1.000000	1.000000	0.999000	799
0.03	0.03	0.01	0.23	1.00	0.11	0.14	0.06	0.13	0.0	0.5	0.5	-1.77	0.295	0.51887178421	5.65	3.773000	1.118000	0.661000	1.000000	1.000000	0.999000	799
0.07	0.02	0.00	0.26	0.26	0.13	0.15	0.26	0.11	0.044	0.5	0.5	-0.99	0.179	0.513550400734	4.12	1.261000	0.132000	0.665000	0.749000	0.677000	0.994000	788
0.07	0.04	0.00	0.26	0.26	0.05	0.14	0.26	0.13	0.094	0.5	0.5	-0.56	0.181	0.254360854626	-1.23	0.381000	1.013000	0.549000	0.452000	0.997000	0.999000	788
0.02	0.06	0.00	0.27	0.29	0.02	0.20	0.10	0.33	0.057	0.5	0.5	-1.13	0.140	0.366587162018	0.145	-0.424000	-0.269000	-1.115000	0.116000	0.595000	0.549000	782
0.12	0.05	0.00	0.25	0.23	0.04	0.25	0.17	0.12	0.002	0.5	0.5	-1.15	0.086	0.269711941481	1.73	0.498000	0.255000	0.733000	0.239000	0.094000	0.793000	776
0.11	0.05	0.00	0.27	0.32	0.04	0.27	0.09	0.12	0.001	0.5	0.5	-1.26	0.200	0.261507451534	-2.5	-0.041000	-0.610000	-0.153000	0.000000	0.059000	0.742000	776
0.11	0.02	0.00	0.25	0.27	0.04	0.20	0.13	0.13	0.01	0.5	0.5	-0.92	0.180	0.268721729517	0.425	0.109000	-0.605000	-0.224000	0.270000	0.752000	0.809000	776
0.02	0.02	0.00	0.26	0.27	0.02	0.20	0.02	0.15	0.09	0.5	0.5	-0.53	0.176	0.250752866268	-1.9	-0.299000	0.190000	-0.142000	0.001000	0.990000	0.802000	776
0.01	0.02	0.00	0.27	0.20	0.02	0.26	0.00	0.18	0.343	0.5	0.5	-0.3	0.241	0.298337519169	-3.02	0.181000	-1.133000	-1.015000	0.000000	0.001000	0.004000	776
0.01	0.02	0.00	0.30	0.20	0.03	0.45	0.00	0.19	0.048	0.5	0.5	-0.74	0.254	0.304564774036	-2.86	-0.476000	-0.277000	-1.022000	0.000000	0.024000	0.008000	776
0.02	0.02	0.00	0.27	0.19	0.05	0.31	0.03	0.15	0.149	0.5	0.5	-0.98	0.298	0.268780469894	1.89	2.418000	1.122000	0.645000	0.787000	0.032000	0.093000	776
0.03	0.01	0.00	0.27	0.19	0.03	0.26	0.03	0.13	1.0	0.5	0.5	0.29	0.325	0.270740866661	1.68	0.650000	0.105000	-0.274000	0.113000	0.067000	0.129000	776
0.03	0.01	0.00	0.26	0.25	0.02	0.09	0.03	0.12	0.412	0.5	0.5	-0.38	0.218	0.267167329788	3.91	0.021000	0.310000	0.733000	0.000000	0.871000	0.165000	776
0.02	0.01	0.00	0.26	0.29	0.03	0.27	0.02	0.21	0.012	0.5	0.5	-2.09	0.147	0.305326282978	3.35	0.127000	0.119000	-0.202000	0.008000	0.706000	0.389000	776
0.05	0.02	0.00	0.25	0.21	0.03	0.31	0.03	0.18	0.139	0.5	0.5	-0.6	0.041	0.250399887562	0.396	0.320000	-0.098000	-0.069000	0.000000	0.015000	0.709000	776
0.07	0.03	0.00	0.27	0.21	0.03	0.29	0.02	0.35	0.155	0.5	0.5	-1.71	0.211	0.222428798676	3.83	0.121000	0.115000	-0.200000	0.000000	0.638000	0.935000	776
0.05	0.02	0.00	0.26	0.23	0.03	0.28	0.02	0.24	0.311	0.5	0.5	-0.46	0.256	0.271098732948	3.8	3.492000	0.149000	0.656000	0.584000	0.406000	0.973000	776
0.05	0.02	0.00	0.25	0.25	0.03	0.25	0.03	0.22	0.9	0.5	0.5	-0.3	0.197	0.266365617514	1.88	0.665000	0.157000	0.656000	0.445000	0.238000	0.973000	776
0.06	0.02	0.00	0.27	0.29	0.04	0.19	0.02	0.20	0.018	0.5	0.5	-0.73	0.188	0.239903613925	-0.994	-0.073000	1.292000	0.733000	0.000000	0.905000	0.990000	776
0.02	0.02	0.00	0.25	0.45	0.03	0.19	0.01	0.21	0.012	0.5	0.5	-1.15	0.228	0.292632997036	3.52	1.269000	0.078000	0.581000	0.006000	0.935000	0.977000	776
0.00	0.05	0.00	0.26	0.23	0.01	0.19	0.01	0.05	0.056	0.5	0.5	-1.44	0.259	0.334820687771	0.335	1.288000	1.032000	0.645000	0.004000	0.012000	0.738000	776
0.00	0.02	0.01	0.24	0.37	0.02	0.23	0.05	0.17	0.059	0.5	0.5	-2.23	0.187	0.244416773319	3.76	-0.050000	0.200000	0.665000	0.000000	0.649000	0.819000	776
0.00	0.02	0.00	0.26	0.19	0.02	0.24	0.01	0.30	0.141	0.5	0.5	-0.53	0.183	0.350592494011	1.21	1.145000	0.289000	-0.116000	0.886000	0.986000	0.973000	776
0.00	0.02	0.00	0.27	0.19	0.17	0.41	0.00	0.32	0.001	0.5	0.5	-1.94	0.211	0.325478971004	3.13	1.491000	1.026000	0.599000	0.004000	0.412000	0.430000	776
0.00	0.01	0.00	0.25	0.23	0.02	0.24	0.01	0.32	0.104	0.5	0.5	-0.43	0.209	0.250508189201	1.18	-0.259000	-1.857000	-0.722000	0.000000	0.002000	0.029000	775
0.00	0.01	0.00	0.26	0.24	0.02	0.26	0.01	0.23	0.135	0.5	0.5	-0.33	0.225	0.23697412014	-4.7	-1.473000	-0.842000	-0.951000	0.000000	0.003000	0.032000	775
0.00	0.02	0.00	0.25	0.33	0.03	0.08	0.01	0.18	0.067	0.5	0.5	-1.01	0.129	0.25719293952	5.3	1.217000	1.312000	0.756000	0.002000	0.145000	0.215000	775
0.01	0.02	0.00	0.27	0.31	0.02	0.17	0.02	0.19	0.013	0.5	0.5	-0.88	0.172	0.228020340204	1.46	-0.566000	1.176000	0.676000	0.000000	0.004000	0.003000	770
0.01	0.02	0.00	0.28	0.39	0.02	0.37	0.01	0.12	0.008	0.5	0.5	-1.02	0.117	0.275644093752	3.63	1.119000	1.026000	0.599000	0.025000	0.971000	0.770000	770
0.02	0.02	0.00	0.25	0.27	0.02	0.28	0.02	0.22	0.002	0.5	0.5	-0.38	0.191	0.217869028449	2.75	3.776000	1.312000	0.756000	0.990000	0.914000	0.886000	770
0.02	0.03	0.00	0.25	0.39	0.02	0.31	0.01	0.20	0.068	0.5	0.5	-1.27	0.179	0.25051215291	3.52	0.684000	-0.238000	0.599000	0.003000	0.286000	0.747000	770
0.00	0.02	0.00	0.25	0.33	0.02	0.13	0.06	0.15	0.185	0.5	0.5	-0.48	0.229	0.230581790209	2.33	-0.282000	-0.349000	-0.208000	0.000000	0.002000	0.004000	770
0.01	0.02	0.00	0.25	0.20	0.02	0.13	0.06	0.20	0.106	0.5	0.5	-0.61	0.256	0.268614202738	-1.1	0.074000	-0.850000	-0.935000	0.000000	0.002000	0.003000	770
0.01	0.01	0.00	0.25	0.21	0.02	0.07	0.06	0.22	0.301	0.5	0.5	-0.64	0.139	0.249616205692	0.336	1.233000	-0.115000	-0.050000	0.001000	0.001000	0.002000	770
0.01	0.00	0.00	0.26	0.23	0.02	0.07	0.02	0.23	1.0	0.5	0.5	0.27	0.394	0.211626589298	0.723	0.947000	-0.747000	-0.137000	0.923000	0.023000	0.019000	770
0.00	0.01	0.00	0.26	0.46	0.02	0.06	0.03	0.08	0.988	0.5	0.5	-0.49	0.311	0.333309233189	-3.64	-0.160000	0.166000	0.665000	0.000000	0.047000	0.023000	770
0.00	0.02	0.00	0.28	0.40	0.02	0.16	0.04	0.15	0.399	0.5	0.5	-0.91	0.259	0.240501716733	-2.73	-1.386000	-0.325000	-0.313000	0.000000	0.023000	0.016000	770
0.00	0.01	0.00	0.25	0.23	0.04	0.11	0.03	0.08	0.003	0.5	0.5	-0.77	0.133	0.277034461498	5.5	0.435000	1.312000	0.756000	0.000000	0.231000	0.033000	770
0.01	0.01	0.00	0.25	0.23	0.14	0.27	0.05	0.07	0.0	0.5	0.5	-2.35	0.212	0.328137814999	4.32	0.744000	1.138000	0.665000	0.001000	0.282000	0.131000	770
0.07	0.04	0.00	0.27	0.18	0.11	0.21	0.03	0.13	0.098	0.5	0.5	-0.66	0.211	0.236801549792	3.78	0.212000	1.026000	0.599000	0.000000	0.004000	0.003000	770
0.07	0.04	0.00	0.28	0.18	0.12	0.21	0.03	0.16	0.047	0.5	0.5	-0.53	0.147	0.316433727741	4.51	1.356000	1.176000	0.676000	0.047000	0.042000	0.021000	770
0.14	0.07	0.00	0.25	0.25	0.07	0.30	0.04	0.22	0.0	0.5	0.5	-1.5	0.147	0.397643923759	5.5	4.537000	1.026000	0.599000	1.000000	0.988000	0.984000	770
0.14	0.08	0.00	0.27	0.25	0.09	0.26	0.05	0.21	0.011	0.5	0.5	-1.23	0.252	0.306151330471	2.84	2.760000	1.312000	0.756000	0.980000	0.982000	0.989000	770
0.14	0.13	0.00	0.26	0.23	0.09	0.33	0.06	0.21	0.298	0.5	0.5	-0.75	0.169	0.409367620945	1.09	1.049000	0.074000	0.599000	0.919000	0.998000	0.994000	770
0.07	0.14	0.00	0.26	0.23	0.07	0.31	0.28	0.17	0.009	0.5	0.5	-0.51	0.119	0.350587904453	-5.34	-0.734000	0.324000	0.756000	0.027000	0.997000	0.995000	770
0.07	0.15	0.00	0.26	0.32	0.08	0.36	0.26	0.17	1.0	0.5	0.5	0.01	0.209	0.313221871853	-5.34	-0.734000	0.324000	0.756000	0.027000	0.997000	0.995000	770
0.06	0.11	0.00	0.26	0.23	0.06	0.28	0.42	0.18	0.118	0.5	0.5	-0.02	0.275	0.245645806193	-4.6	0.447000	-0.375000	-0.551000	0.994000	0.987000	0.972000	770
0.06	0.07	0.00	0.28	0.26	0.06	0.24	0.16	0.14	0.132	0.5	0.5	-1.18	0.165	0.271713882685	3.64	2.464000	1.176000	0.676000	0.987000	0.987000	0.996000	770
0.05	0.02	0.00	0.25	0.22	0.01	0.15	0.02	0.07	0.235	0.5	0.5	-0.52	0.068	0.241267323494	-1.99	0.304000	1.312000	0.756000	0.003000	0.891000	0.117000	770
0.05	0.02	0.00	0.24	0.31	0.02	0.21	0.01	0.04	0.012	0.5	0.5	-1.07	0.161	0.250546664	-0.115	-0.636000	-0.232000	-0.842000	0.000000	0.019000	0.015000	770
0.03	0.01	0.00	0.25	0.26	0.02	0.15	0.01	0.11	0.004	0.5	0.5	-0.7	0.141	0.23460611701	2.67	-0.111000	0.130000	-0.176000	0.000000	0.215000	0.024000	770
0.01	0.02	0.00	0.26	0.32	0.04	0.21	0.01	0.22	0.528	0.5	0.5	-0.34	0.303	0.237890094519	1.43	0.569000	0.232000	0.691000	0.207000	0.347000	0.648000	755
0.00	0.01	0.00	0.26	0.25	0.03	0.28	0.01	0.28	0.003	0.5	0.5	-1.3	0.150	0.239080458879	1.27	0.212000	1.026000	0.549000	0.000000	0.587000	0.990000	755
0.00	0.00	0.00	0.25	0.28	0.02	0.20	0.01	0.16	0.057	0.5	0.5	-1.27	0.273	0.316656410694	2.03	0.735000	0.988000	0.597000	0.138000	0.016000	0.279000	755
0.00	0.02	0.00	0.30	0.28	0.02	0.20	0.02	0.18	0.15	0.5	0.5	-1.34	0.197	0.307343184948	-4.14	-0.248000	-1.452000	-0.416000	0.011000	0.000000	0.020000	755
0.06	0.03	0.00	0.27	0.29	0.02	0.19	0.03	0.24	0.104	0.5	0.5	-2.37	0.182	0.239842817187	-0.619	-0.454000	0.093000	0.531000	0.023000	0.976000	0.976000	755
0.02	0.02	0.00	0.25	0.29	0.04	0.35	0.13	0.23	0.267	0.5	0.5	-0.56	0.138	0.265288114548	0.536	0.641000	-0.134000	-0.883000	0.002000	0.104000	0.028000	755
0.02	0.02	0.00	0.28	0.26	0.03	0.14	0.15	0.04	0.249	0.5	0.5	-1.83	0.116	0.200883209705	-7.2	-1.469000	-2.070000	-1.641000	0.000000	0.000000	0.003000	755
0.04	0.05	0.00	0.25	0.33	0.05	0.21	0.04	0.11	0.008	0.5	0.5	-3.59	0.311	0.302869439125	0.695	0.075000	1.011000	0.531000	0.000000	0.003000	0.010000	755
0.00	0.04	0.00	0.24	0.21	0.05	0.20	0.11	0.15	0.157	0.5	0.5	-1.44	0.167	0.221076130867	0.951	0.223000	-0.117000	0.597000	0.000000	0.001000	0.306000	755
0.00	0.03	0.00	0.24	0.19	0.02	0.21	0.02	0.23	0.005	0.5	0.5	-4.69	0.354	0.336841881275	4.56	0.733000	0.951000	0.434000	0.002000	0.366000	0.214000	755
0.00	0.01	0.00	0.25	0.26	0.02	0.16	0.01	0.21	0.352	0.5	0.5	-3.73	0.112	0.28562361002	-3.44	-0.407000	-0.360000	-0.435000	0.000000	0.002000	0.002000	755
0.00	0.02	0.00	0.26	1.00	0.02	0.13	0.01	0.13	0.022	0.5	0.5	-4.57	0.266	0.281813919544	-6.67	-0.634000	0.109000	0.543000	0.000000	0.001000	0.008000	755
0.00	0.04	0.00	0.25	0.31	0.02	0.13	0.01	0.14	1.0	0.5	0.5	1.09	0.202	0.237474858761	-5.51	-1.173000	-0.532000	-0.353000	0.000000	0.004000	0.017000	755
0.00	0.03	0.00	0.27	0.31	0.02	0.14	0.01	0.21	0.19	0.5	0.5	-2.36	0.250	0.258351951838	-11.2	-1.469000	-0.997000	-0.194000	0.001000	0.014000	0.009000	755
0.06	0.02	0.00	0.25	0.42	0.02	0.11	0.01	0.21	0.065	0.5	0.5	-2.07	0.237	0.321451067924	1.07	0.428000	0.189000	0.588000	0.452000	0.580000	0.090000	755
0.06	0.03	0.00	0.25	0.25	0.01	0.15	0.04	0.23	0.001	0.5	0.5	-1.1	0.109	0.318957716227	-0.121	-0.282000	0.310000	0.667000	0.000000	0.028000	0.011000	755
0.06	0.02	0.00	0.25	0.35	0.03	0.18	0.03	0.24	0.017	0.5	0.5	-2.05	0.289	0.244796946645	1.3	0.659000	-0.112000	0.597000	0.000000	0.006000	0.009000	755
0.04	0.01	0.00	0.26	0.26	0.03	0.18	0.02	0.18	0.188	0.5	0.5	-2.81	0.134	0.325499534607	1.55	1.714000	1.292000	0.667000	0.222000	0.869000	0.241000	755
0.02	0.03	0.00	0.26	0.41	0.02	0.12	0.04	0.18	0.036	0.5	0.5	-5.03	0.261	0.335355877876	4.39	0.526000	0.195000	-0.185000	0.009000	0.454000	0.015000	755
0.00	0.02	0.00	0.25	0.26	0.03	0.13	0.01	0.22	0.145	0.5	0.5	-1.62	0.033	0.27059084177	-1.4	0.049000	0.110000	0.347000	0.000000	0.006000	0.006000	755
0.03	0.01	0.00	0.26	0.25	0.06	0.28	0.01	0.15	0.056	0.5	0.5	-2.33	0.127	0.255242109299	4.03	1.113000	1.292000	0.667000	0.017000	0.943000	0.281000	755
0.05	0.00	0.00	0.25	0.26	0.07	0.21	0.05	0.13	0.225	0.5	0.5	-1.96	0.159	0.274805873632	3.21	1.446000	1.213000	0.542000	0.004000	0.296000	0.362000	755
0.10	0.00	0.00	0.25	0.44	0.07	0.22	0.05	0.10	0.008	0.5	0.5	-5.78	0.172	0.225693956017	3.27	2.012000	0.301000	0.667000	0.776000	0.072000	0.614000	755
0.15	0.06	0.00	0.26	0.19	0.12	0.25	0.07	0.13	0.829	0.5	0.5	-0.11	0.060	0.288993090391	-0.979	0.093000	0.037000	0.597000	0.000000	0.394000	0.695000	755
0.13	0.06	0.00	0.27	0.20	0.12	0.25	0.12	0.13	0.127	0.5	0.5	-2.11	0.081	0.299536347389	3.52	0.473000	1.292000	0.667000	0.000000	0.025000	0.079000	755
0.05	0.03	0.00	0.28	0.18	0.03	0.12	0.09	0.08	0.13	0.5	0.5	-4.07	0.175	0.314486086369	0.229	0.046000	-0.090000	-0.928000	0.000000	0.022000	0.380000	755
0.15	0.06	0.00	0.25	0.43	0.05	0.21	0.06	0.22	0.132	0.5	0.5	-1.8	0.108	0.267262011766	-1.7	-0.280000	-0.157000	-0.219000	0.000000	0.019000	0.012000	754
0.13	0.06	0.00	0.27	0.22	0.04	0.17	0.07	0.33	0.18	0.5	0.5	-0.81	0.038	0.233703762293	-6.79	-1.491000	-0.097000	-0.217000	0.000000	0.007000	0.005000	754
0.10	0.07	0.00	0.27	0.15	0.04	0.16	0.02	0.29	0.026	0.5	0.5	-2.29	0.073	0.289673775434	0.654	0.160000	-0.048000	0.667000	0.007000	0.010000	0.230000	754
0.05	0.07	0.00	0.26	0.14	0.03	0.16	0.01	0.34	0.0	0.5	0.5	-6.75	0.216	0.292828261852	-2.85	0.252000	0.308000	0.667000	0.001000	0.009000	0.250000	754
0.05	0.07	0.00	0.26	0.14	0.03	0.14	0.01	0.27	0.172	0.5	0.5	-2.81	0.081	0.308425009251	0.86	-0.363000	-0.186000	-0.271000	0.000000	0.006000	0.249000	754
0.11	0.07	0.00	0.25	0.24	0.03	0.14	0.02	0.29	1.0	0.5	0.5	5.71	0.087	0.275636136532	-2.67	0.241000	-0.984000	-0.800000	0.001000	0.000000	0.006000	754
0.02	0.03	0.00	0.26	0.23	0.02	0.17	0.04	0.28	0.222	0.5	0.5	-3.14	0.150	0.361063301563	-1.01	-0.167000	1.011000	0.531000	0.000000	0.713000	0.891000	754
0.02	0.02	0.00	0.25	0.19	0.03	0.25	0.01	0.19	0.021	0.5	0.5	-2.33	0.179	0.33084666729	5.83	1.279000	1.292000	0.667000	0.001000	0.004000	0.075000	754
0.04	0.03	0.00	0.26	0.18	0.07	0.30	0.02	0.16	0.109	0.5	0.5	-2.38	0.186	0.265338122845	-3.56	0.022000	-0.127000	-0.115000	0.000000	0.000000	0.024000	754
0.05	0.02	0.00	0.26	0.28	0.07	0.38	0.02	0.17	0.112	0.5	0.5	-2.04	0.088	0.286338150501	-2.48	-0.356000	-0.160000	-0.210000	0.000000	0.000000	0.033000	754
0.04	0.03	0.00	0.27	0.21	0.13	0.35	0.02	0.16	0.029	0.5	0.5	-4.1	0.134	0.324265182018	3.56	0.756000	0.963000	0.496000	0.008000	0.034000	0.138000	754
0.07	0.06	0.00	0.25	0.26	0.08	0.41	0.03	0.26	0.007	0.5	0.5	-6.11	0.147	0.298711150885	1.78	0.799000	-0.212000	0.733000	0.000000	0.003000	0.451000	754
0.04	0.12	0.00	0.26	0.21	0.08	0.28	0.03	0.27	1.0	0.5	0.5	2.13	0.040	0.268103867769	3.08	-0.040000	-0.140000	-0.122000	0.000000	0.001000	0.158000	754
0.04	0.14	0.00	0.24	0.15	0.08	0.27	0.02	0.26	0.086	0.5	0.5	-2.69	0.102	0.230659067631	3.22	0.737000	0.119000	-0.224000	0.003000	0.012000	0.073000	754
0.07	0.06	0.00	0.26	0.23	0.06	0.17	0.07	0.12	0.081	0.5	0.5	-6.54	0.379	0.309176743031	2.59	-0.102000	-0.292000	0.581000	0.000000	0.002000	0.399000	754
0.06	0.11	0.00	0.25	0.25	0.06	0.17	0.05	0.11	0.011	0.5	0.5	-2.8	0.264	0.235895961523	4.71	0.721000	1.292000	0.733000	0.000000	0.001000	0.152000	754
0.18	0.09	0.00	0.26	0.26	0.09	0.25	0.17	0.22	0.141	0.5	0.5	-1.73	0.231	0.277325689793	3.07	0.344000	-0.269000	-1.095000	0.991000	0.986000	0.945000	754
0.21	0.17	0.00	0.25	0.25	0.10	0.22	0.16	0.20	0.218	0.5	0.5	-0.65	0.375	0.323077559471	0.809	0.094000	0.310000	0.733000	0.007000	0.928000	0.971000	754
0.00	0.02	0.00	0.26	0.26	0.15	0.27	0.01	0.13	0.258	0.5	0.5	-0.26	0.139	0.234274491668	-6.94	-0.576000	-0.422000	0.656000	0.000000	0.007000	0.490000	754
0.00	0.02	0.00	0.26	0.25	0.13	0.26	0.01	0.13	0.114	0.5	0.5	-1.77	0.210	0.237981945276	0.156	0.117000	-0.283000	-0.247000	0.000000	0.002000	0.214000	754
0.00	0.02	0.00	0.27	0.28	0.13	0.25	0.01	0.18	0.194	0.5	0.5	-4.22	0.153	0.376929312944	2.57	0.730000	0.189000	0.645000	0.014000	0.137000	0.227000	754
0.00	0.02	0.00	0.27	0.34	0.13	0.21	0.11	0.17	0.001	0.5	0.5	-5.26	0.147	0.334457993507	4.6	2.102000	1.011000	0.581000	0.011000	0.317000	0.358000	754
0.00	0.01	0.00	0.26	0.25	0.03	0.10	0.10	0.24	0.258	0.5	0.5	-2.32	0.172	0.273149877787	-5.7	-1.420000	-0.138000	-0.085000	0.000000	0.000000	0.011000	749
0.00	0.00	0.00	0.27	0.29	0.02	0.09	0.10	0.06	0.58	0.5	0.5	-0.69	0.033	0.227270051837	-4.3	-0.472000	-1.205000	-0.883000	0.000000	0.000000	0.018000	749
0.00	0.01	0.00	0.26	0.33	0.01	0.13	0.07	0.16	0.031	0.5	0.5	-2.94	0.172	0.265466749668	0.939	-0.075000	0.079000	-0.176000	0.010000	0.099000	0.078000	749
0.02	0.04	0.00	0.25	0.48	0.02	0.15	0.03	0.24	0.01	0.5	0.5	-6.13	0.128	0.403960585594	4.5	2.087000	1.292000	0.733000	0.503000	0.950000	0.969000	749
0.03	0.04	0.00	0.24	0.36	0.02	0.14	0.03	0.16	0.0	0.5	0.5	-4.78	0.247	0.588716745377	4.03	1.801000	0.115000	0.581000	1.000000	1.000000	1.000000	749
0.04	0.03	0.00	0.25	0.36	0.02	0.14	0.03	0.16	0.0	0.5	0.5	-6.69	0.407	0.562190830708	5.75	6.880000	1.292000	0.733000	1.000000	1.000000	1.000000	749
0.03	0.03	0.00	0.25	0.29	0.01	0.23	0.02	0.10	0.018	0.5	0.5	-5.76	0.163	0.309009969234	4.9	2.043000	1.011000	0.581000	1.000000	0.981000	0.878000	749
0.02	0.03	0.00	0.26	0.24	0.02	0.24	0.01	0.12	0.278	0.5	0.5	-0.43	0.251	0.248787239194	1.85	-0.614000	1.292000	0.733000	0.000000	0.178000	0.301000	749
0.04	0.03	0.02	0.25	0.20	0.07	0.20	0.06	0.06	0.061	0.5	0.5	-3.75	0.105	0.237898737192	-1.31	-0.254000	-0.102000	-0.185000	0.000000	0.834000	0.451000	749
0.08	0.03	0.02	0.25	0.26	0.08	0.15	0.07	0.08	0.249	0.5	0.5	-1.17	0.208	0.204191148281	-3.49	-0.729000	-0.183000	-0.842000	0.000000	0.028000	0.002000	749
0.02	0.02	0.00	0.24	0.23	0.02	0.18	0.02	0.15	0.035	0.5	0.5	-4.89	0.180	0.294875323772	4.55	0.725000	1.011000	0.581000	0.001000	0.009000	0.017000	749
0.08	0.02	0.00	0.27	0.17	0.19	0.19	0.01	0.15	0.0	0.5	0.5	-3.11	0.205	0.239278763533	5.99	2.646000	1.011000	0.581000	0.997000	0.033000	0.320000	749
0.10	0.02	0.00	0.26	0.18	0.17	0.16	0.05	0.15	0.334	0.5	0.5	-0.48	0.237	0.244166389108	-2.17	-0.377000	-0.522000	-0.874000	0.000000	0.000000	0.051000	749
0.06	0.05	0.00	0.27	0.17	0.04	0.15	0.05	0.11	0.026	0.5	0.5	-3.61	0.440	0.305007368326	3.36	1.458000	1.292000	0.733000	0.420000	0.013000	0.688000	749
0.08	0.01	0.00	0.26	0.30	0.04	0.15	0.03	0.11	0.32	0.5	0.5	-1.7	0.237	0.224802449346	-0.395	0.529000	-0.928000	-0.224000	0.000000	0.311000	0.876000	749
0.00	0.00	0.00	0.29	0.39	0.02	0.07	0.02	0.17	0.085	0.5	0.5	-3.45	0.174	0.268839210272	2.86	0.848000	0.310000	0.733000	0.001000	0.926000	0.991000	749
0.00	0.00	0.00	0.25	0.48	0.02	0.06	0.02	0.17	0.308	0.5	0.5	-6.3	0.232	0.292506277561	0.217	-0.315000	0.189000	0.645000	0.000000	0.056000	0.536000	749
0.01	0.01	0.00	0.26	0.27	0.02	0.21	0.05	0.15	0.419	0.5	0.5	-2.4	0.225	0.3764950037	3.96	0.510000	0.232000	0.656000	0.008000	0.509000	0.704000	749
0.03	0.01	0.00	0.27	0.37	0.05	0.19	0.05	0.16	0.001	0.5	0.5	-5.63	0.164	0.304157912731	3.06	0.245000	0.298000	0.733000	0.000000	0.004000	0.147000	749
0.03	0.01	0.00	0.26	0.28	0.11	0.16	0.05	0.18	0.101	0.5	0.5	-1.9	0.135	0.308862447739	3.24	0.506000	1.055000	0.601000	0.000000	0.007000	0.023000	749
0.04	0.01	0.00	0.27	0.33	0.08	0.16	0.05	0.16	0.131	0.5	0.5	-1.48	0.230	0.308366954327	1.77	0.991000	1.055000	0.601000	0.043000	0.023000	0.032000	749
0.04	0.01	0.00	0.27	0.28	0.11	0.41	0.03	0.19	0.124	0.5	0.5	-8.21	0.209	0.531991958618	2.52	0.180000	0.208000	0.656000	0.005000	0.059000	0.041000	749
0.04	0.01	0.00	0.25	0.27	0.08	0.22	0.02	0.08	0.191	0.5	0.5	-1.19	0.110	0.356756269932	0.306	0.542000	0.306000	-0.072000	0.000000	0.002000	0.005000	749
0.03	0.01	0.00	0.25	0.24	0.09	0.25	0.03	0.04	0.196	0.5	0.5	-2.57	0.208	0.37101277709	1.48	-0.175000	1.158000	0.656000	0.000000	0.990000	0.780000	749
0.04	0.01	0.00	0.26	0.27	0.08	0.42	0.05	0.05	0.019	0.5	0.5	-0.91	0.100	0.362170606852	2.02	2.014000	0.217000	-0.126000	0.783000	0.461000	0.270000	749
0.01	0.01	0.00	0.25	0.27	0.02	0.14	0.02	0.26	0.181	0.5	0.5	-2.11	0.206	0.270484298468	-0.0856	0.815000	0.254000	0.733000	0.000000	0.628000	0.952000	748
0.00	0.01	0.00	0.32	0.25	0.02	0.14	0.01	0.27	0.588	0.5	0.5	-0.87	0.285	0.270958185196	-2.46	-0.026000	1.158000	0.656000	0.000000	0.660000	0.948000	748
0.00	0.01	0.00	0.26	0.26	0.02	0.15	0.01	0.25	0.009	0.5	0.5	-3.89	0.198	0.325543761253	0.94	1.059000	0.104000	0.733000	0.034000	0.187000	0.790000	748
0.01	0.00	0.00	0.25	0.23	0.03	0.14	0.01	0.38	0.219	0.5	0.5	-0.61	0.299	0.192682042718	-0.395	-0.182000	0.060000	-0.206000	0.000000	0.115000	0.042000	748
0.00	0.00	0.00	0.24	0.20	0.02	0.16	0.01	0.30	0.355	0.5	0.5	-0.31	0.135	0.191628068686	-0.0419	-0.733000	-1.497000	-0.793000	0.000000	0.093000	0.039000	748
0.00	0.03	0.00	0.25	1.00	0.03	0.20	0.04	0.19	0.017	0.5	0.5	-3.44	0.165	0.335933238268	3.35	-0.328000	0.193000	0.645000	0.000000	0.956000	0.848000	748
0.00	0.03	0.00	0.26	0.20	0.02	0.18	0.05	0.21	0.001	0.5	0.5	-1.95	0.217	0.25576364994	-3.01	0.161000	-0.060000	-0.079000	0.004000	0.654000	0.916000	748
0.00	0.02	0.00	0.24	0.20	0.01	0.11	0.05	0.07	0.2	0.5	0.5	-3.54	0.098	0.251183867455	1.63	0.214000	-0.120000	-0.114000	0.000000	0.000000	0.213000	748
0.00	0.02	0.00	0.25	0.17	0.01	0.11	0.05	0.07	0.172	0.5	0.5	-1.07	0.114	0.270466268063	-2.37	0.184000	-0.193000	-0.137000	0.000000	0.000000	0.213000	748
0.00	0.03	0.00	0.26	0.13	0.01	0.19	0.05	0.29	1.0	0.5	0.5	2.71	0.059	0.285767704248	-9.46	-0.412000	-1.057000	-2.064000	0.000000	0.000000	0.236000	748
0.00	0.02	0.00	0.26	0.18	0.02	0.07	0.00	0.13	0.188	0.5	0.5	-2.19	0.165	0.28513482213	-3.49	0.009000	-0.161000	-0.142000	0.000000	0.005000	0.841000	748
0.00	0.02	0.00	0.27	0.21	0.02	0.06	0.00	0.15	0.019	0.5	0.5	-3.13	0.195	0.242755651474	5.75	2.101000	1.292000	0.733000	0.004000	0.449000	0.984000	748
0.03	0.01	0.00	0.26	0.21	0.03	0.18	0.02	0.11	0.002	0.5	0.5	0.38	0.206	0.36175352335	5.95	3.129000	1.122000	0.645000	1.000000	0.998000	0.976000	748
0.02	0.01	0.00	0.26	0.26	0.03	0.29	0.03	0.10	0.289	0.5	0.5	-0.77	0.260	0.256144881248	4.21	1.838000	-0.160000	-0.274000	0.999000	0.919000	0.787000	748
0.02	0.02	0.00	0.25	0.31	0.02	0.10	0.05	0.14	0.0	0.5	0.5	-1.99	0.184	0.210588276386	3.56	1.808000	0.309000	-0.085000	1.000000	0.582000	0.350000	748
0.02	0.01	0.00	0.25	0.35	0.03	0.08	0.05	0.14	0.356	0.5	0.5	-4.94	0.256	0.250100493431	2.0	0.167000	1.122000	0.645000	0.000000	0.201000	0.436000	748
0.02	0.01	0.00	0.25	0.28	0.06	0.06	0.09	0.16	0.03	0.5	0.5	-3.02	0.118	0.2903431952	0.8	1.593000	-0.166000	-0.238000	0.007000	0.103000	0.700000	748
0.02	0.00	0.00	0.26	0.28	0.14	0.23	0.01	0.22	0.399	0.5	0.5	-0.56	0.237	0.253663182259	2.26	0.811000	0.311000	-0.060000	0.000000	0.002000	0.068000	748
0.02	0.00	0.00	0.25	0.34	0.11	0.23	0.01	0.24	1.0	0.5	0.5	3.35	0.044	0.245352223516	-4.98	-0.472000	-0.202000	-0.226000	0.000000	0.001000	0.059000	748
0.03	0.00	0.00	0.26	0.35	0.06	0.24	0.01	0.28	0.325	0.5	0.5	-2.61	0.238	0.226611062884	-0.519	0.291000	0.081000	0.733000	0.000000	0.112000	0.142000	748
0.02	0.00	0.00	0.24	0.49	0.06	0.32	0.01	0.15	0.03	0.5	0.5	-6.6	0.152	0.280369341373	1.06	0.305000	1.158000	0.656000	0.698000	0.734000	0.279000	748
0.03	0.00	0.00	0.24	0.29	0.15	0.21	0.01	0.16	0.34	0.5	0.5	-4.05	0.231	0.285494804382	-2.91	-0.734000	-0.162000	-0.836000	0.000000	0.022000	0.033000	748
0.03	0.03	0.00	0.27	0.42	0.03	0.17	0.02	0.17	0.1	0.5	0.5	-3.99	0.496	0.403275668621	1.95	1.523000	0.200000	0.665000	0.756000	0.183000	0.083000	748
0.04	0.03	0.00	0.25	0.25	0.03	0.30	0.02	0.16	0.133	0.5	0.5	-0.75	0.326	0.322800308466	2.4	0.725000	-0.559000	-0.786000	0.110000	0.018000	0.028000	748
0.04	0.03	0.00	0.27	0.27	0.03	0.18	0.03	0.22	0.009	0.5	0.5	-4.29	0.551	0.357543885708	3.5	0.376000	1.312000	0.756000	0.931000	0.983000	0.828000	748
0.02	0.02	0.00	0.25	0.23	0.02	0.12	0.01	0.21	0.189	0.5	0.5	-2.36	0.314	0.22904497385	2.01	1.520000	-0.940000	-0.690000	0.001000	0.000000	0.472000	748
0.02	0.02	0.00	0.26	0.26	0.02	0.11	0.02	0.24	0.628	0.5	0.5	-2.06	0.191	0.3481118083	0.451	0.133000	0.324000	0.756000	0.000000	0.008000	0.615000	748
0.00	0.02	0.00	0.27	0.25	0.02	0.13	0.02	0.23	0.478	0.5	0.5	-1.6	0.148	0.307635605335	4.38	2.183000	0.248000	0.756000	0.038000	0.053000	0.880000	748
0.00	0.03	0.00	0.25	0.25	0.02	0.08	0.00	0.04	0.329	0.5	0.5	-2.78	0.208	0.253771901131	-3.32	0.086000	-0.043000	0.756000	0.000000	0.000000	0.017000	748
0.00	0.03	0.00	0.29	0.26	0.02	0.09	0.01	0.10	0.231	0.5	0.5	2.31	0.326	0.246831476688	0.598	1.145000	-0.260000	-0.179000	0.007000	0.006000	0.036000	748
0.03	0.14	0.01	0.25	0.31	0.02	0.14	0.18	0.17	0.189	0.5	0.5	-3.41	0.503	0.324925720692	1.22	2.248000	-0.335000	-0.116000	1.000000	0.719000	0.784000	748
0.03	0.14	0.02	0.26	0.26	0.02	0.12	0.18	0.10	0.002	0.5	0.5	-6.84	0.913	0.522082984447	5.74	4.642000	1.138000	0.665000	1.000000	0.992000	0.950000	748
0.09	0.15	0.01	0.25	0.26	0.06	0.23	0.19	0.38	0.0	0.5	0.5	-7.91	0.895	0.59742307663	5.74	7.780000	1.176000	0.676000	1.000000	1.000000	0.964000	748
0.21	0.05	0.00	0.26	0.53	0.05	0.24	0.09	0.28	0.0	0.5	0.5	-4.83	0.674	0.512533724308	5.74	4.639000	1.138000	0.665000	1.000000	0.464000	0.771000	748
0.21	0.06	0.00	0.25	0.28	0.05	0.27	0.09	0.44	0.059	0.5	0.5	-3.58	0.543	0.351697564125	4.89	3.224000	1.176000	0.676000	1.000000	0.972000	0.903000	748
0.17	0.05	0.00	0.24	0.53	0.09	0.36	0.04	0.27	0.0	0.5	0.5	-7.81	0.844	0.5447884202	5.74	6.282000	1.138000	0.665000	1.000000	0.992000	0.989000	748
0.14	0.05	0.00	0.26	0.28	0.06	0.25	0.03	0.26	0.325	0.5	0.5	0.1	0.339	0.218467921019	-4.91	-0.089000	-0.294000	-0.206000	0.002000	0.180000	0.533000	748
0.14	0.05	0.00	0.27	0.30	0.06	0.31	0.03	0.26	0.067	0.5	0.5	-3.31	0.285	0.219364762306	-2.49	-0.097000	-0.298000	-0.133000	0.000000	0.173000	0.470000	748
0.03	0.04	0.00	0.26	0.25	0.02	0.12	0.04	0.09	0.016	0.5	0.5	-5.34	0.197	0.322231709957	-1.25	0.305000	-0.191000	-0.108000	0.000000	0.016000	0.142000	748
0.01	0.03	0.00	0.25	0.14	0.18	0.13	0.00	0.15	0.108	0.5	0.5	-2.43	0.100	0.300150811672	-2.46	0.288000	0.268000	0.756000	0.000000	0.023000	0.070000	748
0.09	0.01	0.00	0.27	0.15	0.16	0.07	0.04	0.05	1.0	0.5	0.5	0.28	0.024	0.205974400043	-3.37	-1.419000	-2.111000	-1.597000	0.000000	0.000000	0.000000	748
0.04	0.00	0.00	0.26	0.28	0.11	0.13	0.01	0.17	0.101	0.5	0.5	-1.36	0.041	0.256174385548	1.21	-0.406000	0.168000	-0.083000	0.000000	0.001000	0.019000	748
0.00	0.01	0.00	0.25	0.31	0.02	0.12	0.01	0.17	0.129	0.5	0.5	-2.71	0.181	0.247014343739	0.465	0.120000	0.206000	-0.109000	0.000000	0.074000	0.040000	748
0.00	0.01	0.00	0.26	0.27	0.02	0.25	0.01	0.11	0.514	0.5	0.5	0.22	0.275	0.228298589587	-3.88	0.366000	-0.496000	-0.704000	0.000000	0.000000	0.000000	748
0.01	0.01	0.00	0.28	0.31	0.02	0.13	0.01	0.16	0.766	0.5	0.5	-0.46	0.295	0.225872218609	-2.92	0.222000	-0.413000	0.665000	0.000000	0.000000	0.041000	748
0.00	0.01	0.00	0.26	0.29	0.02	0.07	0.02	0.14	0.004	0.5	0.5	-2.44	0.179	0.270981609821	5.86	3.912000	-0.129000	-0.108000	0.649000	0.967000	0.994000	748
0.00	0.02	0.00	0.26	0.24	0.02	0.14	0.02	0.22	0.235	0.5	0.5	-2.76	0.040	0.236344158649	-2.52	-0.208000	-0.525000	-0.050000	0.000000	0.002000	0.411000	748
0.03	0.03	0.00	0.26	0.36	0.03	0.13	0.03	0.21	0.496	0.5	0.5	-2.05	0.339	0.236145362258	-5.75	-1.808000	0.200000	0.665000	0.000000	0.339000	0.665000	748
0.03	0.13	0.03	0.25	0.25	0.03	0.23	0.05	0.16	0.018	0.5	0.5	-4.29	0.433	0.310250222683	4.59	1.179000	-0.148000	-0.120000	0.867000	0.105000	0.140000	748
0.11	0.15	0.02	0.25	0.26	0.03	0.22	0.05	0.16	0.003	0.5	0.5	-2.39	0.322	0.214506492019	0.159	-0.077000	0.304000	-0.059000	0.000000	0.536000	0.322000	748
0.11	0.04	0.00	0.26	0.18	0.05	0.17	0.02	0.11	0.007	0.5	0.5	-3.66	0.552	0.231464162469	3.16	2.165000	1.312000	0.756000	0.888000	0.962000	0.912000	748
0.07	0.02	0.00	0.28	0.16	0.02	0.17	0.01	0.10	0.001	0.5	0.5	-5.81	0.576	0.239902183414	4.78	4.015000	1.295000	0.756000	1.000000	0.960000	0.939000	748
0.02	0.02	0.00	0.26	0.20	0.03	0.14	0.01	0.27	0.029	0.5	0.5	-1.88	0.156	0.244786009192	5.52	0.489000	0.315000	0.756000	0.000000	0.117000	0.290000	748
0.00	0.00	0.00	0.25	0.61	0.07	0.28	0.09	0.22	0.024	0.5	0.5	-4.48	0.159	0.301238834858	2.52	0.540000	-0.237000	0.599000	0.001000	0.011000	0.018000	748
0.01	0.00	0.00	0.25	0.32	0.02	0.16	0.01	0.32	0.104	0.5	0.5	-6.51	0.230	0.365802407265	-1.92	-0.481000	1.312000	0.756000	0.000000	0.918000	0.549000	748
0.01	0.00	0.00	0.26	0.23	0.02	0.16	0.01	0.62	0.004	0.5	0.5	-6.64	0.192	0.381501615047	-1.92	-0.481000	1.312000	0.756000	0.000000	0.918000	0.549000	748
0.04	0.02	0.00	0.26	0.34	0.04	0.16	0.01	0.24	0.426	0.5	0.5	-2.6	0.144	0.283899068832	-0.338	-0.530000	-0.101000	0.676000	0.000000	0.044000	0.840000	748
0.04	0.02	0.00	0.27	0.33	0.03	0.15	0.01	0.26	0.123	0.5	0.5	-5.55	0.150	0.252771437168	-0.338	-0.530000	-0.101000	0.676000	0.000000	0.044000	0.840000	748
0.02	0.01	0.00	0.23	0.27	0.03	0.18	0.02	0.16	0.199	0.5	0.5	-0.53	0.088	0.268843352795	-1.26	0.136000	-0.235000	-0.244000	0.000000	0.018000	0.625000	748
0.02	0.01	0.00	0.24	0.27	0.03	0.11	0.02	0.23	0.277	0.5	0.5	-4.87	0.221	0.2947447896	-2.96	0.126000	-0.070000	-0.095000	0.000000	0.002000	0.133000	748
0.02	0.02	0.00	0.25	0.25	0.03	0.15	0.02	0.25	0.326	0.5	0.5	-1.4	0.053	0.322210937738	-3.33	-0.430000	0.192000	-0.065000	0.000000	0.001000	0.005000	748
0.02	0.02	0.00	0.23	0.28	0.03	0.15	0.04	0.25	0.01	0.5	0.5	-3.71	0.162	0.380382627249	-0.0937	0.704000	1.312000	0.756000	0.000000	0.008000	0.011000	748
0.03	0.02	0.00	0.25	0.27	0.03	0.21	0.01	0.38	0.001	0.5	0.5	-4.07	0.138	0.246527925134	1.62	0.185000	1.176000	0.676000	0.004000	0.026000	0.028000	748
0.03	0.02	0.00	0.23	0.21	0.04	0.08	0.02	0.22	0.002	0.5	0.5	-3.64	0.150	0.25816321373	3.03	2.776000	1.312000	0.756000	0.016000	0.011000	0.013000	748
0.03	0.00	0.00	0.23	0.22	0.04	0.08	0.02	0.08	0.095	0.5	0.5	-2.47	0.125	0.239671289921	5.66	3.390000	1.312000	0.756000	0.112000	0.133000	0.046000	748
0.08	0.01	0.00	0.22	0.30	0.09	0.11	0.02	0.20	0.322	0.5	0.5	-4.01	0.235	0.217977792025	1.29	0.165000	-0.822000	-0.908000	0.000000	0.007000	0.008000	748
0.07	0.00	0.00	0.25	0.36	0.13	0.27	0.03	0.16	0.001	0.5	0.5	-7.19	0.413	0.342600405216	0.0982	0.005000	0.325000	0.756000	0.001000	0.033000	0.013000	748
0.09	0.01	0.00	0.26	0.24	0.14	0.20	0.05	0.16	0.13	0.5	0.5	-2.27	0.184	0.247147709131	-0.828	0.171000	-0.479000	-0.103000	0.000000	0.000000	0.057000	748
0.08	0.05	0.00	0.25	0.14	0.04	0.18	0.18	0.16	0.182	0.5	0.5	-1.09	0.315	0.248371899128	-7.09	-2.347000	-1.410000	-0.784000	0.000000	0.004000	0.050000	748
0.08	0.09	0.00	0.29	0.18	0.04	0.34	0.09	0.18	0.035	0.5	0.5	-3.25	0.358	0.266180902719	3.25	2.918000	1.312000	0.756000	0.971000	0.087000	0.136000	748
0.05	0.03	0.00	0.26	0.27	0.08	0.13	0.03	0.14	0.034	0.5	0.5	-1.11	0.086	0.284374564886	3.18	2.771000	0.319000	-0.045000	0.019000	0.001000	0.001000	748
0.04	0.02	0.00	0.25	0.29	0.05	0.20	0.01	0.13	0.212	0.5	0.5	-3.56	0.389	0.328715890646	2.0	0.262000	0.200000	0.665000	0.004000	0.266000	0.042000	748
0.03	0.02	0.00	0.26	0.21	0.08	0.21	0.02	0.26	0.291	0.5	0.5	-2.42	0.251	0.216694623232	-1.12	0.073000	-1.113000	-0.761000	0.000000	0.000000	0.001000	748
0.03	0.02	0.00	0.26	0.31	0.06	0.27	0.03	0.19	0.08	0.5	0.5	-3.3	0.344	0.202744454145	-1.8	-0.657000	-0.673000	-0.817000	0.000000	0.001000	0.001000	748
0.03	0.02	0.00	0.27	0.28	0.04	0.40	0.02	0.35	0.002	0.5	0.5	-5.53	0.353	0.252095401287	2.91	1.207000	-0.739000	-0.774000	0.009000	0.116000	0.037000	748
0.02	0.02	0.00	0.26	0.24	0.03	0.25	0.03	0.13	0.168	0.5	0.5	-3.17	0.095	0.257583916187	3.98	0.114000	1.176000	0.676000	0.048000	0.850000	0.490000	748
0.02	0.02	0.00	0.26	0.26	0.03	0.29	0.03	0.13	0.377	0.5	0.5	0.02	0.401	0.217369168997	3.28	1.249000	-0.222000	-0.790000	0.091000	0.736000	0.137000	748
0.01	0.02	0.00	0.27	0.29	0.03	0.19	0.03	0.13	0.308	0.5	0.5	-4.56	0.276	0.243555516005	-8.36	-0.352000	-1.585000	-1.571000	0.000000	0.000000	0.000000	748
0.01	0.02	0.00	0.27	0.27	0.02	0.15	0.12	0.21	1.0	0.5	0.5	-2.67	0.195	0.243029892445	-4.61	-0.232000	-0.210000	0.676000	0.000000	0.000000	0.178000	748
0.01	0.02	0.00	0.27	0.26	0.02	0.09	0.13	0.15	0.326	0.5	0.5	2.67	0.143	0.217723071575	0.623	-1.105000	0.133000	-0.114000	0.000000	0.001000	0.521000	748
0.02	0.04	0.00	0.26	0.33	0.02	0.13	0.11	0.29	0.616	0.5	0.5	-2.77	0.308	0.245798662305	-2.48	-1.786000	0.130000	-0.176000	0.000000	0.049000	0.898000	748
0.00	0.00	0.00	0.23	0.27	0.02	0.13	0.01	0.14	0.307	0.5	0.5	-0.49	0.174	0.246158450842	-5.69	-0.370000	-0.881000	-1.435000	0.000000	0.005000	0.005000	748
0.02	0.00	0.00	0.22	0.32	0.05	0.07	0.03	0.10	0.044	0.5	0.5	-5.1	0.113	0.338593423367	5.72	0.558000	1.026000	0.599000	0.014000	0.277000	0.298000	748
0.00	0.00	0.00	0.28	0.38	0.02	0.05	0.01	0.10	0.009	0.5	0.5	-4.03	0.121	0.220212951303	-3.42	-0.024000	1.312000	0.756000	0.000000	0.018000	0.010000	748
0.02	0.03	0.00	0.26	0.27	0.02	0.13	0.02	0.12	0.001	0.5	0.5	-5.87	0.941	0.436432600021	5.72	7.271000	1.312000	0.756000	1.000000	1.000000	0.960000	748
0.03	0.02	0.00	0.26	0.29	0.03	0.12	0.03	0.13	0.081	0.5	0.5	-0.82	0.443	0.274076402187	4.02	0.799000	0.227000	-0.103000	0.608000	0.931000	0.416000	748
0.02	0.01	0.00	0.26	0.27	0.03	0.16	0.01	0.13	0.084	0.5	0.5	-2.55	0.274	0.276920884848	1.95	0.069000	0.104000	0.599000	0.001000	0.991000	0.993000	748
0.01	0.01	0.00	0.25	0.27	0.03	0.16	0.01	0.15	0.036	0.5	0.5	-3.67	0.398	0.291629493237	4.55	1.048000	0.323000	0.756000	0.001000	0.990000	0.993000	748
0.01	0.02	0.00	0.26	0.45	0.02	0.15	0.01	0.21	0.008	0.5	0.5	-6.71	0.423	0.253179788589	3.75	0.460000	-0.127000	0.676000	0.134000	0.000000	0.074000	748
0.00	0.02	0.00	0.26	0.30	0.01	0.12	0.01	0.16	0.096	0.5	0.5	-5.45	0.119	0.254047423601	4.54	1.204000	1.312000	0.756000	0.003000	0.046000	0.653000	748
0.01	0.02	0.00	0.30	0.31	0.03	0.15	0.01	0.10	0.02	0.5	0.5	-5.46	0.164	0.207620799541	4.46	1.096000	0.324000	0.756000	0.001000	0.087000	0.070000	748
0.00	0.01	0.00	0.26	0.32	0.11	0.16	0.02	0.15	0.016	0.5	0.5	-2.92	0.181	0.215782105923	1.77	-0.243000	-0.043000	0.599000	0.000000	0.000000	0.001000	748
0.00	0.00	0.00	0.27	0.29	0.10	0.18	0.01	0.13	0.269	0.5	0.5	-3.77	0.335	0.187040567398	-2.99	-0.442000	-1.103000	-0.187000	0.000000	0.000000	0.001000	748
0.00	0.00	0.00	0.25	0.23	0.10	0.16	0.02	0.15	0.183	0.5	0.5	-1.41	0.113	0.195740193129	-1.06	-0.359000	0.286000	0.756000	0.000000	0.001000	0.011000	748
0.00	0.00	0.00	0.25	0.22	0.11	0.17	0.01	0.14	1.0	0.5	0.5	0.79	0.097	0.25464963913	0.28	-0.227000	-0.218000	0.756000	0.000000	0.001000	0.120000	748
0.00	0.00	0.00	0.26	0.20	0.05	0.16	0.02	0.34	0.178	0.5	0.5	-1.41	0.125	0.248266369104	-5.2	-0.229000	-0.395000	-0.054000	0.000000	0.033000	0.867000	748
0.00	0.00	0.00	0.26	0.19	0.03	0.18	0.02	0.23	0.002	0.5	0.5	-4.52	0.114	0.29610902071	1.14	0.555000	1.214000	0.756000	0.006000	0.553000	0.945000	748
0.00	0.00	0.00	0.27	0.19	0.03	0.16	0.02	0.23	0.026	0.5	0.5	-3.05	0.110	0.301118582487	0.594	-0.509000	1.055000	0.665000	0.000000	0.586000	0.956000	748
0.00	0.03	0.00	0.26	0.21	0.02	0.21	0.02	0.23	0.423	0.5	0.5	-0.27	0.116	0.249831110239	-0.498	-1.411000	1.089000	0.618000	0.000000	0.884000	0.990000	748
0.00	0.03	0.00	0.28	0.30	0.02	0.13	0.02	0.23	0.306	0.5	0.5	-2.43	0.192	0.261138498783	-2.0	-0.233000	0.192000	0.691000	0.000000	0.973000	0.997000	748
0.08	0.03	0.00	0.25	0.24	0.03	0.12	0.10	0.10	0.001	0.5	0.5	-3.47	0.713	0.281881272793	5.77	7.271000	1.312000	0.691000	1.000000	0.849000	0.873000	748
0.09	0.04	0.00	0.23	0.22	0.04	0.16	0.10	0.12	0.195	0.5	0.5	-1.8	0.109	0.233682960272	-4.11	0.319000	0.125000	0.549000	0.841000	0.983000	0.818000	748
0.07	0.03	0.00	0.19	0.19	0.03	0.17	0.10	0.16	0.001	0.5	0.5	-3.6	0.367	0.359483003616	5.77	2.841000	0.227000	0.618000	1.000000	0.993000	0.862000	748
0.00	0.00	0.00	0.24	0.30	0.03	0.15	0.01	0.22	0.147	0.5	0.5	-0.24	0.205	0.205271720886	2.76	0.072000	1.176000	0.618000	0.000000	0.370000	0.760000	748
0.00	0.00	0.00	0.26	0.32	0.02	0.09	0.04	1.00	0.028	0.5	0.5	0.11	0.099	0.264927059412	0.282	-1.029000	-1.355000	-2.212000	0.000000	0.011000	0.066000	748
0.00	0.00	0.00	0.24	0.20	0.02	0.09	0.04	0.21	0.016	0.5	0.5	-1.96	0.213	0.3309674263	4.33	1.496000	1.312000	0.691000	0.007000	0.003000	0.022000	748
0.00	0.00	0.00	0.24	0.30	0.02	0.10	0.04	0.21	0.019	0.5	0.5	-2.52	0.206	0.318140685558	4.33	1.496000	1.312000	0.691000	0.007000	0.003000	0.022000	748
0.01	0.00	0.00	0.25	0.29	0.05	0.26	0.02	0.22	0.034	0.5	0.5	-0.87	0.215	0.202934101224	-4.28	-1.457000	-0.359000	-0.219000	0.000000	0.006000	0.085000	748
0.00	0.00	0.00	0.24	0.25	0.04	0.20	0.01	0.33	1.0	0.5	0.5	0.27	0.266	0.217857539654	2.87	1.215000	-0.080000	-1.043000	0.460000	0.008000	0.062000	748
0.00	0.00	0.00	0.26	0.33	0.03	0.12	0.01	0.24	0.439	0.5	0.5	-0.86	0.456	0.251142889261	-4.94	-1.567000	-1.479000	-2.126000	0.000000	0.002000	0.078000	748
0.00	0.01	0.00	0.27	0.28	0.02	0.14	0.01	0.25	0.005	0.5	0.5	-0.94	0.331	0.247980356216	2.52	0.755000	1.292000	0.667000	0.004000	0.326000	0.062000	748
0.00	0.00	0.00	0.25	0.39	0.02	0.13	0.01	0.23	0.0	0.5	0.5	-1.67	0.549	0.268498361111	-2.04	-0.139000	0.186000	0.588000	0.000000	0.267000	0.047000	748
0.00	0.01	0.00	0.25	0.47	0.02	0.15	0.01	0.27	0.0	0.5	0.5	-1.56	0.437	0.252006083727	1.12	0.219000	0.120000	-0.284000	0.000000	0.170000	0.019000	748
0.01	0.01	0.00	0.29	0.25	0.02	0.13	0.00	0.25	0.134	0.5	0.5	0.15	0.323	0.234165519476	4.16	4.433000	0.307000	-0.147000	1.000000	0.003000	0.080000	748
0.00	0.00	0.00	0.26	0.14	0.03	0.06	0.02	0.13	0.786	0.5	0.5	-0.45	0.491	0.236467063427	-2.15	-0.480000	0.082000	0.498000	0.001000	0.136000	0.343000	748
0.04	0.02	0.00	0.24	0.36	0.05	0.16	0.09	0.15	0.649	0.5	0.5	-0.35	0.291	0.222814947367	-7.07	-1.045000	-0.165000	-0.871000	0.000000	0.672000	0.964000	748
0.09	0.04	0.00	0.25	0.27	0.04	0.16	0.02	0.19	0.024	0.5	0.5	-1.08	0.337	0.29556787014	5.42	1.499000	1.158000	0.597000	0.915000	0.876000	0.937000	748
0.05	0.05	0.00	0.25	0.29	0.05	0.21	0.14	0.11	0.019	0.5	0.5	-0.69	0.437	0.248813420534	1.28	0.316000	1.122000	0.645000	0.991000	0.996000	0.908000	748
0.06	0.05	0.00	0.26	0.26	0.05	0.22	0.16	0.21	0.002	0.5	0.5	-1.06	0.397	0.438800722361	5.71	3.578000	1.158000	0.656000	1.000000	0.998000	0.903000	748
0.01	0.03	0.00	0.27	0.33	0.03	0.11	0.03	0.16	0.239	0.5	0.5	-0.31	0.361	0.253858059645	-4.7	-0.103000	-0.976000	-0.309000	0.001000	0.044000	0.170000	748
0.00	0.00	0.00	0.25	0.28	0.02	0.06	0.10	0.08	0.196	0.5	0.5	-0.28	0.244	0.246237441897	-1.72	0.817000	-1.151000	-0.849000	0.000000	0.001000	0.031000	748
0.00	0.02	0.01	0.26	0.28	0.03	0.18	0.01	0.19	0.094	0.5	0.5	-1.1	0.358	0.405103832483	4.35	3.142000	1.292000	0.733000	0.785000	0.981000	0.808000	748
0.01	0.02	0.01	0.25	0.27	0.03	0.18	0.00	0.34	0.102	0.5	0.5	-0.69	0.466	0.347662121058	4.46	1.835000	1.158000	0.656000	1.000000	0.978000	0.913000	748
0.00	0.02	0.02	0.23	0.28	0.03	0.17	0.00	0.23	0.163	0.5	0.5	0.29	0.372	0.259810626507	-1.69	-0.210000	-1.034000	-0.782000	0.000000	0.004000	0.062000	748
0.03	0.01	0.00	0.24	0.35	0.02	0.29	0.03	0.18	0.0	0.5	0.5	-2.33	0.854	0.351659685373	4.95	5.713000	1.026000	0.549000	1.000000	0.985000	0.966000	742
0.02	0.00	0.00	0.23	0.26	0.02	0.40	0.01	0.17	0.003	0.5	0.5	-0.27	0.429	0.29459297657	4.95	2.351000	1.312000	0.691000	1.000000	0.999000	0.988000	742
0.04	0.01	0.00	0.26	0.33	0.04	0.42	0.01	0.11	0.188	0.5	0.5	-0.68	0.452	0.434715509415	4.95	2.371000	1.312000	0.691000	0.938000	1.000000	0.993000	742
0.04	0.04	0.00	0.26	0.33	0.03	0.20	0.02	0.26	0.005	0.5	0.5	-0.56	0.397	0.249520897865	-0.62	-0.404000	-0.197000	-0.180000	0.089000	0.566000	0.933000	741
0.05	0.04	0.00	0.27	0.43	0.03	0.19	0.02	0.30	0.015	0.5	0.5	-0.44	0.360	0.243410855532	-0.62	-0.404000	-0.197000	-0.180000	0.089000	0.566000	0.933000	741
0.05	0.04	0.00	0.25	0.25	0.03	0.15	0.03	0.27	0.003	0.5	0.5	-1.03	0.498	0.469022929668	4.95	5.032000	1.312000	0.691000	1.000000	0.999000	0.990000	741
0.04	0.04	0.00	0.24	0.30	0.03	0.15	0.03	0.25	0.003	0.5	0.5	-1.55	0.461	0.486525654793	3.77	1.211000	1.312000	0.691000	1.000000	1.000000	0.991000	741
0.05	0.04	0.00	0.23	0.25	0.08	0.15	0.02	0.54	0.002	0.5	0.5	-1.16	0.423	0.395143568516	4.05	3.038000	1.026000	0.549000	1.000000	1.000000	0.986000	741
0.04	0.04	0.00	0.23	0.28	0.03	0.21	0.03	0.43	0.0	0.5	0.5	-2.1	0.638	0.369641810656	4.95	4.105000	1.026000	0.549000	1.000000	1.000000	0.980000	741
0.02	0.12	0.00	0.26	0.41	0.09	0.26	0.19	0.15	0.046	0.5	0.5	-1.52	0.538	0.345678061247	2.36	0.946000	0.196000	0.645000	1.000000	0.997000	0.992000	739
0.01	0.12	0.00	0.26	0.22	0.08	0.30	0.13	0.09	0.141	0.5	0.5	-0.74	0.436	0.272600531578	2.89	0.945000	0.232000	0.656000	0.997000	0.859000	0.844000	739
0.02	0.04	0.00	0.27	0.24	0.06	0.12	0.02	0.16	0.05	0.5	0.5	-0.98	0.180	0.267125427723	-2.0	0.055000	-1.631000	-1.610000	0.019000	0.043000	0.049000	728
0.06	0.04	0.00	0.27	0.29	0.05	0.12	0.01	0.16	0.027	0.5	0.5	-1.67	0.520	0.198466956615	0.927	0.777000	0.225000	-0.673000	0.694000	0.133000	0.052000	728
0.04	0.03	0.00	0.25	0.26	0.03	0.10	0.01	0.13	0.45	0.5	0.5	-0.12	0.291	0.27725058794	4.44	1.004000	0.324000	0.756000	0.644000	0.428000	0.407000	728
0.04	0.03	0.00	0.25	0.28	0.02	0.10	0.01	0.20	0.22	0.5	0.5	-0.92	0.282	0.286672115326	-3.84	0.949000	-0.038000	-0.065000	0.001000	0.609000	0.798000	728
0.03	0.02	0.00	0.28	0.36	0.02	0.10	0.01	0.17	0.01	0.5	0.5	-1.28	0.462	0.214724391699	1.92	-0.252000	-0.707000	-0.103000	0.000000	0.779000	0.978000	728
0.01	0.02	0.00	0.26	0.23	0.01	0.12	0.02	0.13	0.017	0.5	0.5	-1.25	0.462	0.350485742092	1.93	1.394000	-0.151000	0.665000	1.000000	0.992000	0.998000	728
0.01	0.02	0.00	0.25	0.29	0.01	0.19	0.02	0.27	0.006	0.5	0.5	-1.69	0.372	0.263599514961	4.77	0.861000	1.026000	0.599000	0.030000	0.713000	0.995000	728
0.00	0.02	0.00	0.24	0.21	0.04	0.23	0.01	0.36	1.0	0.5	0.5	0.0	0.129	0.211524218321	-4.01	0.239000	-0.099000	-0.136000	0.000000	0.010000	0.801000	728
0.02	0.03	0.00	0.27	0.18	0.02	0.25	0.01	0.25	0.085	0.5	0.5	-1.29	0.385	0.218044310808	0.248	-0.184000	0.125000	0.599000	0.002000	0.303000	0.466000	728
0.02	0.01	0.00	0.26	0.21	0.08	0.27	0.01	0.18	0.14	0.5	0.5	-0.63	0.471	0.275403171778	-2.49	-0.045000	0.192000	-0.042000	0.000000	0.008000	0.245000	728
0.03	0.01	0.00	0.26	0.39	0.10	0.37	0.01	0.19	0.158	0.5	0.5	-1.95	0.473	0.355478048325	1.09	-0.264000	0.324000	0.756000	0.000000	0.011000	0.219000	728
0.04	0.02	0.00	0.25	0.25	0.10	0.25	0.01	0.28	0.305	0.5	0.5	-1.7	0.155	0.310148715973	-7.76	-1.258000	0.107000	0.756000	0.000000	0.007000	0.031000	728
0.02	0.01	0.00	0.28	0.27	0.08	0.29	0.02	0.29	0.209	0.5	0.5	-1.08	0.173	0.411381095648	4.93	0.402000	0.324000	0.756000	0.022000	0.031000	0.910000	728
0.01	0.00	0.00	0.29	0.27	0.05	0.27	0.01	0.18	0.249	0.5	0.5	-1.15	0.064	0.270752251148	0.953	1.510000	0.320000	-0.047000	0.062000	0.040000	0.433000	728
0.00	0.02	0.00	0.27	0.29	0.03	0.09	0.00	0.24	0.693	0.5	0.5	-0.05	0.020	0.237223565578	-7.56	-1.316000	-0.506000	0.596000	0.000000	0.019000	0.194000	727
0.01	0.02	0.00	0.26	0.25	0.04	0.04	0.01	0.38	0.011	0.5	0.5	-1.25	0.156	0.305462121964	1.31	0.571000	-0.085000	-0.118000	0.000000	0.007000	0.079000	727
0.05	0.02	0.00	0.26	0.28	0.05	0.28	0.03	0.09	0.234	0.5	0.5	-1.17	0.253	0.411755293608	2.86	1.076000	1.312000	0.756000	0.990000	0.995000	0.994000	727
0.08	0.02	0.00	0.31	0.25	0.07	0.29	0.04	0.14	0.001	0.5	0.5	-1.8	0.647	0.389293789864	1.7	3.732000	1.312000	0.756000	1.000000	0.996000	0.997000	727
0.05	0.02	0.00	0.26	0.38	0.06	0.36	0.03	0.11	0.105	0.5	0.5	-0.73	0.291	0.304629206657	-5.83	0.406000	-1.128000	-0.722000	0.001000	0.934000	0.989000	727
0.02	0.02	0.00	0.26	0.31	0.07	0.24	0.03	0.12	0.003	0.5	0.5	-1.4	0.507	0.3123524189	0.488	1.960000	0.289000	-0.116000	1.000000	0.998000	0.973000	727
0.00	0.00	0.00	0.28	0.28	0.02	0.13	0.00	0.26	0.0	0.5	0.5	-2.1	0.795	0.504015564919	5.48	8.808000	1.176000	0.676000	1.000000	0.998000	0.964000	727
0.02	0.00	0.00	0.26	0.21	0.02	0.17	0.01	0.23	0.064	0.5	0.5	-1.64	0.569	0.369401276112	4.64	4.216000	1.026000	0.599000	1.000000	1.000000	0.999000	727
0.02	0.02	0.00	0.25	0.16	0.02	0.09	0.02	0.07	0.354	0.5	0.5	-0.85	0.496	0.233274772763	2.36	0.224000	0.220000	0.676000	0.000000	0.173000	0.902000	727
0.02	0.02	0.00	0.25	0.19	0.02	0.13	0.02	0.09	0.586	0.5	0.5	-2.42	0.404	0.286129713058	-1.1	1.453000	0.224000	0.676000	0.963000	0.629000	0.948000	727
0.02	0.03	0.00	0.26	0.15	0.02	0.14	0.02	0.26	0.166	0.5	0.5	-1.69	0.579	0.29491341114	-4.15	-0.152000	0.232000	0.756000	0.000000	0.997000	0.968000	727
0.14	0.06	0.00	0.27	0.23	0.22	0.18	0.05	0.10	0.001	0.5	0.5	-1.19	0.854	0.510205864906	5.15	7.345000	1.026000	0.549000	1.000000	1.000000	0.999000	726
0.14	0.05	0.00	0.25	0.21	0.22	0.21	0.26	0.11	0.019	0.5	0.5	-0.76	0.577	0.46314573288	1.46	0.631000	1.176000	0.618000	0.999000	1.000000	0.997000	726
0.16	0.06	0.00	0.26	0.27	0.23	0.23	0.28	0.10	0.587	0.5	0.5	-0.48	0.358	0.215173751116	-1.02	-0.398000	-0.734000	-0.242000	0.000000	0.229000	0.791000	726
0.09	0.02	0.00	0.27	0.16	0.16	0.21	0.11	0.15	0.002	0.5	0.5	-1.17	0.586	0.369708925486	5.15	3.412000	1.312000	0.691000	0.999000	0.996000	0.985000	726
0.09	0.02	0.00	0.25	0.14	0.14	0.21	0.11	0.12	0.183	0.5	0.5	-0.8	0.616	0.336617588997	3.99	1.090000	1.312000	0.691000	0.944000	0.987000	0.980000	726
0.11	0.06	0.00	0.25	0.15	0.15	0.17	0.05	0.14	0.0	0.5	0.5	-2.1	0.876	0.757619380951	5.15	9.315000	1.176000	0.618000	1.000000	1.000000	0.998000	722
0.15	0.05	0.00	0.26	0.31	0.14	0.15	0.11	0.15	0.0	0.5	0.5	-2.4	0.727	0.566403865814	5.15	7.345000	1.026000	0.549000	1.000000	1.000000	0.998000	722
0.13	0.05	0.00	0.27	0.29	0.09	0.14	0.15	0.15	0.437	0.5	0.5	-1.15	0.329	0.328744053841	-0.764	1.825000	1.312000	0.691000	0.993000	0.999000	0.994000	722
0.17	0.06	0.02	0.28	0.40	0.18	0.19	0.11	0.14	0.002	0.5	0.5	-0.84	0.499	0.42013451457	2.27	5.240000	0.222000	0.618000	1.000000	0.998000	0.998000	722
0.05	0.05	0.01	0.17	0.30	0.19	0.18	0.09	0.14	0.0	0.5	0.5	-2.39	0.774	0.744726955891	5.15	5.466000	1.312000	0.691000	1.000000	1.000000	0.994000	722
0.05	0.05	0.01	0.26	0.23	0.22	0.18	0.03	0.15	0.0	0.5	0.5	-1.86	0.918	0.6983948946	5.66	7.900000	1.138000	0.665000	1.000000	1.000000	0.994000	712
0.02	0.04	0.02	0.22	0.07	0.03	0.20	0.07	0.09	0.052	0.5	0.5	-0.8	0.570	0.643450140953	4.81	5.808000	1.176000	0.676000	1.000000	0.995000	0.992000	712
0.02	0.05	0.01	0.22	0.07	0.03	0.20	0.04	0.08	0.0	0.5	0.5	-3.47	0.908	0.760235309601	5.66	9.891000	1.176000	0.676000	1.000000	1.000000	0.997000	712
0.00	0.06	0.02	0.22	0.08	0.03	0.19	0.04	0.08	0.001	0.5	0.5	-1.06	0.795	0.576544761658	4.45	3.527000	1.312000	0.756000	1.000000	1.000000	0.998000	712
0.00	0.05	0.02	0.21	0.10	0.04	0.20	0.01	0.08	0.001	0.5	0.5	-3.47	0.922	0.753239512444	5.66	9.891000	1.176000	0.676000	1.000000	1.000000	0.999000	712
0.04	0.02	0.00	0.30	0.13	0.07	0.16	0.07	0.09	0.002	0.5	0.5	-2.12	0.827	0.533340990543	5.66	7.820000	1.026000	0.599000	1.000000	1.000000	0.997000	712
0.04	0.02	0.00	0.27	0.13	0.07	0.07	0.02	0.12	0.017	0.5	0.5	-1.2	0.494	0.314480483532	4.46	3.401000	1.312000	0.756000	1.000000	1.000000	1.000000	712
0.02	0.04	0.00	0.28	0.21	0.06	0.12	0.01	0.14	0.0	0.5	0.5	-1.86	0.952	0.61335682869	5.66	7.931000	1.138000	0.665000	1.000000	0.998000	0.999000	712
0.02	0.06	0.03	0.29	0.24	0.03	0.18	0.06	0.16	0.0	0.5	0.5	-1.59	0.837	0.664736092091	5.66	9.891000	1.176000	0.676000	1.000000	1.000000	1.000000	712
0.04	0.06	0.03	0.27	0.30	0.03	0.19	0.06	0.17	0.0	0.5	0.5	-2.08	0.931	0.618397772312	4.93	8.867000	1.312000	0.691000	1.000000	0.999000	0.982000	711
0.00	0.00	0.00	0.26	0.22	0.03	0.04	0.03	0.11	0.001	0.5	0.5	-1.17	0.763	0.50299179554	5.08	8.867000	1.312000	0.691000	1.000000	1.000000	1.000000	710
0.00	0.01	0.00	0.25	0.38	0.03	0.05	0.02	0.10	0.0	0.5	0.5	-1.49	0.811	0.36309170723	3.34	3.264000	1.176000	0.618000	1.000000	1.000000	0.998000	710
0.02	0.00	0.00	0.28	0.30	0.06	0.12	0.02	0.07	0.029	0.5	0.5	-0.96	0.413	0.235335171223	0.732	0.111000	-1.511000	-0.194000	0.000000	0.001000	0.419000	710
0.02	0.00	0.00	0.28	0.46	0.08	0.07	0.02	0.11	0.002	0.5	0.5	-1.28	0.452	0.269380688667	4.52	1.614000	0.110000	-0.306000	0.098000	0.888000	0.623000	710
0.02	0.00	0.00	0.29	0.31	0.09	0.07	0.01	0.26	0.016	0.5	0.5	-1.15	0.472	0.262877702713	3.66	0.354000	0.125000	0.549000	0.000000	0.730000	0.648000	710
0.07	0.03	0.04	0.26	0.31	0.07	0.23	0.07	0.14	0.118	0.5	0.5	-0.44	0.535	0.242434844375	4.5	4.394000	-0.595000	-0.880000	0.973000	0.242000	0.348000	710
0.07	0.06	0.21	0.26	0.19	0.05	0.20	0.28	0.14	0.001	0.5	0.5	-0.85	0.555	0.23526160419	-11.0	-1.395000	-0.557000	-0.194000	0.008000	0.716000	0.874000	710
0.04	0.21	0.22	0.27	0.24	0.05	0.25	0.32	0.04	0.0	0.5	0.5	-1.96	0.804	0.431157231331	5.49	5.930000	1.138000	0.609000	1.000000	0.983000	0.984000	710
0.04	0.21	0.22	0.26	0.10	0.03	0.25	0.28	0.11	0.0	0.5	0.5	-1.78	0.824	0.58198928833	5.49	7.568000	1.026000	0.549000	1.000000	0.998000	0.991000	710
0.04	0.20	0.21	0.29	0.11	0.03	0.26	0.33	0.04	0.0	0.5	0.5	-2.08	0.932	0.566351175308	5.49	9.602000	1.176000	0.618000	1.000000	1.000000	0.991000	710
0.04	0.20	0.22	0.28	0.12	0.03	0.25	0.38	0.04	0.0	0.5	0.5	-2.08	0.941	0.513234436512	5.49	8.947000	1.312000	0.691000	1.000000	1.000000	0.989000	710
0.07	0.19	0.19	0.26	0.18	0.03	0.29	0.25	0.06	0.001	0.5	0.5	-1.31	0.455	0.326967686415	1.54	1.383000	0.229000	-0.163000	1.000000	0.307000	0.342000	710
0.07	0.12	0.06	0.26	0.20	0.06	0.30	0.28	0.06	0.001	0.5	0.5	-2.62	0.486	0.29219481349	1.72	1.490000	0.126000	0.549000	0.343000	0.299000	0.165000	710
0.03	0.09	0.00	0.25	0.13	0.06	0.22	0.07	0.10	0.745	0.5	0.5	-0.24	0.292	0.201207280159	-7.35	0.032000	0.324000	0.691000	0.001000	0.795000	0.902000	710
0.04	0.09	0.00	0.27	0.18	0.05	0.25	0.09	0.11	0.001	0.5	0.5	-1.88	0.588	0.308711260557	2.95	2.861000	1.312000	0.691000	0.968000	0.776000	0.978000	710
0.03	0.13	0.08	0.26	0.13	0.06	0.27	0.10	0.17	0.0	0.5	0.5	-2.08	0.877	0.712538123131	5.42	7.770000	1.176000	0.618000	1.000000	0.965000	0.994000	710
0.03	0.16	0.08	0.27	0.20	0.05	0.26	0.09	0.17	0.0	0.5	0.5	-1.78	0.778	0.467486441135	5.42	7.671000	1.138000	0.609000	1.000000	0.929000	0.996000	710
0.02	0.15	0.08	0.26	0.11	0.05	0.28	0.09	0.18	0.001	0.5	0.5	-0.88	0.477	0.417741954327	-2.6	0.002000	-1.024000	-0.194000	0.177000	0.834000	0.995000	710
0.03	0.22	0.08	0.26	0.11	0.05	0.28	0.08	0.17	0.001	0.5	0.5	-1.18	0.511	0.368292689323	-1.15	0.546000	1.312000	0.691000	0.191000	0.837000	0.995000	710
0.03	0.02	0.00	0.25	0.19	0.03	0.05	0.03	0.04	0.001	0.5	0.5	-1.19	0.655	0.366418123245	5.56	9.602000	1.176000	0.618000	1.000000	0.999000	0.990000	710
0.06	0.03	0.00	0.30	0.20	0.06	0.11	0.04	0.06	0.0	0.5	0.5	-2.97	0.742	0.589881062508	5.68	7.568000	1.026000	0.599000	1.000000	0.999000	0.998000	710
0.04	0.03	0.00	0.29	0.26	0.07	0.08	0.03	0.25	0.0	0.5	0.5	-1.78	0.839	0.731309771538	5.68	7.674000	1.138000	0.665000	1.000000	1.000000	0.999000	710
0.03	0.08	0.03	0.28	0.19	0.02	0.23	0.05	0.13	0.004	0.5	0.5	-2.97	0.526	0.463251680136	5.33	1.202000	1.026000	0.594000	0.730000	0.906000	0.798000	723
0.03	0.03	0.00	0.24	0.20	0.02	0.16	0.01	0.20	0.002	0.5	0.5	-1.78	0.531	0.640965342522	5.19	1.415000	1.026000	0.594000	0.950000	1.000000	0.999000	723
0.07	0.05	0.01	0.24	0.47	0.04	0.11	0.17	0.02	0.002	0.5	0.5	-0.79	0.398	0.61315870285	4.35	4.914000	1.011000	0.577000	1.000000	0.994000	0.970000	723
0.03	0.04	0.00	0.24	0.12	0.05	0.19	0.06	0.14	0.001	0.5	0.5	-1.13	0.428	0.463410288095	5.19	7.953000	1.122000	0.640000	0.982000	0.983000	0.921000	723
0.02	0.02	0.00	0.24	0.13	0.10	0.24	0.03	0.14	0.0	0.5	0.5	-2.11	0.747	0.600474596024	5.19	7.842000	1.011000	0.577000	1.000000	0.913000	0.748000	723
0.03	0.02	0.01	0.23	0.26	0.16	0.20	0.06	0.19	0.0	0.5	0.5	-1.49	0.856	0.412587046623	5.1	9.521000	1.176000	0.618000	1.000000	1.000000	0.999000	723
0.03	0.02	0.01	0.22	0.32	0.22	0.20	0.06	0.18	0.0	0.5	0.5	-2.08	0.876	0.419182777405	5.1	9.521000	1.176000	0.618000	1.000000	1.000000	0.999000	723
0.03	0.01	0.00	0.02	0.33	0.07	0.12	0.01	0.22	0.701	0.5	0.5	-0.68	0.125	0.221909329295	-0.211	0.194000	0.222000	0.618000	0.006000	0.998000	0.996000	723
0.02	0.00	0.00	0.02	0.37	0.73	0.12	0.01	0.15	0.213	0.5	0.5	-0.83	0.168	0.243480712175	2.44	0.033000	0.125000	0.549000	0.007000	0.986000	0.992000	724
0.00	0.00	0.00	0.26	0.30	0.73	0.11	0.02	0.08	0.003	0.5	0.5	-2.6	0.292	0.292118698359	2.88	1.333000	-0.047000	-0.113000	0.494000	0.933000	0.953000	724
0.01	0.01	0.00	0.20	0.36	0.26	0.11	0.00	0.26	0.103	0.5	0.5	-1.61	0.317	0.225626990199	4.48	1.305000	0.075000	0.511000	0.001000	0.020000	0.961000	745
0.06	0.01	0.00	0.24	0.20	0.41	0.09	0.04	0.27	0.001	0.5	0.5	-0.77	0.190	0.587663054466	5.32	3.096000	1.088000	0.575000	0.998000	0.996000	0.992000	745
0.04	0.01	0.00	0.25	0.19	0.36	0.06	0.04	0.29	0.092	0.5	0.5	-0.89	0.212	0.415209650993	4.47	1.216000	0.951000	0.511000	0.288000	0.994000	0.979000	745
0.02	0.01	0.00	0.17	0.21	0.25	0.16	0.02	0.18	0.0	0.5	0.5	-1.49	0.344	0.478171467781	2.96	0.857000	-0.143000	-0.121000	1.000000	0.998000	0.996000	758
0.02	0.01	0.00	0.03	0.27	0.04	0.13	0.01	0.11	0.121	0.5	0.5	-1.3	0.118	0.367006242275	0.591	2.417000	0.173000	-0.065000	0.974000	0.999000	0.997000	758
0.02	0.00	0.00	0.02	0.26	0.06	0.22	0.01	0.17	0.002	0.5	0.5	-1.12	0.268	0.445603311062	1.66	1.121000	1.312000	0.756000	1.000000	0.999000	0.998000	758
0.02	0.00	0.00	0.03	0.41	0.06	0.22	0.01	0.14	0.001	0.5	0.5	-0.27	0.209	0.384147584438	3.88	1.625000	-0.236000	-0.173000	1.000000	0.868000	0.914000	758
0.02	0.00	0.00	0.08	0.26	0.06	0.19	0.01	0.13	0.0	0.5	0.5	-1.19	0.399	0.442014396191	5.6	7.914000	1.176000	0.676000	1.000000	0.766000	0.854000	758
0.03	0.01	0.00	0.26	0.30	0.91	0.10	0.02	0.14	0.031	0.5	0.5	-1.28	0.277	0.391071081161	0.273	1.041000	1.138000	0.665000	0.767000	0.949000	0.926000	758
0.03	0.03	0.00	0.26	0.37	0.05	0.16	0.02	0.14	0.146	0.5	0.5	-1.62	0.088	0.254257977009	1.03	1.366000	-0.130000	-0.106000	0.332000	0.445000	0.632000	758
0.02	0.03	0.00	0.25	0.25	0.99	0.23	0.02	0.16	0.001	0.5	0.5	-0.83	0.299	0.370080888271	0.674	2.757000	-0.130000	-0.699000	0.998000	0.990000	0.864000	758
0.02	0.01	0.00	0.22	0.16	0.03	0.35	0.01	0.15	0.0	0.5	0.5	-1.77	0.545	0.553902745247	5.46	6.362000	1.138000	0.665000	1.000000	0.987000	0.992000	758
0.02	0.01	0.00	0.25	0.19	0.04	0.25	0.01	0.16	0.046	0.5	0.5	-2.38	0.617	0.39605358243	4.61	2.480000	1.026000	0.599000	1.000000	0.954000	0.984000	758
0.03	0.01	0.00	0.26	0.26	0.03	0.47	0.01	0.20	0.009	0.5	0.5	-1.32	0.468	0.397537767887	5.46	1.568000	1.026000	0.599000	1.000000	0.575000	0.881000	758
0.04	0.06	0.00	0.26	0.19	0.07	0.15	0.03	0.17	0.0	0.5	0.5	-1.58	0.409	0.447526037693	5.66	5.340000	1.026000	0.599000	1.000000	1.000000	0.997000	764
0.02	0.03	0.00	0.26	0.28	0.06	0.17	0.06	0.16	0.004	0.5	0.5	-0.94	0.273	0.266567677259	4.82	2.346000	0.123000	0.599000	0.008000	0.943000	0.994000	764
0.04	0.01	0.00	0.27	0.29	0.07	0.17	0.02	0.18	0.042	0.5	0.5	-1.0	0.305	0.308897674084	4.45	0.623000	1.138000	0.665000	0.000000	0.976000	0.990000	764
0.04	0.00	0.00	0.27	0.28	0.08	0.15	0.01	0.14	0.002	0.5	0.5	-0.73	0.389	0.328659236431	5.66	7.312000	1.026000	0.599000	1.000000	0.721000	0.946000	764
0.03	0.02	0.00	0.26	0.26	0.07	0.18	0.01	0.13	0.0	0.5	0.5	-1.58	0.568	0.462302267551	5.66	6.843000	1.312000	0.756000	1.000000	1.000000	0.999000	764
0.01	0.07	0.00	0.26	0.17	0.02	0.24	0.03	0.10	0.0	0.5	0.5	-2.06	0.821	0.507386088371	1.4	2.976000	0.251000	-0.136000	0.990000	0.998000	0.990000	764
0.03	0.03	0.00	0.25	0.17	0.05	0.08	0.03	0.13	0.07	0.5	0.5	-1.05	0.461	0.223625510931	0.301	-0.027000	0.315000	0.756000	0.000000	0.094000	0.993000	764
0.05	0.07	0.00	0.20	0.16	0.07	0.10	0.02	0.08	0.574	0.5	0.5	-0.17	0.385	0.290665596724	3.38	-0.168000	-0.130000	-0.681000	0.000000	0.940000	0.424000	764
0.04	0.05	0.00	0.24	0.13	0.15	0.23	0.17	0.06	0.15	0.5	0.5	-1.78	0.574	0.443268060684	0.305	1.443000	1.176000	0.676000	0.881000	0.353000	0.915000	787
0.04	0.03	0.00	0.24	0.14	0.15	0.14	0.31	0.05	0.775	0.5	0.5	0.39	0.445	0.354104399681	1.6	0.618000	-0.259000	-0.218000	0.747000	0.342000	0.893000	787
0.04	0.08	0.00	0.26	0.09	0.05	0.17	0.02	0.05	0.702	0.5	0.5	-0.13	0.405	0.274684339762	-4.61	-0.724000	-0.039000	-0.050000	0.038000	0.897000	0.983000	787
0.05	0.08	0.00	0.25	0.09	0.04	0.17	0.02	0.06	0.002	0.5	0.5	-0.79	0.595	0.298065960407	0.513	0.608000	-0.043000	0.756000	0.998000	0.896000	0.979000	787
0.04	0.07	0.04	0.26	0.19	0.14	0.19	0.06	0.01	0.002	0.5	0.5	-1.45	0.732	0.500561475754	5.89	6.500000	1.176000	0.676000	1.000000	1.000000	0.995000	787
0.04	0.06	0.04	0.26	0.22	0.14	0.20	0.04	0.10	0.0	0.5	0.5	-1.16	0.663	0.450863271952	5.89	6.058000	1.312000	0.756000	1.000000	1.000000	0.996000	787
0.14	0.03	0.00	0.27	0.24	0.24	0.29	0.06	0.10	0.039	0.5	0.5	-1.37	0.508	0.304557144642	0.224	0.907000	0.170000	0.665000	0.131000	0.999000	0.994000	787
0.13	0.02	0.00	0.27	0.28	0.24	0.26	0.06	0.10	0.072	0.5	0.5	-1.35	0.575	0.327695161104	4.17	1.010000	1.026000	0.599000	0.930000	0.986000	0.796000	787
0.03	0.06	0.00	0.24	0.29	0.06	0.13	0.06	0.09	0.198	0.5	0.5	-1.59	0.541	0.253250509501	-1.67	-0.641000	-0.187000	0.676000	0.000000	0.398000	0.947000	787
0.11	0.05	0.00	0.24	0.22	0.16	0.12	0.04	0.10	0.545	0.5	0.5	-0.34	0.432	0.283450424671	3.24	0.659000	0.130000	-0.174000	0.000000	0.925000	0.599000	787
0.10	0.04	0.00	0.26	0.16	0.18	0.12	0.04	0.04	0.124	0.5	0.5	-1.6	0.552	0.384216099977	0.419	0.328000	0.314000	0.756000	0.001000	0.966000	0.986000	791
0.10	0.05	0.00	0.26	0.18	0.16	0.12	0.04	0.04	0.268	0.5	0.5	-0.17	0.394	0.288904309273	1.09	0.854000	0.325000	0.756000	0.000000	0.950000	0.986000	791
0.04	0.02	0.00	0.26	0.18	0.17	0.18	0.09	0.11	0.039	0.5	0.5	-0.84	0.493	0.379328250885	5.07	2.960000	1.026000	0.599000	0.859000	0.130000	0.568000	791
0.04	0.04	0.00	0.27	0.19	0.12	0.17	0.04	0.13	0.242	0.5	0.5	-1.27	0.575	0.24202658236	-2.53	-0.293000	0.324000	0.756000	0.000000	0.578000	0.770000	791
0.01	0.02	0.00	0.25	0.25	0.05	0.12	0.02	0.14	0.001	0.5	0.5	-1.74	0.151	0.274247586727	4.89	0.806000	1.176000	0.676000	0.174000	0.141000	0.211000	791
0.01	0.02	0.00	0.25	0.39	0.08	0.12	0.01	0.24	0.099	0.5	0.5	-0.43	0.167	0.218035310507	2.96	0.571000	0.200000	0.665000	0.001000	0.052000	0.088000	791
0.00	0.00	0.00	0.25	0.26	0.02	0.15	0.00	0.18	0.09	0.5	0.5	-0.48	0.219	0.282392084599	3.1	0.758000	-1.202000	-1.092000	0.001000	0.001000	0.001000	791
0.00	0.00	0.00	0.25	0.19	0.02	0.14	0.00	0.12	0.817	0.5	0.5	-0.17	0.195	0.20577955246	3.46	0.818000	1.026000	-0.232000	0.000000	0.008000	0.001000	791
0.00	0.00	0.00	0.23	0.34	0.02	0.18	0.00	0.19	0.171	0.5	0.5	-0.34	0.215	0.199839740992	2.43	2.827000	1.312000	0.691000	0.027000	0.052000	0.041000	791
0.00	0.00	0.00	0.21	0.17	0.02	0.21	0.00	0.16	0.421	0.5	0.5	-0.03	0.064	0.192670583725	-5.84	0.089000	-1.168000	-0.798000	0.000000	0.002000	0.552000	791
0.01	0.00	0.00	0.21	0.23	0.05	0.19	0.01	0.25	0.079	0.5	0.5	-1.99	0.162	0.27231028676	4.52	2.015000	1.176000	0.618000	0.019000	0.976000	0.999000	791
0.00	0.02	0.00	0.26	0.20	0.05	0.35	0.01	0.13	0.0	0.5	0.5	-0.85	0.187	0.490790694952	-2.01	0.360000	0.200000	0.609000	0.864000	0.996000	1.000000	791
0.00	0.01	0.00	0.26	0.27	0.02	0.28	0.01	0.11	0.002	0.5	0.5	-2.27	0.233	0.52493339777	5.74	2.887000	1.026000	0.549000	1.000000	1.000000	0.998000	791
0.01	0.03	0.00	0.26	0.27	0.02	0.27	0.01	0.20	0.0	0.5	0.5	-2.32	0.237	0.596630215645	5.58	5.432000	1.026000	0.549000	1.000000	1.000000	0.990000	791
0.01	0.03	0.00	0.25	0.17	0.02	0.47	0.01	0.29	0.002	0.5	0.5	-3.1	0.138	0.50908356905	5.58	2.873000	0.195000	-0.244000	1.000000	0.989000	0.755000	791
0.02	0.00	0.00	0.25	0.23	0.03	0.26	0.00	0.26	0.575	0.5	0.5	-0.07	0.017	0.239053696394	-7.99	-0.791000	0.281000	-0.186000	0.000000	0.974000	0.846000	791
0.03	0.00	0.00	0.22	0.23	0.05	0.27	0.00	0.27	0.086	0.5	0.5	-1.64	0.114	0.298501849174	4.71	1.313000	1.026000	0.549000	0.002000	0.093000	0.394000	791
0.02	0.05	0.01	0.27	0.30	0.08	0.33	0.10	0.04	0.002	0.5	0.5	-0.8	0.209	0.503849327564	5.72	2.911000	1.026000	0.549000	1.000000	0.998000	0.998000	791
0.02	0.05	0.00	0.26	0.33	0.11	0.31	0.10	0.03	0.003	0.5	0.5	-0.72	0.158	0.487971365452	-1.9	-0.536000	0.232000	0.691000	0.508000	0.971000	0.997000	791
0.02	0.02	0.01	0.26	0.25	0.20	0.25	0.03	0.04	0.0	0.5	0.5	-1.45	0.349	0.444944560528	5.72	6.424000	1.312000	0.691000	1.000000	0.981000	0.998000	791
0.02	0.01	0.00	0.26	0.38	0.07	0.25	0.01	0.13	0.189	0.5	0.5	-0.68	0.043	0.233985126019	2.18	0.642000	-0.214000	-0.249000	0.286000	0.049000	0.883000	791
0.03	0.01	0.00	0.26	0.51	0.03	0.23	0.02	0.15	0.012	0.5	0.5	-0.59	0.019	0.279010355473	-0.684	-0.202000	-0.247000	-0.242000	0.000000	0.000000	0.392000	791
0.02	0.01	0.00	0.20	0.32	0.03	0.23	0.01	0.20	0.106	0.5	0.5	-0.9	0.026	0.251767486334	-3.51	-0.584000	0.324000	0.691000	0.000000	0.020000	0.269000	791
0.00	0.00	0.00	0.34	0.14	0.03	0.28	0.00	0.23	0.054	0.5	0.5	-0.55	0.064	0.237866103649	2.92	1.223000	1.006000	0.676000	0.002000	0.013000	0.022000	791
0.02	0.01	0.00	0.27	0.23	0.13	0.18	0.01	0.16	0.138	0.5	0.5	-0.66	0.095	0.25879368186	-0.216	1.301000	-0.180000	0.676000	0.229000	0.000000	0.015000	791
0.09	0.02	0.00	0.25	0.22	0.15	0.53	0.05	0.24	0.923	0.5	0.5	-0.09	0.028	0.241998493671	-0.286	0.556000	-0.448000	-0.041000	0.000000	0.000000	0.043000	790
0.10	0.02	0.00	0.29	0.21	0.27	0.42	0.04	0.32	0.009	0.5	0.5	-0.36	0.026	0.268111616373	-3.06	-0.699000	-0.351000	-0.813000	0.000000	0.000000	0.010000	790
0.13	0.04	0.00	0.25	0.13	0.04	0.21	0.54	0.18	0.05	0.5	0.5	-2.5	SM	0.803	SM	SM	SM	SM	SM	SM	SM	SM
0.00	0.02	0.00	0.28	0.32	0.04	0.14	0.01	0.17	0.05	0.5	0.5	-2.5	SM	0.803	SM	SM	SM	SM	SM	SM	SM	SM
0.00	0.00	0.00	0.26	0.27	0.01	0.21	0.01	0.12	0.05	0.5	0.5	-2.5	SM	0.803	SM	SM	SM	SM	SM	SM	SM	SM
