# Variant	Relative_solvent_accessibility	Allosteric_site	Catalytic_site	Altered Secondary_structure	Altered Stability_and_conformational_flexibility	Altered Special_structural_signatures	Altered Macromolecular_binding	Altered Metal_binding	Altered PTM_site	SIFT_score	Polyphen2_HDIV_score	Polyphen2_HVAR_score	PROVEAN_score	REVEL_score	PrimateAI_score	GERP++_RS	phyloP100way_vertebrate	phyloP30way_mammalian	phyloP17way_primate	phastCons100way_vertebrate	phastCons30way_mammalian	phastCons17way_primate	bStatistic
Y1863D	0.27	0.06	0.00	0.18	0.28	0.28	0.58	0.33	0.08	0.0	0.277	0.043	-0.86	0.521	0.30965539813	0.692	0.373000	1.118000	0.756000	0.567000	0.025000	0.808000	417
P1859R	0.24	0.05	0.00	0.23	0.30	0.25	0.26	0.40	0.09	0.001	0.764	0.272	-1.47	0.509	0.283286213875	3.1	0.365000	1.176000	0.676000	0.000000	0.053000	0.974000	417
I1858L	0.27	0.10	0.00	0.25	0.25	0.24	0.28	0.29	0.07	0.038	0.0	0.001	-0.27	0.548	0.367758393288	-4.09	-0.310000	1.138000	0.665000	0.000000	0.094000	0.971000	417
P1856S	0.30	0.09	0.00	0.25	0.27	0.26	0.25	0.27	0.07	0.186	0.822	0.171	-1.24	0.433	0.283892154694	1.92	1.371000	0.195000	-0.153000	0.848000	0.412000	0.950000	417
T1852I	0.13	0.09	0.00	0.25	0.19	0.25	0.31	0.13	0.10	0.001	0.938	0.32	-0.78	0.621	0.3681858778	4.33	2.752000	1.176000	0.676000	1.000000	0.962000	0.995000	417
Q1846H	0.16	0.07	0.00	0.27	0.13	0.28	0.25	0.34	0.10	0.001	0.996	0.716	-0.86	0.645	0.286223232746	1.19	0.535000	1.026000	0.599000	0.996000	0.997000	0.996000	417
A1843E	0.17	0.05	0.02	0.26	0.11	0.30	0.27	0.10	0.11	0.001	0.997	0.912	-0.86	0.687	0.390948712826	4.35	3.782000	1.176000	0.676000	1.000000	0.990000	0.997000	417
V1838E	0.08	0.14	0.02	0.26	0.14	0.29	0.27	0.08	0.09	0.0	1.0	0.996	-1.09	0.784	0.564960360527	5.32	4.978000	1.312000	0.756000	0.998000	1.000000	0.999000	417
A1823T	0.21	0.11	0.00	0.25	0.21	0.27	0.23	0.29	0.04	0.078	0.525	0.224	-0.62	0.485	0.278919905424	4.01	1.777000	1.022000	0.596000	0.929000	0.196000	0.594000	430
V1804D	0.16	0.04	0.00	0.25	0.21	0.33	0.19	0.38	0.05	0.011	0.001	0.001	-0.62	0.445	0.310365915298	1.52	0.527000	-0.284000	-0.054000	0.003000	0.000000	0.001000	430
G1788V	0.03	0.05	0.00	0.26	0.13	0.10	0.19	0.12	0.07	0.0	0.296	0.028	-1.65	0.856	0.518250823021	5.42	4.313000	1.026000	0.599000	1.000000	1.000000	0.942000	440
C1787S	0.07	0.10	0.01	0.26	0.20	0.18	0.23	0.13	0.04	0.0	0.551	0.126	-1.83	0.812	0.58111679554	5.42	3.547000	1.312000	0.756000	1.000000	0.993000	0.837000	440
M1783I	0.03	0.10	0.00	0.26	0.15	0.13	0.26	0.12	0.05	0.047	0.409	0.115	-0.71	0.467	0.476702988148	2.51	1.404000	0.129000	-0.171000	0.999000	0.976000	0.359000	440
M1783L	0.03	0.09	0.00	0.26	0.15	0.14	0.24	0.12	0.05	0.006	0.822	0.264	-0.54	0.457	0.47025090456	4.45	4.368000	1.138000	0.665000	1.000000	0.975000	0.344000	440
M1775R	0.06	0.14	0.01	0.25	0.18	0.27	0.16	0.03	0.18	0.0	0.998	0.844	-1.1	0.728	0.544208347797	5.21	5.026000	1.278000	0.756000	1.000000	1.000000	0.997000	449
M1775K	0.07	0.13	0.02	0.25	0.21	0.26	0.16	0.03	0.05	0.0	0.99	0.798	-1.1	0.734	0.562978863716	5.21	5.026000	1.278000	0.756000	1.000000	1.000000	0.997000	449
G1770V	0.07	0.11	0.04	0.25	0.16	0.29	0.24	0.27	0.04	0.001	0.583	0.055	-1.53	0.835	0.485455960035	4.09	2.720000	0.121000	0.599000	0.981000	0.874000	0.980000	449
I1766S	0.11	0.11	0.04	0.26	0.19	0.29	0.29	0.26	0.08	0.0	0.882	0.844	-1.04	0.771	0.449836492538	5.06	5.026000	1.278000	0.756000	1.000000	0.993000	0.990000	449
L1764P	0.08	0.09	0.05	0.26	0.23	0.27	0.25	0.32	0.09	0.0	0.999	0.937	-1.28	0.676	0.554721057415	5.06	5.026000	1.278000	0.756000	1.000000	0.980000	0.960000	449
R1762M	0.07	0.08	0.02	0.29	0.25	0.29	0.25	0.24	0.09	0.001	0.891	0.457	-0.93	0.580	0.251457095146	-6.22	-0.826000	0.121000	0.599000	0.000000	0.987000	0.954000	449
R1751Q	0.08	0.27	0.06	0.27	0.26	0.06	0.40	0.20	0.20	0.0	0.946	0.032	-0.73	0.683	0.399513393641	5.07	3.175000	1.017000	0.593000	1.000000	1.000000	0.996000	518
G1738R	0.15	0.25	0.03	0.25	0.23	0.14	0.26	0.19	0.25	0.0	0.951	0.513	-1.45	0.762	0.661054730415	5.07	4.681000	1.017000	0.593000	1.000000	1.000000	0.998000	518
L1729Q	0.12	0.12	0.00	0.25	0.34	0.14	0.26	0.26	0.10	0.0	0.971	0.357	-1.1	0.825	0.534599006176	5.46	5.643000	1.312000	0.691000	1.000000	0.936000	0.976000	549
Q1721E	0.03	0.04	0.00	0.27	0.22	0.07	0.26	0.03	0.09	0.001	0.054	0.006	-0.54	0.540	0.375922739506	3.39	2.503000	1.176000	0.618000	0.996000	0.999000	0.997000	549
T1720A	0.02	0.04	0.00	0.28	0.16	0.06	0.26	0.03	0.07	0.01	0.021	0.066	-0.84	0.445	0.411568820477	3.16	0.492000	0.200000	0.609000	0.102000	0.997000	0.998000	549
W1718C	0.02	0.04	0.00	0.29	0.12	0.07	0.39	0.01	0.07	0.0	0.964	0.828	-1.91	0.937	0.650833427906	5.46	4.761000	1.026000	0.549000	1.000000	1.000000	0.993000	549
S1715R	0.03	0.04	0.00	0.25	0.13	0.11	0.27	0.02	0.25	0.0	0.064	0.031	-0.7	0.745	0.678713917732	6.04	3.389000	1.071000	0.587000	1.000000	1.000000	0.999000	549
A1708E	0.05	0.07	0.00	0.26	0.18	0.20	0.27	0.02	0.14	0.0	0.991	0.691	-0.7	0.831	0.739370644093	5.83	6.179000	1.106000	0.596000	1.000000	1.000000	0.996000	549
A1708T	0.04	0.05	0.00	0.27	0.15	0.11	0.26	0.02	0.07	0.0	0.813	0.296	-0.56	0.734	0.694043755531	5.83	4.855000	0.966000	0.530000	1.000000	1.000000	0.997000	549
G1706A	0.04	0.04	0.00	0.28	0.14	0.21	0.26	0.02	0.13	0.0	0.858	0.415	-0.84	0.518	0.788811266422	5.83	4.855000	0.966000	0.530000	1.000000	0.995000	0.995000	549
G1706E	0.05	0.04	0.00	0.29	0.14	0.22	0.26	0.02	0.12	0.0	0.883	0.379	-1.12	0.863	0.833204269409	5.83	4.855000	0.966000	0.530000	1.000000	0.995000	0.995000	549
L1705V	0.04	0.04	0.00	0.27	0.14	0.22	0.26	0.02	0.12	0.0	0.015	0.018	-0.42	0.557	0.671824634075	2.27	2.698000	1.106000	0.596000	1.000000	1.000000	0.991000	549
L1701M	0.11	0.06	0.00	0.26	0.22	0.21	0.27	0.08	0.13	0.0	0.972	0.818	-0.28	0.563	0.693659067154	5.83	2.137000	1.106000	0.596000	0.996000	1.000000	0.993000	549
R1699W	0.12	0.07	0.00	0.29	0.20	0.21	0.31	0.08	0.15	0.0	1.0	0.91	-1.12	0.817	0.769235432148	4.83	3.387000	1.106000	0.596000	1.000000	1.000000	0.998000	549
D1692V	0.10	0.16	0.02	0.28	0.21	0.18	0.22	0.07	0.13	0.0	0.011	0.004	-1.26	0.830	0.590816617012	5.83	4.918000	1.071000	0.587000	1.000000	0.997000	0.991000	549
D1692N	0.11	0.16	0.02	0.27	0.20	0.17	0.22	0.08	0.11	0.002	0.741	0.151	-0.66	0.463	0.647525131702	5.24	4.725000	0.951000	0.506000	1.000000	0.982000	0.989000	545
T1685I	0.07	0.16	0.03	0.26	0.18	0.16	0.20	0.22	0.06	0.0	0.89	0.329	-0.99	0.880	0.753464519978	5.24	6.008000	1.088000	0.569000	1.000000	0.972000	0.976000	545
T1685A	0.07	0.16	0.03	0.27	0.17	0.18	0.21	0.22	0.06	0.0	0.53	0.183	-0.82	0.882	0.670587182045	5.24	4.786000	1.054000	0.560000	1.000000	0.986000	0.983000	545
E1682K	0.05	0.16	0.03	0.27	0.17	0.13	0.19	0.22	0.10	0.001	0.102	0.024	-0.59	0.619	0.56579375267	5.24	2.222000	0.951000	0.506000	1.000000	0.982000	0.986000	545
Y1666C	0.02	0.04	0.00	0.27	0.13	0.03	0.24	0.03	0.13	0.018	0.963	0.704	-0.91	0.552	0.316732943058	4.16	3.274000	1.054000	0.560000	1.000000	0.699000	0.297000	546
L1664P	0.03	0.04	0.00	0.32	0.18	0.03	0.21	0.04	0.11	0.037	0.005	0.003	-0.95	0.569	0.448017597198	1.62	2.289000	-0.095000	-0.156000	0.928000	0.383000	0.075000	546
F1662S	0.03	0.05	0.00	0.27	0.25	0.03	0.18	0.03	0.15	0.324	0.327	0.072	-0.41	0.521	0.32687741518	-1.61	0.047000	-0.117000	-0.681000	0.006000	0.870000	0.808000	544
M1652I	0.02	0.08	0.00	0.26	0.34	0.04	0.24	0.03	0.16	0.079	0.0	0.004	-0.33	0.426	0.360434174538	3.78	1.313000	0.993000	0.599000	1.000000	0.999000	0.990000	544
M1652T	0.02	0.07	0.00	0.25	0.36	0.04	0.21	0.03	0.16	0.0	0.0	0.004	-0.78	0.705	0.431206941605	4.82	5.033000	1.269000	0.756000	1.000000	0.998000	0.990000	544
S1651P	0.02	0.07	0.00	0.24	0.28	0.04	0.20	0.02	0.18	0.0	0.997	0.886	-0.87	0.785	0.47094425559	4.82	5.033000	1.269000	0.756000	0.998000	0.980000	0.986000	544
E1644G	0.02	0.03	0.00	0.25	0.35	0.23	0.21	0.01	0.18	0.269	0.001	0.001	-0.29	0.516	0.237408950925	2.62	-0.086000	-0.193000	0.665000	0.000000	0.008000	0.390000	543
P1637L	0.01	0.00	0.00	0.25	0.39	0.51	0.28	0.01	0.25	0.021	0.364	0.057	-0.81	0.571	0.296533286572	4.82	0.768000	0.199000	-0.105000	0.750000	0.309000	0.031000	543
M1628I	0.04	0.00	0.00	0.24	0.32	0.62	0.34	0.04	0.27	0.061	0.02	0.015	-0.44	0.544	0.225397467613	1.8	-0.169000	-0.012000	0.599000	0.001000	0.005000	0.015000	543
M1628T	0.04	0.00	0.00	0.24	0.20	0.29	0.25	0.04	0.26	0.151	0.039	0.028	-0.48	0.489	0.236452549696	-2.25	-0.667000	-0.495000	-0.908000	0.000000	0.001000	0.003000	543
Y1625C	0.04	0.00	0.00	0.25	0.18	0.29	0.27	0.12	0.45	0.2	0.0	0.0	-0.66	0.558	0.285603255033	-3.56	-0.331000	-0.865000	-0.379000	0.000000	0.000000	0.003000	543
P1614L	0.10	0.00	0.01	0.26	0.41	0.09	0.27	0.20	0.17	0.046	0.0	0.001	-1.4	0.411	0.245191961527	-0.938	1.900000	-0.641000	-0.774000	0.012000	0.004000	0.006000	543
P1614S	0.10	0.00	0.00	0.25	0.21	0.09	0.20	0.22	0.18	0.074	0.001	0.001	-1.13	0.544	0.220991373062	-1.9	-0.100000	-0.763000	-0.106000	0.000000	0.005000	0.008000	543
S1613G	0.09	0.00	0.00	0.25	0.26	0.09	0.20	0.18	0.18	0.032	0.255	0.038	-0.51	0.252	0.278165578842	1.5	-0.194000	1.102000	0.665000	0.000000	0.033000	0.011000	543
S1595P	0.00	0.00	0.00	0.25	0.20	0.02	0.15	0.01	0.17	0.191	0.001	0.002	-0.47	0.578	0.295939326286	-8.29	-2.895000	-0.540000	-0.156000	0.000000	0.265000	0.005000	543
L1564P	0.02	0.00	0.00	0.26	0.22	0.01	0.43	0.02	0.30	0.167	0.828	0.221	-1.07	0.554	0.41346591711	3.71	1.355000	1.269000	0.756000	0.825000	0.388000	0.036000	543
E1559Q	0.01	0.00	0.00	0.24	0.17	0.01	0.26	0.01	0.24	0.004	0.026	0.017	-0.36	0.697	0.313937157393	5.54	3.380000	1.014000	0.591000	0.985000	0.998000	0.995000	534
E1559K	0.01	0.00	0.00	0.24	0.17	0.01	0.26	0.01	0.28	0.003	0.011	0.006	-0.48	0.765	0.348278313875	5.54	3.380000	1.014000	0.591000	0.985000	0.998000	0.995000	534
D1557G	0.00	0.00	0.00	0.26	0.18	0.01	0.27	0.01	0.21	0.003	0.495	0.041	-0.96	0.639	0.321345627308	5.54	3.422000	1.125000	0.656000	0.181000	0.985000	0.961000	534
D1546Y	0.03	0.02	0.00	0.26	0.40	0.02	0.16	0.03	0.13	0.005	0.979	0.607	-1.04	0.588	0.268590986729	-2.66	-0.742000	-2.049000	-1.870000	0.000000	0.000000	0.001000	534
D1546N	0.03	0.02	0.00	0.27	0.22	0.02	0.11	0.03	0.06	0.465	0.824	0.056	-0.44	0.285	0.264651536942	-2.66	-0.742000	-2.049000	-1.870000	0.000000	0.000000	0.001000	534
P1544L	0.03	0.02	0.00	0.29	0.34	0.02	0.12	0.03	0.05	0.002	0.091	0.024	-1.52	0.471	0.24160939455	3.04	0.182000	1.162000	0.667000	0.000000	0.003000	0.027000	534
L1539P	0.03	0.02	0.00	0.26	0.42	0.92	0.07	0.03	0.05	0.105	0.837	0.091	-1.03	0.627	0.330033481121	-2.38	-0.045000	0.169000	0.745000	0.000000	0.014000	0.194000	534
V1534M	0.02	0.00	0.00	0.28	0.33	0.02	0.11	0.03	0.18	0.169	0.07	0.006	-0.32	0.585	0.247799605131	-3.5	-2.020000	-2.498000	-1.070000	0.000000	0.000000	0.170000	534
Q1525R	0.02	0.00	0.00	0.27	0.26	0.01	0.25	0.01	0.18	0.003	0.029	0.016	-0.57	0.589	0.258996456861	3.06	0.440000	1.125000	0.656000	0.145000	0.278000	0.221000	534
P1523L	0.02	0.00	0.00	0.29	0.40	0.01	0.33	0.01	0.21	0.042	0.0	0.0	-1.71	0.555	0.246684417129	-1.89	0.139000	-0.187000	-0.145000	0.025000	0.031000	0.042000	534
Q1518E	0.00	0.00	0.00	0.25	0.26	0.01	0.24	0.00	0.12	0.006	0.013	0.01	-0.51	0.532	0.285785347223	3.93	1.147000	1.162000	0.667000	0.572000	0.559000	0.628000	534
S1514F	0.00	0.00	0.00	0.27	0.55	0.01	0.26	0.02	0.19	0.001	0.641	0.202	-0.88	0.594	0.314860165119	5.06	4.113000	1.092000	0.586000	0.186000	0.116000	0.525000	534
S1512I	0.00	0.00	0.00	0.27	0.56	0.01	0.29	0.02	0.18	0.001	0.337	0.133	-1.03	0.516	0.293080568314	3.98	3.214000	1.014000	0.591000	0.012000	0.006000	0.122000	534
P1502S	0.00	0.00	0.00	0.24	0.23	0.02	0.18	0.01	0.26	0.341	0.003	0.006	-0.02	0.444	0.213096290827	4.23	2.740000	1.162000	0.667000	0.430000	0.002000	0.022000	534
R1495T	0.00	0.02	0.00	0.25	0.23	0.02	0.18	0.01	0.30	0.003	0.094	0.026	-1.09	0.806	0.304477870464	4.97	3.879000	1.008000	0.599000	1.000000	0.663000	0.977000	527
K1487R	0.00	0.01	0.00	0.25	0.28	0.02	0.11	0.01	0.24	0.068	0.361	0.107	-0.42	0.237	0.297148346901	3.89	1.616000	0.186000	0.665000	0.102000	0.205000	0.749000	527
T1485I	0.00	0.01	0.00	0.25	0.28	0.02	0.24	0.01	0.32	0.001	0.8	0.216	-0.98	0.186	0.32466250658	0.197	-0.146000	0.183000	-0.153000	0.000000	0.127000	0.254000	527
N1468H	0.00	0.00	0.00	0.24	0.20	0.01	0.25	0.00	0.23	0.001	0.641	0.275	-0.76	0.219	0.482477456331	3.86	1.102000	1.118000	0.665000	0.238000	0.968000	0.967000	527
S1460N	0.00	0.00	0.00	0.26	0.24	0.01	0.23	0.00	0.23	0.196	0.361	0.081	-0.44	0.191	0.376202642918	0.439	-0.300000	-0.321000	-0.190000	0.049000	0.957000	0.962000	527
P1445T	0.02	0.01	0.00	0.26	0.22	0.02	0.26	0.02	0.13	0.189	0.167	0.034	-0.83	0.220	0.284373164177	4.26	1.378000	1.176000	0.676000	0.009000	0.023000	0.322000	520
E1440G	0.01	0.01	0.00	0.27	0.19	0.02	0.26	0.01	0.12	0.002	0.41	0.071	-1.26	0.270	0.272448271513	2.9	0.958000	1.138000	0.665000	0.329000	0.009000	0.035000	520
S1431F	0.00	0.02	0.00	0.27	0.36	0.01	0.35	0.01	0.20	0.0	0.855	0.271	-1.05	0.229	0.327337890863	3.18	1.564000	0.199000	-0.153000	0.409000	0.387000	0.550000	520
G1422E	0.00	0.02	0.00	0.25	0.22	0.31	0.13	0.03	0.12	0.032	0.483	0.084	-1.43	0.232	0.384740203619	3.48	2.504000	0.125000	0.599000	0.980000	0.728000	0.958000	520
E1419Q	0.01	0.01	0.00	0.26	0.22	0.90	0.13	0.02	0.10	0.0	0.031	0.016	-0.55	0.234	0.384340882301	4.51	0.886000	1.026000	0.599000	0.614000	0.990000	0.982000	520
L1418S	0.02	0.02	0.00	0.25	0.29	0.78	0.14	0.03	0.08	0.0	0.031	0.01	-1.1	0.241	0.561410903931	5.5	5.831000	1.312000	0.756000	0.998000	0.994000	0.985000	520
E1415Q	0.02	0.00	0.00	0.22	0.23	0.13	0.23	0.03	0.03	0.0	0.031	0.01	-0.55	0.176	0.474200874567	4.4	4.916000	1.026000	0.599000	1.000000	0.970000	0.960000	520
H1402Y	0.02	0.03	0.00	0.23	0.41	0.05	0.38	0.08	0.12	0.153	0.019	0.023	-0.42	0.389	0.428560256958	4.38	1.739000	-0.803000	-0.805000	0.996000	0.956000	0.790000	520
D1398G	0.02	0.02	0.00	0.24	0.26	0.82	0.30	0.08	0.11	0.025	0.627	0.071	-1.17	0.536	0.387861549854	4.26	3.493000	0.142000	0.665000	1.000000	0.982000	0.993000	520
S1363L	0.02	0.00	0.01	0.26	0.23	0.01	0.17	0.04	0.21	0.001	0.011	0.003	-1.12	0.458	0.307385087013	5.31	3.276000	1.176000	0.676000	0.942000	0.353000	0.952000	520
M1361L	0.03	0.00	0.01	0.25	0.24	0.01	0.17	0.04	0.21	0.043	0.0	0.001	-0.12	0.390	0.237793430686	1.34	-0.725000	-0.675000	-0.860000	0.000000	0.366000	0.916000	520
N1355D	0.05	0.01	0.01	0.26	0.25	0.01	0.14	0.06	0.21	0.172	0.013	0.003	-0.59	0.431	0.256785750389	2.53	-0.036000	1.138000	0.665000	0.000000	0.964000	0.863000	520
T1349M	0.05	0.00	0.01	0.26	0.25	0.02	0.19	0.06	0.10	0.008	0.575	0.107	-0.65	0.434	0.244413018227	0.879	0.172000	-0.541000	-1.490000	0.000000	0.002000	0.003000	520
T1349R	0.05	0.01	0.01	0.27	0.25	0.02	0.16	0.06	0.14	0.004	0.127	0.076	-0.67	0.551	0.251075863838	0.879	0.172000	-0.541000	-1.490000	0.000000	0.002000	0.003000	520
R1347G	0.05	0.00	0.00	0.27	0.30	0.02	0.16	0.07	0.26	0.175	0.255	0.071	-0.82	0.527	0.252207577229	2.98	1.192000	1.138000	0.665000	0.992000	0.663000	0.779000	520
E1339G	0.02	0.00	0.00	0.27	0.23	0.02	0.17	0.06	0.26	0.001	0.005	0.001	-1.36	0.539	0.282353073359	3.0	1.132000	0.207000	-0.108000	0.057000	0.994000	0.924000	520
G1332V	0.00	0.00	0.00	0.26	0.22	0.02	0.12	0.00	0.26	0.043	0.042	0.015	-1.3	0.498	0.237516611814	2.82	1.686000	0.179000	-0.341000	0.386000	0.462000	0.912000	520
I1318V	0.00	0.00	0.00	0.25	0.18	0.03	0.26	0.01	0.13	0.412	0.009	0.006	-0.1	0.539	0.300779849291	3.65	0.012000	1.138000	0.609000	0.000000	0.790000	0.767000	520
S1301N	0.00	0.01	0.00	0.25	0.23	0.02	0.13	0.02	0.09	0.157	0.915	0.366	-0.68	0.358	0.340918749571	3.97	2.486000	1.026000	0.549000	0.974000	0.972000	0.991000	516
Q1299R	0.00	0.01	0.00	0.26	0.17	0.01	0.14	0.01	0.17	0.026	0.907	0.346	-0.78	0.544	0.312396466732	3.69	2.404000	1.138000	0.609000	0.999000	1.000000	0.998000	516
S1286T	0.00	0.00	0.00	0.25	0.19	0.01	0.09	0.05	0.15	0.002	0.651	0.115	-0.46	0.554	0.249290347099	1.78	0.862000	0.129000	0.549000	0.162000	0.985000	0.958000	516
Q1281P	0.00	0.00	0.00	0.26	0.20	0.02	0.15	0.06	0.36	0.156	0.996	0.731	-0.47	0.533	0.232567369938	4.12	0.021000	1.138000	0.609000	0.003000	0.997000	0.825000	516
A1279S	0.00	0.00	0.00	0.26	0.22	0.02	0.19	0.05	0.16	0.022	0.031	0.016	-0.46	0.503	0.228875264525	3.26	0.332000	-0.231000	-0.964000	0.000000	0.527000	0.415000	516
S1266I	0.00	0.00	0.00	0.26	0.58	0.05	0.34	0.02	0.13	0.0	0.93	0.36	-1.01	0.591	0.256072729826	0.902	0.229000	-0.257000	-0.892000	0.000000	0.002000	0.197000	516
S1266T	0.00	0.00	0.00	0.26	0.32	0.08	0.24	0.01	0.13	0.015	0.144	0.014	-0.4	0.550	0.249674022198	0.902	0.229000	-0.257000	-0.892000	0.000000	0.002000	0.197000	516
E1250K	0.01	0.00	0.00	0.26	0.26	0.05	0.10	0.01	0.13	0.002	0.84	0.089	-0.71	0.359	0.2401779145	1.01	0.505000	0.088000	0.599000	0.000000	0.008000	0.482000	516
V1247I	0.00	0.01	0.00	0.25	0.27	0.02	0.10	0.01	0.17	0.371	0.154	0.01	-0.05	0.423	0.206892579794	-2.04	-0.675000	0.129000	-0.182000	0.000000	0.003000	0.262000	516
P1238L	0.00	0.01	0.00	0.26	0.33	0.02	0.11	0.01	0.17	0.036	0.264	0.03	-1.46	0.361	0.26904001832	4.29	0.742000	1.176000	0.676000	0.004000	0.574000	0.574000	516
Q1227H	0.00	0.01	0.00	0.26	0.25	0.01	0.24	0.14	0.02	0.001	0.296	0.041	-1.15	0.594	0.368006110191	1.88	-0.028000	1.138000	0.665000	0.975000	1.000000	0.969000	516
E1222D	0.00	0.01	0.00	0.24	0.31	0.01	0.20	0.03	0.08	0.425	0.024	0.005	-0.31	0.258	0.336175143719	-0.917	-1.716000	-0.336000	-0.202000	0.010000	0.997000	0.994000	516
E1214K	0.02	0.01	0.00	0.25	0.25	0.02	0.16	0.02	0.22	0.001	0.651	0.165	-2.93	0.562	0.428127944469	5.1	4.925000	1.026000	0.599000	1.000000	0.960000	0.963000	516
R1203Q	0.00	0.00	0.00	0.26	0.20	0.01	0.15	0.00	0.23	1.0	0.0	0.0	1.67	0.415	0.179870069027	-7.96	-0.147000	-0.844000	-0.985000	0.000000	0.000000	0.038000	516
T1196I	0.00	0.00	0.00	0.25	0.41	0.01	0.23	0.03	0.23	0.046	0.054	0.058	-3.24	0.370	0.258021086454	2.21	0.135000	0.228000	-0.113000	0.000000	0.019000	0.007000	516
T1194I	0.00	0.00	0.00	0.24	0.39	0.01	0.29	0.03	0.25	0.028	0.054	0.058	-2.31	0.585	0.278163671494	-5.01	-0.082000	-0.166000	0.676000	0.000000	0.020000	0.029000	516
K1183R	0.02	0.01	0.00	0.23	0.20	0.02	0.27	0.01	0.21	1.0	0.0	0.001	0.4	0.067	0.235314548016	-2.35	-0.319000	-0.708000	-0.799000	0.000000	0.002000	0.020000	516
S1178N	0.05	0.01	0.00	0.26	0.34	0.03	0.26	0.02	0.21	0.341	0.106	0.08	-1.94	0.236	0.295219928026	3.29	0.590000	0.138000	0.599000	0.011000	0.825000	0.566000	516
D1169Y	0.13	0.04	0.00	0.26	0.45	0.03	0.43	0.11	0.29	0.002	0.987	0.873	-3.89	0.453	0.265216976404	4.35	0.779000	0.129000	-0.182000	0.002000	0.009000	0.012000	516
D1155H	0.32	0.03	0.01	0.26	0.34	0.05	0.34	0.15	0.20	0.024	0.604	0.245	-3.64	0.518	0.236992031336	2.06	1.873000	0.125000	0.599000	0.976000	0.636000	0.424000	516
S1147Y	0.06	0.06	0.04	0.25	0.54	0.03	0.37	0.18	0.25	0.0	1.0	0.996	-5.13	0.861	0.516481339931	5.31	6.268000	1.176000	0.676000	1.000000	1.000000	0.929000	516
S1140G	0.03	0.01	0.00	0.25	0.35	0.01	0.11	0.04	0.05	0.316	0.002	0.008	-2.27	0.069	0.238922208548	1.63	0.301000	0.200000	0.665000	0.000000	0.173000	0.298000	516
M1137I	0.04	0.02	0.00	0.25	0.33	0.02	0.26	0.03	0.03	0.039	0.042	0.058	-2.42	0.335	0.230392217636	0.642	0.960000	0.130000	-0.176000	0.000000	0.155000	0.065000	516
M1137V	0.03	0.02	0.00	0.25	0.29	0.02	0.21	0.03	0.03	0.272	0.019	0.013	-2.37	0.479	0.215803384781	1.42	-0.737000	-0.145000	-0.121000	0.000000	0.171000	0.075000	516
P1136R	0.03	0.02	0.00	0.26	0.31	0.02	0.20	0.03	0.08	0.009	0.694	0.399	-7.54	0.447	0.303049325943	0.471	2.106000	0.212000	-0.126000	0.047000	0.211000	0.101000	516
Q1135E	0.01	0.02	0.00	0.25	0.28	0.02	0.25	0.02	0.04	0.015	0.973	0.893	-2.31	0.542	0.274116754532	1.85	1.899000	1.176000	0.676000	0.264000	0.307000	0.249000	516
Q1118H	0.13	0.02	0.02	0.25	0.23	0.04	0.20	0.08	0.19	0.013	0.932	0.94	-3.79	0.567	0.266968309879	3.11	-0.512000	0.038000	-0.182000	0.000000	0.001000	0.141000	516
K1109N	0.15	0.03	0.02	0.25	0.29	0.05	0.16	0.08	0.19	0.013	0.989	0.665	-3.72	0.363	0.357195019722	2.88	0.555000	1.138000	0.665000	0.011000	0.434000	0.076000	516
N1102S	0.06	0.03	0.00	0.27	0.32	0.02	0.08	0.05	0.11	0.075	0.36	0.156	-3.31	0.150	0.26943218708	2.97	0.488000	1.138000	0.665000	0.000000	0.477000	0.218000	516
S1101N	0.06	0.03	0.00	0.25	0.28	0.01	0.08	0.05	0.10	0.072	0.765	0.263	-1.79	0.412	0.314838528633	-0.438	0.079000	0.103000	0.599000	0.000000	0.421000	0.240000	516
P1099L	0.07	0.03	0.00	0.25	0.31	0.01	0.12	0.04	0.12	0.017	0.989	0.677	-6.68	0.338	0.312110811472	3.08	2.529000	1.176000	0.676000	0.991000	0.543000	0.227000	516
L1084I	0.01	0.02	0.00	0.26	0.28	0.04	0.18	0.01	0.12	0.024	0.997	0.926	-1.72	0.381	0.291403651237	3.13	1.991000	1.176000	0.676000	0.081000	0.941000	0.751000	516
R1076I	0.10	0.02	0.01	0.26	0.39	0.06	0.30	0.03	0.12	0.0	1.0	0.973	-6.9	0.511	0.272879064083	2.08	0.897000	1.026000	0.599000	0.991000	0.957000	0.305000	516
R1074G	0.06	0.02	0.01	0.26	0.26	0.05	0.26	0.04	0.13	0.028	0.82	0.414	-5.58	0.462	0.271692723036	3.06	0.316000	1.138000	0.665000	0.006000	0.992000	0.347000	516
G1062V	0.03	0.00	0.03	0.27	0.38	0.02	0.27	0.04	0.16	0.017	0.968	0.759	-5.71	0.651	0.367822527885	3.84	1.322000	1.026000	0.599000	1.000000	0.894000	0.537000	516
I1058V	0.02	0.01	0.01	0.27	0.20	0.02	0.28	0.02	0.16	0.224	0.008	0.02	-0.27	0.507	0.291769146919	-7.22	-1.364000	-0.727000	-0.278000	0.001000	0.211000	0.516000	516
S1056P	0.01	0.00	0.01	0.26	0.18	0.02	0.24	0.02	0.13	0.02	0.968	0.728	-2.89	0.535	0.39639955759	2.13	2.464000	0.116000	-0.050000	0.982000	0.187000	0.403000	516
I1044V	0.00	0.00	0.00	0.28	0.23	0.02	0.24	0.01	0.25	0.353	0.016	0.009	-0.28	0.420	0.28382268548	-6.34	-1.008000	-0.482000	0.580000	0.000000	0.725000	0.980000	516
S1040N	0.00	0.00	0.00	0.24	0.22	0.02	0.26	0.03	0.45	0.084	0.974	0.831	-1.68	0.376	0.253834962845	2.01	-0.025000	1.026000	0.599000	0.045000	0.955000	0.975000	516
E1038G	0.00	0.00	0.00	0.26	0.22	0.02	0.26	0.03	0.25	0.028	0.936	0.606	-5.69	0.227	0.281187832355	-0.974	-0.149000	0.207000	0.665000	0.000000	0.960000	0.966000	512
R1028H	0.00	0.00	0.00	0.25	0.15	0.02	0.30	0.01	0.21	0.304	0.0	0.0	0.12	0.325	0.179157227278	-4.1	-0.327000	-0.304000	-0.221000	0.003000	0.827000	0.559000	512
M1014L	0.01	0.01	0.00	0.25	0.21	0.02	0.12	0.02	0.18	0.123	0.0	0.002	-0.94	0.385	0.227104961872	-9.79	-2.955000	-1.721000	-1.662000	0.000000	0.000000	0.001000	512
M1008I	0.02	0.01	0.00	0.26	0.22	0.03	0.09	0.05	0.19	0.519	0.0	0.001	-0.48	0.452	0.199945062399	-4.11	-0.569000	-0.213000	-0.176000	0.000000	0.001000	0.002000	512
M1008V	0.02	0.01	0.00	0.26	0.21	0.03	0.07	0.05	0.17	0.639	0.0	0.0	-0.29	0.435	0.195719391108	-9.22	-4.225000	-3.080000	-1.788000	0.000000	0.000000	0.002000	512
L998V	0.01	0.00	0.00	0.25	0.28	0.03	0.16	0.01	0.16	0.015	0.995	0.831	-2.24	0.512	0.236384361982	2.61	0.542000	1.176000	0.676000	0.001000	0.042000	0.021000	512
K987E	0.00	0.02	0.00	0.29	0.25	0.03	0.24	0.00	0.13	0.018	0.14	0.045	-1.89	0.477	0.213282495737	3.81	0.948000	1.138000	0.665000	0.003000	0.064000	0.021000	512
R979S	0.00	0.06	0.00	0.26	0.21	0.02	0.24	0.02	0.19	0.194	0.0	0.001	-0.7	0.275	0.229704886675	0.419	0.726000	-0.100000	-0.106000	0.000000	0.014000	0.177000	512
K970I	0.03	0.07	0.00	0.24	0.19	0.02	0.12	0.06	0.10	0.006	0.566	0.378	-6.08	0.511	0.295212626457	1.2	0.381000	1.138000	0.665000	0.000000	0.039000	0.683000	512
N969D	0.03	0.08	0.00	0.26	0.18	0.02	0.07	0.04	0.10	0.432	0.008	0.029	-2.06	0.195	0.319249927998	0.122	-0.749000	0.200000	0.665000	0.000000	0.030000	0.652000	512
K947N	0.10	0.10	0.01	0.23	0.21	0.03	0.14	0.13	0.11	0.027	0.87	0.694	-2.46	0.400	0.271475970745	-0.245	0.279000	0.085000	0.609000	0.000000	0.015000	0.038000	512
P938L	0.18	0.02	0.00	0.26	0.30	0.04	0.13	0.09	0.15	0.184	0.531	0.348	-6.59	0.303	0.225906774402	2.07	0.510000	-0.103000	0.618000	0.015000	0.150000	0.524000	511
P930L	0.08	0.01	0.00	0.26	0.33	0.04	0.18	0.03	0.11	0.057	0.007	0.075	-5.13	0.402	0.242467105389	4.76	1.783000	1.176000	0.618000	0.075000	0.050000	0.205000	511
I925L	0.00	0.00	0.00	0.23	0.26	0.03	0.19	0.01	0.05	0.007	0.01	0.038	-0.21	0.340	0.241855889559	-2.12	-0.281000	0.200000	0.609000	0.000000	0.000000	0.001000	511
N916I	0.02	0.00	0.00	0.24	0.42	0.03	0.23	0.01	0.17	0.005	0.769	0.53	-3.91	0.310	0.239016324282	3.7	2.409000	1.138000	0.609000	0.028000	0.007000	0.059000	511
N913S	0.02	0.00	0.00	0.26	0.24	0.03	0.13	0.01	0.18	0.203	0.0	0.002	-0.02	0.192	0.228723540902	0.00634	0.366000	1.138000	0.609000	0.001000	0.041000	0.172000	511
E904Q	0.02	0.00	0.00	0.26	0.24	0.01	0.08	0.02	0.25	0.051	0.957	0.77	-1.59	0.488	0.199379116297	0.292	0.412000	-0.214000	0.549000	0.000000	0.108000	0.399000	511
F901S	0.05	0.00	0.00	0.26	0.23	0.01	0.09	0.02	0.23	0.497	0.0	0.001	-1.06	0.303	0.207899287343	1.03	-0.251000	-0.044000	-0.105000	0.000000	0.015000	0.195000	511
K893N	0.00	0.00	0.00	0.30	0.24	0.01	0.10	0.04	0.15	0.003	0.738	0.568	-1.91	0.291	0.232475847006	-1.34	-0.283000	-0.238000	-0.242000	0.000000	0.014000	0.033000	511
G890V	0.00	0.00	0.00	0.25	0.23	0.01	0.12	0.04	0.13	0.49	0.002	0.007	-1.3	0.349	0.168642789125	-8.62	-1.167000	-0.860000	-1.092000	0.000000	0.000000	0.001000	511
P871L	0.04	0.02	0.00	0.26	0.47	0.02	0.17	0.01	0.11	1.0	0.0	0.0	5.74	0.140	0.416683584452	5.04	4.247000	0.326000	-0.092000	1.000000	0.978000	0.989000	511
R866C	0.09	0.02	0.00	0.25	0.34	0.02	0.14	0.01	0.12	0.0	1.0	1.0	-6.93	0.847	0.511545538902	5.15	3.424000	1.176000	0.618000	1.000000	1.000000	0.996000	511
S864A	0.08	0.02	0.00	0.26	0.37	0.02	0.12	0.01	0.11	0.0	1.0	1.0	-2.72	0.683	0.501283288002	5.04	3.093000	1.312000	0.691000	0.991000	1.000000	0.998000	511
K862E	0.08	0.02	0.00	0.26	0.28	0.02	0.19	0.01	0.12	0.003	0.974	0.876	-2.19	0.808	0.285330325365	4.09	2.708000	0.142000	0.609000	0.997000	0.995000	0.997000	511
Y856H	0.05	0.03	0.03	0.24	0.42	0.02	0.20	0.18	0.23	0.015	0.73	0.733	-3.73	0.815	0.587469577789	4.05	3.230000	1.312000	0.691000	1.000000	0.999000	0.994000	511
L852P	0.06	0.04	0.06	0.24	0.44	0.03	0.19	0.15	0.19	0.0	0.988	0.955	-6.39	0.785	0.584694564342	5.15	2.541000	1.312000	0.691000	0.998000	1.000000	0.997000	511
L852V	0.06	0.04	0.05	0.24	0.26	0.03	0.19	0.14	0.18	0.014	0.971	0.91	-2.73	0.768	0.451352566481	3.15	0.359000	1.176000	0.618000	0.996000	1.000000	0.997000	511
I845T	0.06	0.04	0.05	0.25	0.44	0.03	0.19	0.15	0.07	0.246	0.107	0.14	-2.74	0.529	0.27696493268	-2.77	-0.122000	1.312000	0.691000	0.000000	0.970000	0.970000	511
T843R	0.06	0.04	0.04	0.25	0.30	0.02	0.18	0.17	0.08	0.001	0.985	0.959	-4.77	0.383	0.355247974396	-0.746	1.101000	-0.186000	-0.169000	0.005000	0.829000	0.907000	511
E842G	0.06	0.03	0.03	0.25	0.32	0.02	0.15	0.17	0.07	0.018	0.93	0.819	-6.09	0.407	0.323759078979	4.07	1.887000	0.197000	0.609000	0.087000	0.812000	0.871000	511
R841W	0.07	0.05	0.03	0.26	0.43	0.02	0.20	0.19	0.07	0.003	0.001	0.006	-2.86	0.355	0.2313285321	2.84	1.349000	1.176000	0.618000	0.003000	0.877000	0.859000	511
S840C	0.04	0.07	0.02	0.25	0.44	0.02	0.11	0.39	0.08	0.097	0.946	0.886	-1.13	0.427	0.256292670965	2.68	-0.050000	1.138000	0.609000	0.000000	0.891000	0.854000	511
Y831D	0.03	0.05	0.01	0.26	0.45	0.03	0.11	0.10	0.38	1.0	0.0	0.001	5.32	0.257	0.282315909863	1.91	0.335000	-0.235000	-0.265000	0.000000	0.006000	0.323000	511
T826K	0.04	0.06	0.00	0.27	0.34	0.02	0.12	0.04	0.28	0.001	0.954	0.968	-5.15	0.548	0.249048322439	1.68	0.182000	1.176000	0.618000	0.000000	0.588000	0.328000	510
R823I	0.07	0.05	0.01	0.26	0.30	0.03	0.15	0.09	0.14	0.024	0.956	0.936	-6.36	0.409	0.196522697806	3.12	0.363000	1.026000	0.549000	0.000000	0.596000	0.276000	510
K820E	0.09	0.04	0.00	0.28	0.25	0.03	0.24	0.10	0.16	0.192	0.006	0.108	-2.53	0.237	0.25147819519	1.42	-0.119000	0.199000	-0.175000	0.117000	0.845000	0.261000	510
N810Y	0.02	0.06	0.00	0.27	0.20	0.02	0.13	0.05	0.22	0.001	1.0	0.992	-6.43	0.462	0.406512469053	4.29	0.919000	1.138000	0.665000	0.011000	0.443000	0.448000	510
E809K	0.07	0.04	0.00	0.27	0.19	0.02	0.15	0.05	0.14	0.06	0.089	0.219	-2.93	0.481	0.278208851814	0.996	0.008000	0.126000	0.599000	0.000000	0.302000	0.440000	510
Q804H	0.06	0.05	0.00	0.26	0.20	0.04	0.18	0.22	0.06	0.038	0.047	0.285	-3.13	0.433	0.236885711551	-3.25	-0.540000	1.026000	0.599000	0.002000	0.028000	0.243000	507
V772A	0.01	0.01	0.00	0.26	0.29	0.02	0.15	0.03	0.22	0.005	0.848	0.928	-3.61	0.639	0.348318397999	3.17	1.801000	1.312000	0.756000	0.703000	0.924000	0.992000	506
L771S	0.02	0.01	0.00	0.25	0.45	0.03	0.12	0.04	0.13	0.0	0.975	0.988	-5.11	0.492	0.273243010044	2.75	1.869000	1.312000	0.756000	0.502000	0.790000	0.979000	506
E755K	0.00	0.00	0.00	0.25	0.15	0.03	0.13	0.01	0.19	0.18	0.347	0.686	-1.67	0.445	0.22855386138	4.54	0.338000	1.026000	0.599000	0.000000	0.564000	0.991000	506
S741C	0.04	0.00	0.00	0.25	0.24	0.05	0.14	0.04	0.16	0.018	0.346	0.599	-3.79	0.394	0.314315617085	3.38	0.312000	1.176000	0.676000	0.003000	0.037000	0.021000	506
K739E	0.02	0.00	0.00	0.26	0.21	0.06	0.13	0.02	0.25	0.037	0.001	0.029	0.32	0.400	0.223847597837	3.48	1.800000	0.200000	-0.153000	0.017000	0.002000	0.045000	506
N723D	0.00	0.00	0.00	0.25	0.21	0.03	0.09	0.00	0.20	0.081	0.164	0.119	-3.59	0.363	0.279717326164	-3.95	-0.375000	1.138000	0.665000	0.000000	0.235000	0.838000	505
T703I	0.02	0.00	0.00	0.26	0.17	0.02	0.40	0.02	0.23	0.021	0.786	0.771	-4.55	0.421	0.339581161737	0.739	0.574000	0.109000	0.618000	0.054000	0.136000	0.083000	505
D693N	0.01	0.02	0.00	0.25	0.21	0.02	0.27	0.06	0.23	0.012	0.0	0.01	0.03	0.126	0.231355696917	1.23	0.205000	1.026000	0.599000	0.000000	0.283000	0.637000	505
S689G	0.03	0.02	0.00	0.25	0.24	0.03	0.17	0.06	0.25	0.148	0.009	0.02	-1.97	0.355	0.233237296343	-0.935	0.866000	1.120000	0.644000	0.005000	0.935000	0.976000	505
L668F	0.03	0.02	0.00	0.25	0.22	0.02	0.19	0.04	0.26	0.094	0.812	0.679	-1.96	0.487	0.346110671759	2.04	0.198000	0.225000	0.676000	0.011000	0.004000	0.042000	504
P659A	0.00	0.01	0.00	0.23	0.21	0.01	0.29	0.03	0.21	0.028	0.707	0.838	-5.55	0.470	0.269984513521	5.15	3.451000	0.230000	-0.106000	0.450000	0.011000	0.165000	504
S643G	0.00	0.02	0.00	0.25	0.43	0.01	0.12	0.02	0.17	0.011	0.927	0.677	-3.7	0.655	0.340656757355	5.15	3.253000	1.138000	0.665000	0.915000	0.980000	0.927000	503
D642G	0.00	0.02	0.00	0.25	0.23	0.01	0.12	0.02	0.17	0.06	0.999	0.979	-6.27	0.676	0.397796809673	2.96	2.526000	1.138000	0.665000	0.983000	0.940000	0.875000	503
D642H	0.00	0.02	0.00	0.25	0.24	0.01	0.12	0.03	0.18	0.006	0.997	0.945	-6.45	0.662	0.446425527334	4.18	2.460000	1.026000	0.599000	0.982000	0.931000	0.865000	503
P633S	0.00	0.01	0.00	0.25	0.20	0.01	0.10	0.01	0.57	0.117	0.735	0.477	-7.25	0.451	0.256050169468	4.12	2.529000	1.176000	0.676000	0.784000	0.988000	0.803000	503
R629I	0.00	0.00	0.00	0.25	0.46	0.01	0.18	0.01	0.59	0.005	0.377	0.133	-5.98	0.547	0.291658818722	-3.1	-0.232000	0.114000	-0.313000	0.000000	0.994000	0.956000	503
A622V	0.00	0.01	0.00	0.25	0.20	0.02	0.23	0.05	0.08	0.057	0.63	0.15	-2.9	0.563	0.295402914286	1.5	1.386000	0.212000	-0.126000	0.005000	0.753000	0.980000	503
R613K	0.00	0.02	0.00	0.25	0.23	0.03	0.30	0.01	0.17	0.184	0.965	0.751	-2.01	0.452	0.259826362133	1.73	0.859000	-0.231000	-0.773000	0.787000	0.948000	0.809000	502
R610K	0.00	0.03	0.00	0.25	0.27	0.03	0.31	0.01	0.19	0.144	0.941	0.541	-2.37	0.553	0.284471213818	2.98	0.326000	1.026000	0.599000	0.353000	0.988000	0.763000	502
K607E	0.00	0.02	0.00	0.28	0.25	0.02	0.50	0.01	0.23	0.001	0.998	0.926	-3.18	0.527	0.339990735054	3.67	2.282000	1.138000	0.665000	0.965000	0.923000	0.390000	502
E597K	0.01	0.01	0.00	0.26	0.16	0.02	0.25	0.03	0.20	0.077	1.0	0.992	-3.6	0.636	0.439533472061	4.03	1.238000	1.026000	0.599000	0.228000	0.983000	0.989000	498
I591V	0.02	0.00	0.00	0.25	0.19	0.02	0.21	0.03	0.17	0.154	0.941	0.463	-0.81	0.598	0.290516674519	2.41	0.105000	0.200000	0.665000	0.002000	0.998000	0.996000	498
P586R	0.04	0.00	0.00	0.26	0.19	0.02	0.22	0.03	0.26	0.001	0.97	0.77	-7.65	0.377	0.279842853546	3.91	2.204000	1.176000	0.676000	0.445000	0.973000	0.994000	498
L574P	0.04	0.02	0.01	0.28	0.28	0.03	0.31	0.07	0.43	0.015	1.0	0.993	-6.36	0.550	0.374776005745	1.06	1.952000	1.312000	0.756000	0.027000	0.968000	0.934000	497
N569D	0.09	0.01	0.00	0.25	0.25	0.02	0.26	0.08	0.23	0.137	0.102	0.036	-3.9	0.390	0.338842779398	0.0634	0.234000	-0.214000	-0.113000	0.001000	0.867000	0.744000	497
N550H	0.03	0.02	0.01	0.25	0.22	0.02	0.17	0.09	0.09	0.002	0.996	0.88	-3.6	0.361	0.236956745386	1.32	0.088000	1.138000	0.665000	0.000000	0.046000	0.344000	497
N547H	0.03	0.03	0.03	0.25	0.19	0.05	0.22	0.08	0.09	0.028	0.778	0.248	-4.25	0.477	0.323744386435	3.66	-0.033000	1.138000	0.665000	0.000000	0.050000	0.234000	497
L523W	0.14	0.02	0.00	0.28	0.37	0.02	0.29	0.08	0.30	0.0	0.997	0.928	-5.52	0.613	0.323607325554	2.35	0.346000	0.324000	0.756000	0.000000	0.755000	0.996000	497
R504H	0.03	0.09	0.00	0.26	0.28	0.05	0.37	0.02	0.14	0.085	0.692	0.344	-4.05	0.658	0.241715103388	0.0729	0.307000	-0.237000	-0.171000	0.174000	0.961000	0.734000	497
R496H	0.05	0.03	0.00	0.26	0.27	0.07	0.25	0.06	0.10	0.828	0.001	0.004	0.12	0.550	0.190016120672	-8.87	-3.474000	-1.224000	-0.974000	0.000000	0.003000	0.099000	497
R496C	0.06	0.03	0.00	0.26	0.33	0.07	0.27	0.07	0.10	0.128	0.004	0.009	-3.7	0.570	0.1917488873	-0.308	-0.232000	0.228000	-0.113000	0.000000	0.010000	0.104000	497
F486L	0.02	0.04	0.03	0.26	0.13	0.04	0.21	0.08	0.03	0.422	0.0	0.008	-0.96	0.567	0.229321748018	-3.69	-0.927000	-2.086000	-2.777000	0.000000	0.000000	0.033000	497
N473S	0.11	0.12	0.01	0.23	0.24	0.04	0.26	0.13	0.14	0.176	0.736	0.641	-3.83	0.371	0.247762084007	2.21	0.949000	0.206000	-0.109000	0.001000	0.123000	0.314000	497
C442R	0.15	0.03	0.00	0.25	0.45	0.03	0.10	0.36	0.28	0.122	0.116	0.118	-6.22	0.502	0.282663971186	-2.18	-1.365000	-0.086000	-0.576000	0.000000	0.038000	0.043000	497
V419G	0.04	0.01	0.00	0.26	0.34	0.02	0.24	0.06	0.26	0.021	0.769	0.38	-5.8	0.575	0.258253931999	-1.16	0.245000	1.312000	0.756000	0.000000	0.195000	0.591000	494
V412I	0.04	0.00	0.00	0.25	0.31	0.03	0.31	0.06	0.19	0.034	0.071	0.068	-0.91	0.534	0.25845643878	1.12	0.242000	1.026000	0.599000	0.000000	0.059000	0.023000	495
D411V	0.03	0.00	0.00	0.25	0.43	0.03	0.17	0.06	0.19	0.443	0.003	0.02	-1.86	0.561	0.235615029931	0.135	0.442000	-0.288000	-0.201000	0.000000	0.134000	0.062000	495
A410T	0.04	0.00	0.00	0.27	0.27	0.04	0.16	0.06	0.20	0.107	0.966	0.759	-2.72	0.611	0.282480925322	0.224	0.522000	1.026000	0.599000	0.000000	0.723000	0.328000	495
G401A	0.03	0.02	0.03	0.26	0.27	0.05	0.15	0.11	0.14	0.142	0.147	0.219	-2.73	0.543	0.200016334653	-4.32	-1.057000	-1.375000	-0.985000	0.000000	0.000000	0.204000	495
S387T	0.05	0.04	0.00	0.25	0.37	0.03	0.26	0.06	0.09	0.022	0.974	0.855	-2.86	0.800	0.377725183964	4.71	5.762000	1.312000	0.756000	1.000000	1.000000	0.999000	495
Q380R	0.02	0.03	0.00	0.26	0.27	0.02	0.19	0.02	0.14	0.078	0.923	0.534	-2.76	0.636	0.358391046524	1.47	0.778000	0.197000	0.665000	1.000000	1.000000	1.000000	496
D369N	0.01	0.01	0.00	0.27	0.26	0.02	0.18	0.02	0.13	0.028	0.966	0.838	-4.24	0.398	0.285524249077	3.69	0.803000	1.026000	0.599000	0.005000	0.727000	0.829000	496
T367A	0.01	0.01	0.00	0.25	0.31	0.03	0.14	0.02	0.13	0.256	0.002	0.007	-1.76	0.538	0.266549736261	-1.57	-0.815000	-0.620000	-0.110000	0.000000	0.006000	0.041000	496
Q356R	0.00	0.00	0.00	0.26	0.21	0.02	0.08	0.01	0.16	0.014	0.998	0.988	-3.3	0.417	0.268265664577	3.71	2.371000	0.142000	0.665000	0.997000	0.006000	0.030000	496
S335R	0.03	0.02	0.00	0.26	0.22	0.02	0.12	0.03	0.26	0.065	0.697	0.285	-4.28	0.532	0.276779234409	0.719	1.300000	1.176000	0.676000	0.013000	0.981000	0.886000	496
P334L	0.04	0.02	0.00	0.26	0.24	0.01	0.15	0.03	0.24	0.04	0.584	0.263	-7.39	0.452	0.240778237581	1.86	0.973000	0.199000	-0.153000	0.001000	0.968000	0.884000	496
C305Y	0.06	0.01	0.00	0.26	0.37	0.03	0.38	0.04	0.33	0.057	0.93	0.659	-9.98	0.607	0.456138372421	4.95	0.780000	1.026000	0.599000	0.555000	1.000000	0.998000	497
K301R	0.06	0.00	0.00	0.24	0.28	0.02	0.24	0.04	0.35	0.003	1.0	0.992	-2.83	0.719	0.45908883214	4.95	2.488000	1.138000	0.665000	1.000000	1.000000	0.999000	497
M297I	0.08	0.00	0.00	0.26	0.40	0.05	0.21	0.05	0.24	0.023	0.074	0.06	-3.17	0.593	0.453022241592	3.98	1.530000	1.026000	0.599000	1.000000	1.000000	0.992000	497
M297K	0.07	0.00	0.00	0.26	0.43	0.05	0.18	0.04	0.25	0.009	0.074	0.06	-5.21	0.637	0.502093672752	2.74	1.278000	0.317000	0.756000	1.000000	0.999000	0.992000	497
A280G	0.01	0.00	0.00	0.24	0.26	0.01	0.07	0.04	0.04	0.005	0.989	0.831	-3.34	0.643	0.439020961523	4.95	4.507000	1.176000	0.676000	1.000000	1.000000	0.997000	497
V271G	0.00	0.00	0.00	0.25	0.32	0.01	0.06	0.06	0.06	0.011	0.714	0.414	-2.56	0.656	0.261414051056	3.86	1.899000	1.312000	0.756000	0.943000	1.000000	1.000000	497
R256W	0.05	0.02	0.00	0.28	0.32	0.01	0.21	0.15	0.19	0.001	0.989	0.837	-1.21	0.581	0.221039995551	3.66	1.217000	1.138000	0.665000	0.525000	0.998000	0.984000	494
T248P	0.05	0.02	0.00	0.26	0.23	0.01	0.13	0.02	0.15	0.464	0.31	0.048	-0.59	0.575	0.257867515087	0.847	-0.821000	0.142000	0.609000	0.000000	0.927000	0.503000	494
L246V	0.04	0.02	0.00	0.27	0.23	0.01	0.11	0.02	0.14	0.159	1.0	0.981	-0.46	0.555	0.226410895586	2.26	-0.456000	1.312000	0.691000	0.000000	0.947000	0.439000	494
P241L	0.02	0.02	0.00	0.24	0.25	0.02	0.08	0.06	0.11	0.17	0.0	0.0	-0.35	0.540	0.228805482388	1.25	0.514000	0.169000	0.618000	0.002000	0.909000	0.583000	494
F228Y	0.09	0.02	0.00	0.25	0.25	0.03	0.22	0.08	0.36	0.001	0.967	0.522	-0.36	0.532	0.363686829805	3.75	2.359000	1.312000	0.691000	1.000000	0.991000	0.626000	494
D214G	0.10	0.02	0.00	0.28	0.28	0.04	0.14	0.04	0.16	0.281	0.001	0.001	-0.46	0.584	0.284063398838	-0.426	0.120000	-0.695000	-0.865000	0.002000	0.087000	0.318000	479
D214Y	0.10	0.03	0.00	0.26	0.35	0.05	0.21	0.04	0.30	0.026	0.75	0.171	-0.76	0.578	0.297526448965	1.95	-0.011000	0.126000	-0.176000	0.000000	0.091000	0.327000	479
P209S	0.06	0.03	0.00	0.29	0.30	0.05	0.15	0.01	0.15	0.085	0.498	0.164	-1.06	0.615	0.237153947353	-1.21	0.121000	0.045000	0.672000	0.091000	0.598000	0.828000	478
V191I	0.04	0.05	0.01	0.25	0.25	0.01	0.29	0.09	0.24	0.035	0.004	0.001	-0.1	0.532	0.318610370159	1.8	1.479000	0.115000	-0.193000	0.134000	0.814000	0.189000	473
S186Y	0.06	0.06	0.01	0.27	0.32	0.02	0.16	0.09	0.29	0.0	1.0	0.956	-0.8	0.776	0.504873514175	4.96	4.066000	1.155000	0.676000	1.000000	1.000000	0.998000	473
Y179C	0.03	0.02	0.00	0.29	0.32	0.02	0.23	0.05	0.46	0.0	0.999	0.846	-1.27	0.754	0.652622818947	5.16	3.356000	1.138000	0.609000	1.000000	1.000000	0.872000	470
L156F	0.00	0.00	0.00	0.27	0.34	0.02	0.27	0.01	0.07	0.001	0.987	0.648	-0.56	0.593	0.415826946497	2.1	1.279000	1.176000	0.676000	0.702000	0.904000	0.669000	470
Q155E	0.01	0.00	0.00	0.26	0.14	0.02	0.29	0.01	0.09	0.099	0.0	0.0	-0.28	0.469	0.28212583065	3.18	1.228000	1.176000	0.676000	0.324000	0.845000	0.603000	470
Q148K	0.02	0.00	0.00	0.31	0.24	0.02	0.29	0.01	0.20	0.435	0.907	0.344	-0.34	0.517	0.37588301301	5.16	4.203000	1.176000	0.676000	1.000000	0.608000	0.891000	470
P145L	0.03	0.01	0.00	0.26	0.28	0.03	0.33	0.02	0.12	0.001	0.998	0.878	-1.26	0.478	0.292347729206	4.36	1.464000	1.163000	0.676000	0.458000	0.975000	0.973000	462
E143K	0.02	0.01	0.00	0.25	0.25	0.03	0.27	0.01	0.20	0.096	0.019	0.006	-0.32	0.519	0.315168946981	3.28	1.938000	-0.244000	-0.187000	0.861000	0.234000	0.293000	462
P142H	0.03	0.02	0.00	0.26	0.27	0.03	0.27	0.08	0.13	0.0	0.996	0.85	-1.02	0.564	0.252898752689	2.26	0.639000	0.187000	-0.153000	0.218000	0.226000	0.208000	462
L138P	0.02	0.04	0.00	0.28	0.34	0.04	0.34	0.01	0.16	0.172	0.608	0.087	-0.17	0.556	0.234881997108	-1.86	0.075000	-0.789000	-0.801000	0.519000	0.589000	0.778000	462
N132K	0.01	0.08	0.00	0.26	0.30	0.04	0.27	0.03	0.22	0.001	0.844	0.23	-0.84	0.661	0.593114554882	2.3	1.172000	-0.152000	-0.727000	1.000000	0.989000	0.941000	462
I125V	0.01	0.09	0.00	0.25	0.28	0.04	0.36	0.05	0.21	0.0	0.126	0.027	-0.14	0.574	0.570972025394	4.25	2.844000	0.178000	0.665000	1.000000	0.968000	0.972000	462
I124V	0.02	0.04	0.00	0.25	0.27	0.04	0.36	0.05	0.13	0.005	0.9	0.344	-0.14	0.552	0.409032940865	3.14	1.117000	-0.167000	-0.691000	1.000000	0.892000	0.912000	462
P115L	0.03	0.04	0.00	0.29	0.31	0.06	0.18	0.05	0.35	0.004	0.987	0.737	-1.26	0.573	0.301934957504	4.34	3.804000	0.148000	0.676000	1.000000	0.962000	0.995000	462
Y105C	0.09	0.05	0.00	0.26	0.31	0.05	0.33	0.01	0.22	0.003	0.434	0.196	-0.93	0.632	0.389476001263	4.22	1.324000	0.114000	0.665000	0.832000	0.891000	0.993000	462
D96N	0.09	0.12	0.00	0.27	0.13	0.02	0.20	0.05	0.15	0.0	0.994	0.795	-0.7	0.594	0.672170817852	5.3	4.629000	1.018000	0.599000	1.000000	1.000000	0.996000	461
C91R	0.14	0.13	0.00	0.26	0.12	0.17	0.19	0.06	0.18	0.613	0.0	0.0	0.09	0.515	0.35799998045	3.28	1.807000	-0.202000	-0.121000	0.993000	0.812000	0.986000	461
R71K	0.03	0.03	0.00	0.25	0.30	0.03	0.26	0.01	0.15	0.0	0.9	0.275	-0.39	0.737	0.610298812389	4.64	4.108000	1.008000	0.531000	1.000000	1.000000	0.995000	459
D67Y	0.02	0.05	0.00	0.24	0.29	0.07	0.38	0.16	0.13	0.002	0.868	0.24	-0.97	0.658	0.42940607667	-1.4	0.033000	1.008000	0.531000	0.943000	0.997000	0.993000	459
C61Y	0.03	0.04	0.01	0.25	0.34	0.12	0.38	0.25	0.08	0.0	0.998	0.942	-1.58	0.960	0.76552593708	5.17	4.295000	1.008000	0.531000	1.000000	1.000000	0.996000	459
C61G	0.03	0.03	0.00	0.27	0.33	0.11	0.23	0.24	0.08	0.0	0.116	0.026	-1.75	0.948	0.648884236813	5.17	5.098000	1.288000	0.667000	1.000000	0.998000	0.995000	459
P58A	0.04	0.02	0.00	0.30	0.36	0.11	0.20	0.20	0.06	0.003	0.99	0.76	-0.84	0.696	0.451395243406	2.97	1.972000	1.155000	0.597000	0.539000	1.000000	0.983000	459
G57R	0.03	0.02	0.00	0.29	0.33	0.08	0.23	0.20	0.13	0.0	0.997	0.915	-1.14	0.604	0.632425904274	5.17	1.381000	1.008000	0.531000	0.995000	0.999000	0.982000	459
K45Q	0.02	0.06	0.00	0.25	0.18	0.11	0.24	0.28	0.14	0.002	0.317	0.17	-0.49	0.573	0.44001725316	5.97	3.518000	1.109000	0.665000	1.000000	1.000000	0.990000	464
C44Y	0.03	0.09	0.01	0.25	0.17	0.17	0.40	0.37	0.14	0.021	0.994	0.84	-1.63	0.853	0.729841411114	5.97	3.475000	1.000000	0.599000	1.000000	1.000000	0.996000	464
C44S	0.04	0.07	0.00	0.25	0.19	0.17	0.36	0.36	0.13	0.0	0.979	0.76	-1.5	0.952	0.63118159771	5.97	4.026000	1.278000	0.756000	1.000000	1.000000	0.997000	464
H41R	0.06	0.06	0.00	0.27	0.16	0.11	0.24	0.33	0.16	0.0	0.959	0.542	-1.21	0.964	0.697537183762	5.97	3.518000	1.109000	0.665000	1.000000	1.000000	0.999000	464
C39R	0.05	0.06	0.02	0.27	0.16	0.15	0.27	0.31	0.10	0.0	0.987	0.879	-1.81	0.934	0.773955702782	5.97	4.109000	1.278000	0.756000	1.000000	1.000000	0.998000	464
T37K	0.05	0.06	0.00	0.27	0.20	0.06	0.24	0.18	0.12	0.0	0.979	0.777	-0.91	0.823	0.74592012167	5.97	4.401000	1.146000	0.676000	1.000000	1.000000	0.998000	464
P34S	0.07	0.06	0.00	0.25	0.15	0.07	0.16	0.22	0.12	0.0	0.979	0.903	-1.21	0.847	0.650812506676	5.97	4.401000	1.146000	0.676000	1.000000	1.000000	0.998000	464
E33A	0.06	0.05	0.00	0.25	0.15	0.07	0.16	0.03	0.12	0.0	0.998	0.966	-0.91	0.708	0.688821554184	5.97	3.518000	1.109000	0.665000	1.000000	1.000000	0.997000	464
E33Q	0.05	0.05	0.00	0.25	0.15	0.07	0.16	0.03	0.12	0.0	1.0	0.986	-0.45	0.555	0.67591637373	5.97	3.475000	1.000000	0.599000	1.000000	1.000000	0.996000	464
L28P	0.12	0.11	0.00	0.26	0.14	0.16	0.24	0.26	0.12	0.0	0.265	0.156	-1.06	0.832	0.757605016232	5.97	4.109000	1.278000	0.756000	1.000000	0.992000	0.909000	464
P25L	0.09	0.10	0.00	0.27	0.09	0.13	0.26	0.27	0.08	0.0	0.238	0.113	-1.51	0.844	0.740107774734	3.83	4.466000	1.073000	0.569000	1.000000	0.999000	0.983000	469
C24Y	0.09	0.10	0.02	0.25	0.09	0.17	0.44	0.31	0.08	0.0	0.998	0.942	-1.66	0.946	0.806558668613	3.83	3.525000	0.938000	0.505000	1.000000	1.000000	0.989000	469
E23D	0.09	0.10	0.00	0.25	0.09	0.14	0.24	0.26	0.09	0.0	0.979	0.628	-0.45	0.609	0.640200614929	2.76	0.449000	0.938000	0.505000	1.000000	1.000000	0.994000	469
L22S	0.11	0.10	0.01	0.25	0.12	0.19	0.27	0.24	0.08	0.0	0.979	0.702	-0.91	0.793	0.687942504883	3.83	4.168000	1.195000	0.634000	1.000000	1.000000	0.998000	469
I21V	0.09	0.11	0.00	0.24	0.10	0.12	0.28	0.25	0.09	0.093	0.66	0.145	-0.08	0.611	0.681939065456	2.75	0.892000	1.039000	0.559000	1.000000	1.000000	0.999000	469
I15T	0.14	0.12	0.00	0.18	0.14	0.05	0.24	0.05	0.08	0.001	0.026	0.019	-0.59	0.594	0.617529332638	3.83	4.168000	1.195000	0.634000	1.000000	0.993000	0.961000	469
V11G	0.25	0.10	0.00	0.27	0.22	0.05	0.23	0.05	0.10	0.0	0.998	0.852	-1.02	0.753	0.620903611183	3.83	4.168000	1.195000	0.634000	1.000000	0.999000	0.941000	469
L1844I	0.15	0.05	0.02	0.28	0.12	0.26	0.25	0.14	0.11	0.05	0.5	0.5	-2.5	SM	0.803	SM	SM	SM	SM	SM	SM	SM	SM
S588K	0.04	0.00	0.00	0.24	0.20	0.02	0.18	0.03	0.26	0.05	0.5	0.5	-2.5	SM	0.803	SM	SM	SM	SM	SM	SM	SM	SM
