0.06	0.05	0.00	0.29	0.25	0.04	0.29	0.01	0.22	0.314	0.013	0.005	-0.52	0.293	0.290465950966	-1.7	-0.631000	-0.243000	0.599000	0.011000	0.007000	0.090000	169
0.12	0.09	0.00	0.23	0.18	0.12	0.25	0.02	0.20	0.304	0.067	0.034	-0.36	0.121	0.278943479061	3.91	0.841000	0.795000	0.599000	0.101000	0.011000	0.007000	169
0.06	0.02	0.00	0.26	0.28	0.03	0.28	0.08	0.19	0.783	0.0	0.002	0.13	0.064	0.210736095905	-1.34	0.089000	0.138000	0.599000	0.000000	0.002000	0.362000	169
0.06	0.04	0.00	0.25	0.39	0.03	0.30	0.05	0.19	0.009	0.006	0.008	-0.41	0.142	0.319393485785	2.97	1.005000	0.324000	0.756000	0.001000	0.001000	0.244000	169
0.04	0.05	0.00	0.23	0.28	0.02	0.35	0.13	0.95	0.0	1.0	0.998	-3.06	0.372	0.442073553801	5.6	4.937000	1.026000	0.599000	1.000000	0.998000	0.996000	169
0.07	0.01	0.00	0.25	0.23	0.01	0.26	0.13	0.17	0.265	0.001	0.003	-0.92	0.139	0.380134433508	2.03	0.906000	1.138000	0.665000	1.000000	0.995000	0.988000	169
0.02	0.01	0.00	0.26	0.25	0.02	0.23	0.02	0.25	1.0	0.067	0.025	0.18	0.167	0.251247614622	2.12	2.134000	0.324000	0.756000	0.005000	0.060000	0.037000	169
0.01	0.00	0.00	0.26	0.44	0.02	0.16	0.09	0.17	0.104	0.0	0.001	-1.17	0.192	0.243112951517	4.25	1.090000	1.176000	0.676000	0.016000	0.022000	0.004000	169
0.00	0.00	0.00	0.26	0.26	0.02	0.22	0.01	0.11	0.038	0.003	0.002	-1.07	0.113	0.281304597855	-6.88	-0.944000	-0.102000	0.676000	0.000000	0.428000	0.888000	167
0.00	0.00	0.00	0.24	0.21	0.01	0.37	0.00	0.18	0.563	0.035	0.011	-0.25	0.089	0.265636086464	2.54	0.068000	1.022000	0.596000	0.000000	0.995000	0.996000	167
0.00	0.00	0.00	0.26	0.22	0.02	0.16	0.00	0.24	1.0	0.0	0.0	-0.11	0.144	0.224570989609	0.298	0.660000	0.879000	0.661000	0.025000	0.189000	0.856000	167
0.00	0.00	0.00	0.27	0.22	0.02	0.16	0.00	0.40	0.058	0.295	0.11	-0.92	0.158	0.25777938962	3.03	0.131000	0.083000	0.661000	0.309000	0.139000	0.679000	167
0.00	0.00	0.00	0.26	0.40	0.02	0.25	0.00	0.15	0.029	0.718	0.296	-1.24	0.104	0.333034932613	4.51	2.085000	0.111000	0.592000	0.735000	0.033000	0.478000	167
0.00	0.01	0.00	0.31	0.44	0.08	0.26	0.01	0.23	0.007	0.035	0.011	-1.73	0.094	0.230061486363	2.11	0.255000	0.195000	-0.153000	0.057000	0.009000	0.153000	165
0.00	0.00	0.00	0.26	0.27	0.05	0.25	0.01	0.19	0.118	0.001	0.002	-0.36	0.052	0.31511425972	2.99	0.719000	-0.180000	-0.157000	0.035000	0.003000	0.070000	165
0.00	0.00	0.00	0.26	0.52	0.04	0.16	0.00	0.23	0.058	0.164	0.06	-0.17	0.184	0.369605928659	2.43	3.664000	0.172000	0.756000	0.613000	0.011000	0.042000	165
0.01	0.01	0.00	0.29	0.23	0.06	0.12	0.01	0.15	0.483	0.001	0.001	-0.95	0.053	0.255622684956	-1.27	-0.040000	1.138000	0.665000	0.000000	0.216000	0.082000	165
0.00	0.00	0.00	0.25	0.25	0.05	0.12	0.00	0.19	0.441	0.039	0.01	-0.39	0.053	0.274591773748	2.67	0.013000	1.026000	0.599000	0.001000	0.041000	0.141000	165
0.00	0.00	0.00	0.25	0.34	0.05	0.11	0.00	0.20	0.045	0.44	0.086	-1.43	0.172	0.278851896524	0.827	0.191000	-0.044000	0.756000	0.000000	0.010000	0.147000	165
0.03	0.00	0.00	0.22	0.25	0.09	0.20	0.01	0.23	0.563	0.0	0.001	0.19	0.061	0.257423758507	2.18	0.075000	0.197000	0.665000	0.000000	0.202000	0.086000	165
0.25	0.07	0.00	0.25	0.26	0.07	0.36	0.07	0.18	0.227	1.0	0.998	-2.17	0.573	0.659416675568	4.66	4.385000	1.312000	0.691000	1.000000	1.000000	0.998000	139
0.27	0.07	0.00	0.27	0.19	0.12	0.37	0.09	0.18	0.041	0.031	0.019	-4.22	0.539	0.425871431828	4.77	2.466000	1.026000	0.549000	1.000000	0.822000	0.986000	139
0.20	0.27	0.14	0.26	0.19	0.15	0.29	0.39	0.17	0.005	1.0	0.999	-2.97	0.511	0.5797072649	5.74	5.053000	1.026000	0.549000	1.000000	0.999000	0.988000	139
0.14	0.15	0.01	0.28	0.19	0.07	0.29	0.11	0.12	0.207	0.629	0.192	-1.24	0.387	0.434328615665	5.63	3.579000	1.176000	0.676000	1.000000	1.000000	0.998000	64
0.14	0.08	0.00	0.25	0.22	0.07	0.22	0.04	0.12	0.0	0.974	0.807	-2.83	0.519	0.512748241425	4.66	7.476000	0.199000	-0.153000	1.000000	0.993000	0.990000	64
0.18	0.09	0.00	0.27	0.25	0.04	0.16	0.10	0.25	0.053	0.988	0.783	-1.87	0.295	0.45507594943	4.52	4.279000	1.138000	0.609000	1.000000	0.992000	0.967000	56
0.17	0.06	0.00	0.24	0.25	0.04	0.23	0.08	0.23	0.142	0.968	0.743	-1.26	0.307	0.382904350758	3.47	1.865000	1.138000	0.609000	1.000000	0.996000	0.957000	56
0.13	0.16	0.00	0.24	0.12	0.09	0.28	0.10	0.23	0.2	1.0	0.998	-1.9	0.711	0.618324518204	5.67	7.527000	1.138000	0.609000	1.000000	0.995000	0.923000	56
0.16	0.06	0.12	0.30	0.27	0.17	0.22	0.24	0.25	0.162	0.604	0.214	-3.84	0.280	0.363923668861	0.26	1.503000	1.026000	0.549000	0.961000	1.000000	0.997000	56
0.11	0.13	0.01	0.27	0.10	0.03	0.14	0.09	0.05	0.0	1.0	1.0	-7.67	0.741	0.72553807497	5.58	7.109000	1.008000	0.599000	1.000000	1.000000	1.000000	54
0.08	0.07	0.00	0.23	0.14	0.24	0.28	0.10	0.10	0.0	0.999	0.994	-3.53	0.680	0.664071679115	5.58	7.208000	1.118000	0.665000	1.000000	1.000000	0.998000	54
0.08	0.05	0.00	0.25	0.23	0.14	0.22	0.03	0.18	0.005	1.0	0.999	-7.37	0.663	0.470843166113	5.69	9.009000	1.155000	0.676000	1.000000	1.000000	0.999000	54
0.06	0.08	0.00	0.25	0.20	0.02	0.22	0.07	0.03	0.161	0.999	0.991	-0.76	0.337	0.398284345865	5.69	5.420000	1.008000	0.599000	1.000000	1.000000	0.998000	54
0.09	0.07	0.00	0.28	0.18	0.08	0.26	0.08	0.04	0.141	0.954	0.356	-2.65	0.164	0.484035223722	5.54	8.367000	1.312000	0.756000	1.000000	0.998000	0.986000	54
0.16	0.11	0.00	0.25	0.31	0.26	0.29	0.07	0.13	0.005	1.0	0.997	-4.69	0.478	0.647130310535	5.54	8.397000	1.312000	0.756000	1.000000	0.993000	0.982000	54
0.06	0.06	0.00	0.26	0.10	0.02	0.14	0.05	0.01	0.002	1.0	0.997	-8.54	0.568	0.732115864754	5.42	8.703000	1.176000	0.676000	1.000000	1.000000	0.999000	54
0.00	0.08	0.00	0.25	0.20	0.03	0.12	0.08	0.03	0.002	1.0	0.996	-11.18	0.618	0.696259319782	5.25	8.115000	1.312000	0.756000	1.000000	1.000000	1.000000	54
0.07	0.02	0.00	0.28	0.13	0.21	0.18	0.04	0.17	0.271	0.779	0.216	-1.77	0.342	0.277716606855	-2.62	0.711000	-0.068000	-0.116000	1.000000	0.943000	0.932000	54
0.01	0.02	0.00	0.26	0.12	0.04	0.07	0.01	0.14	0.049	1.0	0.987	-5.47	0.647	0.642166376114	5.37	1.071000	1.118000	0.665000	1.000000	1.000000	0.996000	49
0.00	0.02	0.00	0.26	0.09	0.03	0.07	0.00	0.12	0.258	0.905	0.369	-1.8	0.556	0.577105879784	5.37	4.907000	1.118000	0.665000	1.000000	1.000000	0.997000	49
0.03	0.01	0.00	0.28	0.29	0.30	0.09	0.01	0.27	0.339	0.0	0.001	-1.32	0.185	0.290139257908	-1.06	1.105000	-0.587000	-0.161000	0.001000	0.919000	0.836000	49
0.02	0.03	0.00	0.28	0.11	0.10	0.09	0.05	0.03	0.068	1.0	0.997	-3.74	0.461	0.41947978735	5.24	3.093000	1.155000	0.618000	1.000000	0.995000	0.998000	47
0.03	0.03	0.00	0.25	0.15	0.25	0.08	0.02	0.10	0.021	0.966	0.641	-1.06	0.329	0.46202865243	2.8	1.067000	1.118000	0.609000	1.000000	1.000000	0.998000	47
0.07	0.26	0.28	0.25	0.23	0.05	0.30	0.52	0.04	0.0	1.0	1.0	-4.73	0.824	0.746412277222	5.78	7.188000	1.138000	0.609000	1.000000	1.000000	0.998000	47
0.23	0.29	0.26	0.25	0.14	0.07	0.26	0.27	0.07	0.284	0.592	0.306	-0.48	0.156	0.519226312637	5.61	4.267000	1.138000	0.609000	1.000000	1.000000	1.000000	47
0.06	0.18	0.01	0.26	0.13	0.10	0.27	0.10	0.09	0.01	0.811	0.489	-0.32	0.187	0.364070624113	2.76	1.336000	-0.342000	-0.223000	1.000000	0.991000	0.997000	46
0.01	0.00	0.00	0.26	0.23	0.09	0.05	0.01	0.26	0.233	0.001	0.001	-0.88	0.078	0.282877743244	4.19	2.710000	1.138000	0.609000	1.000000	1.000000	0.998000	46
0.00	0.00	0.00	0.21	0.24	0.02	0.02	0.02	0.13	0.002	0.966	0.641	-2.38	0.232	0.33659952879	5.43	3.244000	1.176000	0.618000	1.000000	0.708000	0.340000	46
0.01	0.00	0.00	0.23	0.26	0.17	0.09	0.00	0.13	0.11	0.026	0.009	-1.45	0.141	0.395728498697	4.84	3.973000	1.155000	0.676000	1.000000	0.999000	0.995000	45
0.04	0.00	0.00	0.30	0.36	0.15	0.10	0.01	0.19	0.001	0.999	0.997	-3.39	0.380	0.602873444557	5.85	4.785000	1.008000	0.599000	1.000000	1.000000	0.999000	45
0.02	0.00	0.00	0.28	0.22	0.07	0.05	0.00	0.24	0.184	0.379	0.064	-1.12	0.044	0.373278051615	4.73	3.227000	1.029000	0.665000	1.000000	0.984000	0.993000	45
0.01	0.00	0.00	0.27	0.20	0.06	0.07	0.01	0.18	0.414	0.028	0.011	0.05	0.019	0.190898865461	1.67	2.036000	1.155000	0.676000	0.511000	0.683000	0.848000	42
0.00	0.00	0.00	0.26	0.28	0.08	0.05	0.15	0.08	0.118	0.013	0.007	-1.05	0.035	0.281884849072	-1.01	-0.690000	1.118000	0.665000	0.000000	0.618000	0.289000	42
0.26	0.11	0.08	0.25	0.13	0.16	0.31	0.08	0.15	0.0	1.0	0.995	-6.44	0.683	0.538607239723	5.09	8.303000	1.176000	0.676000	1.000000	0.995000	0.984000	41
0.27	0.03	0.01	0.25	0.30	0.16	0.33	0.12	0.03	0.0	0.96	0.924	-1.48	0.534	0.803	5.32	3.464000	1.138000	0.665000	0.999000	0.310000	0.307000	41
