# Variant	Relative_solvent_accessibility	Allosteric_site	Catalytic_site	Altered Secondary_structure	Altered Stability_and_conformational_flexibility	Altered Special_structural_signatures	Altered Macromolecular_binding	Altered Metal_binding	Altered PTM_site	SIFT_score	Polyphen2_HDIV_score	Polyphen2_HVAR_score	PROVEAN_score	REVEL_score	PrimateAI_score	GERP++_RS	phyloP100way_vertebrate	phyloP30way_mammalian	phyloP17way_primate	phastCons100way_vertebrate	phastCons30way_mammalian	phastCons17way_primate	bStatistic
E531Q	0.00	0.00	0.00	0.27	0.25	0.02	0.17	0.00	0.27	0.329	0.012	0.006	-0.37	0.046	0.378450959921	1.39	0.198000	-0.296000	-0.196000	0.000000	0.000000	0.253000	470
E524K	0.00	0.02	0.00	0.33	0.25	0.02	0.13	0.00	0.61	0.047	0.007	0.006	-0.99	0.061	0.497421115637	3.74	0.939000	1.015000	0.581000	0.693000	0.010000	0.233000	470
R523G	0.00	0.02	0.00	0.27	0.27	0.03	0.07	0.00	0.24	0.309	0.035	0.022	-1.76	0.072	0.264244556427	3.73	1.512000	1.162000	0.655000	0.008000	0.266000	0.334000	470
T476R	0.08	0.19	0.02	0.26	0.23	0.04	0.20	0.03	0.23	0.001	1.0	0.998	-4.71	0.510	0.507276833057	4.43	3.149000	1.170000	0.676000	0.999000	0.956000	0.990000	460
R474S	0.09	0.21	0.02	0.26	0.20	0.05	0.26	0.13	0.26	0.0	1.0	1.0	-5.56	0.906	0.453289210796	4.43	3.156000	1.175000	0.676000	0.999000	0.946000	0.991000	460
D470H	0.08	0.18	0.02	0.25	0.15	0.08	0.23	0.24	0.22	0.003	1.0	0.997	-4.44	0.558	0.588036715984	5.46	5.572000	1.025000	0.599000	1.000000	0.996000	0.998000	460
V469A	0.12	0.19	0.02	0.26	0.16	0.08	0.23	0.09	0.23	0.003	1.0	0.995	-3.57	0.462	0.561192631721	5.46	6.545000	1.311000	0.756000	1.000000	0.986000	0.998000	460
V468I	0.12	0.08	0.00	0.26	0.14	0.08	0.25	0.09	0.22	0.166	0.0	0.002	-0.84	0.035	0.255580604076	3.22	1.709000	0.124000	0.599000	1.000000	0.951000	0.996000	460
G423E	0.08	0.12	0.03	0.27	0.23	0.29	0.34	0.11	0.05	0.001	1.0	1.0	-7.16	0.685	0.714080810547	4.79	6.264000	1.025000	0.598000	1.000000	0.998000	0.996000	459
L421H	0.08	0.12	0.04	0.31	0.25	0.28	0.36	0.29	0.01	0.0	1.0	1.0	-6.47	0.822	0.735114991665	5.81	7.382000	1.311000	0.754000	1.000000	1.000000	0.999000	459
L421F	0.06	0.12	0.03	0.31	0.16	0.25	0.29	0.08	0.01	0.0	1.0	1.0	-3.7	0.502	0.658690929413	5.81	4.525000	1.175000	0.675000	1.000000	1.000000	1.000000	459
F418L	0.07	0.08	0.03	0.31	0.12	0.14	0.26	0.08	0.01	0.007	0.998	0.974	-4.82	0.719	0.76974773407	5.73	8.082000	1.312000	0.756000	1.000000	1.000000	1.000000	459
W411G	0.06	0.34	0.04	0.27	0.14	0.04	0.25	0.24	0.19	0.0	1.0	1.0	-12.5	0.802	0.759854197502	5.73	8.082000	1.312000	0.756000	1.000000	1.000000	0.999000	459
D409N	0.06	0.28	0.03	0.27	0.11	0.04	0.25	0.30	0.18	0.0	1.0	1.0	-4.81	0.863	0.780949473381	5.73	6.848000	1.026000	0.599000	1.000000	1.000000	0.996000	459
G386E	0.11	0.20	0.12	0.26	0.13	0.24	0.26	0.53	0.16	0.0	1.0	0.999	-7.67	0.796	0.848462641239	5.89	6.848000	1.026000	0.599000	1.000000	0.998000	0.992000	459
M381L	0.18	0.09	0.08	0.26	0.14	0.25	0.23	0.22	0.16	0.087	0.109	0.102	-2.31	0.257	0.77344763279	5.89	5.156000	1.138000	0.665000	1.000000	1.000000	1.000000	459
G370E	0.11	0.22	0.07	0.28	0.17	0.11	0.23	0.25	0.16	0.003	1.0	1.0	-6.76	0.856	0.79744976759	5.89	5.095000	1.026000	0.599000	1.000000	1.000000	0.958000	459
D361H	0.28	0.09	0.00	0.25	0.22	0.04	0.27	0.66	0.10	0.12	0.759	0.607	-1.38	0.076	0.535643398762	3.53	1.928000	0.985000	0.581000	1.000000	1.000000	0.993000	457
E351A	0.10	0.22	0.22	0.26	0.22	0.04	0.25	0.52	0.07	0.0	1.0	0.997	-5.6	0.625	0.767402052879	5.65	6.288000	1.122000	0.645000	1.000000	1.000000	0.993000	457
L348S	0.06	0.24	0.21	0.26	0.38	0.05	0.23	0.41	0.17	0.0	1.0	1.0	-5.59	0.783	0.751147031784	5.65	7.314000	1.292000	0.733000	1.000000	1.000000	0.997000	457
I344M	0.06	0.28	0.24	0.25	0.18	0.05	0.20	0.23	0.08	0.061	0.99	0.984	-1.04	0.319	0.791565537453	2.25	0.999000	1.122000	0.645000	1.000000	1.000000	0.998000	457
I343T	0.07	0.29	0.10	0.25	0.17	0.05	0.20	0.25	0.05	0.001	1.0	0.999	-4.65	0.892	0.907018661499	5.65	7.314000	1.292000	0.733000	1.000000	0.997000	0.997000	457
K325E	0.08	0.12	0.00	0.22	0.16	0.03	0.27	0.18	0.33	0.024	0.986	0.947	-3.52	0.530	0.798319876194	5.67	6.761000	1.071000	0.665000	1.000000	0.999000	0.986000	456
A294G	0.27	0.06	0.00	0.23	0.17	0.17	0.29	0.17	0.15	0.021	0.023	0.035	-1.95	0.129	0.597506165504	4.4	4.411000	1.166000	0.665000	1.000000	0.998000	0.999000	453
K287M	0.08	0.23	0.03	0.26	0.11	0.03	0.33	0.33	0.13	0.011	0.976	0.817	-3.57	0.344	0.653945565224	5.43	5.851000	1.129000	0.654000	1.000000	1.000000	1.000000	453
G229V	0.25	0.12	0.02	0.25	0.20	0.06	0.23	0.26	0.19	0.0	1.0	1.0	-8.7	0.940	0.733091056347	5.16	4.790000	1.026000	0.549000	1.000000	0.974000	0.922000	452
G229S	0.34	0.11	0.03	0.25	0.18	0.07	0.24	0.26	0.19	0.0	1.0	1.0	-5.8	0.924	0.720451712608	5.16	4.790000	1.026000	0.549000	1.000000	0.948000	0.906000	452
M222T	0.31	0.20	0.02	0.26	0.22	0.20	0.21	0.27	0.19	0.121	0.003	0.067	-2.91	0.174	0.679564237595	5.51	6.920000	1.308000	0.756000	1.000000	1.000000	1.000000	445
E188G	0.13	0.06	0.02	0.26	0.26	0.05	0.20	0.16	0.12	0.021	0.982	0.949	-5.11	0.741	0.536934018135	5.87	3.962000	1.138000	0.609000	1.000000	1.000000	0.999000	436
N186I	0.13	0.06	0.02	0.27	0.31	0.06	0.33	0.16	0.11	0.0	1.0	0.996	-7.96	0.808	0.591281294823	5.73	5.727000	1.138000	0.609000	1.000000	1.000000	0.995000	436
G176E	0.19	0.15	0.05	0.25	0.26	0.07	0.33	0.10	0.15	0.002	1.0	1.0	-7.41	0.838	0.624797821045	5.71	5.649000	1.026000	0.549000	1.000000	1.000000	0.997000	436
V175A	0.18	0.14	0.04	0.25	0.28	0.09	0.29	0.10	0.15	0.003	0.775	0.689	-3.62	0.761	0.461193710566	5.71	6.646000	1.312000	0.691000	0.998000	1.000000	0.998000	436
T172A	0.16	0.15	0.18	0.25	0.20	0.06	0.25	0.14	0.11	0.214	0.004	0.027	0.57	0.222	0.317690372467	4.77	2.959000	1.138000	0.609000	1.000000	0.991000	0.995000	436
G165D	0.13	0.20	0.20	0.26	0.21	0.07	0.30	0.33	0.05	0.128	0.814	0.407	-1.74	0.524	0.72994863987	5.87	1.282000	1.026000	0.549000	0.859000	1.000000	0.996000	436
I160R	0.10	0.16	0.16	0.25	0.22	0.06	0.33	0.34	0.23	0.001	0.997	0.981	-5.44	0.914	0.67637360096	5.87	6.650000	1.312000	0.691000	1.000000	0.997000	0.996000	436
N154K	0.15	0.06	0.00	0.25	0.21	0.08	0.34	0.08	0.21	0.028	0.918	0.701	-2.28	0.571	0.717995762825	2.69	1.635000	0.245000	0.618000	1.000000	0.999000	0.996000	436
P128L	0.05	0.11	0.00	0.27	0.20	0.20	0.15	0.09	0.15	0.104	0.003	0.021	-3.77	0.390	0.418337166309	3.74	3.243000	1.176000	0.618000	0.999000	0.998000	0.994000	436
S120N	0.07	0.27	0.16	0.25	0.17	0.22	0.20	0.31	0.10	0.238	0.003	0.013	-0.38	0.257	0.394794821739	3.79	1.923000	1.026000	0.549000	1.000000	1.000000	0.995000	436
G116A	0.07	0.26	0.16	0.24	0.17	0.25	0.19	0.27	0.09	0.0	1.0	1.0	-5.45	0.922	0.530045628548	5.87	6.033000	1.026000	0.549000	1.000000	0.999000	0.998000	436
G116E	0.07	0.27	0.17	0.25	0.17	0.24	0.19	0.28	0.08	0.0	1.0	1.0	-7.21	0.938	0.598414480686	5.87	6.033000	1.026000	0.549000	1.000000	0.999000	0.998000	436
Y113C	0.05	0.26	0.18	0.26	0.16	0.22	0.21	0.14	0.08	0.0	1.0	0.996	-7.46	0.867	0.600734353065	5.71	3.462000	1.138000	0.609000	1.000000	0.999000	0.997000	436
N110D	0.05	0.07	0.00	0.28	0.13	0.12	0.18	0.11	0.07	0.636	0.0	0.001	-0.14	0.180	0.526728272438	3.37	1.189000	1.138000	0.609000	0.996000	0.921000	0.916000	436
N105K	0.05	0.01	0.00	0.26	0.12	0.05	0.14	0.07	0.08	0.169	0.893	0.351	-1.78	0.502	0.675737559795	2.78	0.651000	1.292000	0.733000	1.000000	1.000000	0.997000	436
A94T	0.00	0.02	0.00	0.25	0.26	0.10	0.07	0.01	0.13	0.004	0.59	0.345	-2.05	0.522	0.49618023634	5.42	5.013000	1.011000	0.581000	1.000000	0.997000	0.924000	436
S67Y	0.00	0.00	0.00	0.23	0.15	0.02	0.47	0.00	0.36	0.088	0.947	0.556	-1.83	0.215	0.673393011093	5.42	6.348000	1.158000	0.656000	1.000000	1.000000	1.000000	436
A9T	0.00	0.00	0.00	0.25	0.21	0.01	0.11	0.01	0.11	0.109	0.005	0.007	-0.32	0.059	0.294363617897	-5.21	-1.574000	-0.336000	0.581000	0.000000	0.142000	0.973000	436
R3Q	0.01	0.00	0.00	0.26	0.20	0.02	0.14	0.02	0.12	0.092	0.001	0.001	-0.37	0.050	0.30468416214	1.14	0.241000	0.862000	0.581000	0.282000	0.968000	0.988000	436
