# Variant	Relative_solvent_accessibility	Allosteric_site	Catalytic_site	Altered Secondary_structure	Altered Stability_and_conformational_flexibility	Altered Special_structural_signatures	Altered Macromolecular_binding	Altered Metal_binding	Altered PTM_site	SIFT_score	Polyphen2_HDIV_score	Polyphen2_HVAR_score	PROVEAN_score	REVEL_score	PrimateAI_score	GERP++_RS	phyloP100way_vertebrate	phyloP30way_mammalian	phyloP17way_primate	phastCons100way_vertebrate	phastCons30way_mammalian	phastCons17way_primate	bStatistic
R1425C	0.10	0.04	0.00	0.27	0.34	0.04	0.11	0.14	0.18	0.2	0.033	0.002	0.08	0.094	0.256954580545	-3.23	0.313000	-0.303000	-0.106000	0.000000	0.000000	0.010000	698
T1328A	0.11	0.08	0.00	0.28	0.15	0.05	0.19	0.03	0.07	0.438	0.005	0.003	-0.85	0.202	0.300041258335	-1.66	-0.994000	-0.779000	-0.278000	0.000000	0.001000	0.003000	698
P1324L	0.11	0.20	0.00	0.30	0.16	0.03	0.19	0.03	0.11	0.004	0.999	0.829	-4.43	0.714	0.362783849239	5.25	5.483000	1.146000	0.676000	1.000000	0.006000	0.004000	698
R1317Q	0.06	0.21	0.00	0.28	0.15	0.03	0.15	0.02	0.14	0.46	0.001	0.001	-0.05	0.155	0.195955380797	-1.73	-2.415000	-0.375000	-1.021000	0.000000	0.001000	0.001000	698
S1301T	0.03	0.12	0.00	0.25	0.16	0.09	0.24	0.01	0.09	0.386	0.045	0.047	-1.18	0.321	0.323662996292	-10.7	-0.884000	-0.496000	-0.619000	0.000000	0.007000	0.077000	698
R1184P	0.00	0.06	0.00	0.31	0.16	0.03	0.21	0.09	0.08	0.01	0.8	0.397	-2.23	0.667	0.225343585014	-1.96	0.005000	-1.373000	-0.901000	0.972000	0.001000	0.011000	689
D953E	0.06	0.09	0.00	0.25	0.26	0.05	0.24	0.09	0.05	0.465	0.015	0.017	-1.18	0.156	0.344306349754	2.05	0.921000	1.108000	0.676000	1.000000	0.931000	0.272000	671
G809D	0.00	0.01	0.00	0.35	0.27	0.03	0.08	0.01	0.02	0.528	0.0	0.0	-0.03	0.198	0.367933541536	-0.167	0.077000	-0.793000	-0.987000	0.000000	0.000000	0.000000	671
P643A	0.02	0.01	0.00	0.27	0.22	0.04	0.08	0.01	0.13	0.453	0.001	0.001	-2.45	0.233	0.284790158272	-2.44	0.074000	-0.875000	-0.103000	0.000000	0.000000	0.065000	650
I525V	0.16	0.12	0.00	0.25	0.13	0.07	0.30	0.05	0.14	0.322	0.01	0.007	-0.26	0.216	0.204525798559	-11.2	-1.369000	-0.779000	-0.123000	0.000000	0.048000	0.985000	616
G501S	0.08	0.12	0.00	0.26	0.17	0.08	0.23	0.01	0.13	1.0	0.0	0.0	1.48	0.261	0.274679839611	-4.64	-0.965000	-1.898000	-1.443000	0.000000	0.001000	0.001000	616
A412V	0.09	0.05	0.00	0.04	0.11	0.25	0.15	0.01	0.15	0.089	0.952	0.349	-2.3	0.348	0.272733151913	5.13	4.091000	1.146000	0.676000	0.998000	0.011000	0.018000	596
T266A	0.05	0.06	0.00	0.25	0.20	0.05	0.11	0.01	0.12	1.0	0.0	0.0	1.66	0.084	0.424022316933	1.85	0.671000	0.072000	-0.171000	0.056000	0.002000	0.024000	588
D14G	0.02	0.03	0.00	0.32	0.27	0.05	0.27	0.04	0.17	0.812	0.0	0.0	1.29	0.094	0.644447684288	-0.652	0.439000	0.040000	-0.307000	0.000000	0.000000	0.000000	588
V6D	0.09	0.02	0.00	0.28	0.22	0.11	0.33	0.05	0.13	0.043	0.072	0.021	-0.45	0.163	0.715884923935	-2.07	-0.160000	0.126000	-0.353000	0.000000	0.000000	0.000000	588
