# Variant	Relative_solvent_accessibility	Allosteric_site	Catalytic_site	Altered Secondary_structure	Altered Stability_and_conformational_flexibility	Altered Special_structural_signatures	Altered Macromolecular_binding	Altered Metal_binding	Altered PTM_site	SIFT_score	Polyphen2_HDIV_score	Polyphen2_HVAR_score	PROVEAN_score	REVEL_score	PrimateAI_score	GERP++_RS	phyloP100way_vertebrate	phyloP30way_mammalian	phyloP17way_primate	phastCons100way_vertebrate	phastCons30way_mammalian	phastCons17way_primate	bStatistic
V651E	0.01	0.00	0.00	0.27	0.37	0.11	0.33	0.02	0.29	0.387	0.0	0.0	0.8	0.128	0.233441695571	-8.69	-1.345000	-1.370000	-1.887000	0.000000	0.702000	0.598000	898
R628K	0.01	0.00	0.00	0.26	0.23	0.10	0.30	0.01	0.30	0.241	0.001	0.004	0.1	0.260	0.466938793659	5.69	1.824000	1.026000	0.599000	0.956000	0.987000	0.985000	897
S615P	0.00	0.00	0.00	0.25	0.16	0.08	0.28	0.01	0.55	0.069	0.167	0.039	-0.67	0.063	0.372547864914	2.9	1.936000	0.315000	0.750000	0.941000	0.730000	0.980000	897
G573V	0.03	0.00	0.00	0.39	0.32	0.15	0.26	0.03	0.38	0.034	0.995	0.878	-4.13	0.398	0.480671703815	5.16	1.355000	0.103000	0.599000	0.966000	0.100000	0.987000	897
D559G	0.01	0.00	0.00	0.25	0.27	0.05	0.30	0.02	0.19	0.062	0.908	0.437	-1.7	0.377	0.43186634779	4.56	2.004000	1.138000	0.665000	1.000000	0.982000	0.998000	897
E500V	0.00	0.00	0.00	0.22	0.20	0.02	0.20	0.01	0.26	0.005	0.922	0.611	-3.87	0.586	0.614281415939	5.8	7.953000	1.138000	0.609000	1.000000	0.881000	0.640000	898
L493R	0.01	0.00	0.00	0.25	0.20	0.05	0.31	0.02	0.24	0.471	0.134	0.096	-0.12	0.152	0.465095996857	4.57	1.475000	1.312000	0.756000	0.011000	0.979000	0.898000	898
L473S	0.10	0.02	0.00	0.22	0.40	0.08	0.28	0.05	0.30	0.002	1.0	0.983	-4.26	0.794	0.894213080406	5.8	9.249000	1.312000	0.691000	1.000000	0.998000	0.980000	898
K420T	0.08	0.01	0.00	0.25	0.22	0.27	0.23	0.01	0.72	0.097	0.428	0.383	-1.82	0.145	0.396272689104	3.26	0.917000	0.197000	0.609000	0.952000	0.994000	0.997000	898
H401R	0.02	0.06	0.00	0.24	0.27	0.28	0.29	0.07	0.14	0.338	0.0	0.003	0.56	0.136	0.301635682583	1.03	0.219000	0.202000	-0.123000	0.033000	0.990000	0.977000	900
S377G	0.02	0.10	0.00	0.25	0.17	0.08	0.16	0.01	0.11	0.008	0.009	0.019	-1.79	0.332	0.290201187134	4.97	5.933000	1.138000	0.609000	1.000000	0.993000	0.992000	900
R364G	0.01	0.06	0.00	0.31	0.27	0.07	0.06	0.02	0.24	0.001	0.998	0.975	-6.62	0.855	0.59588521719	5.07	3.000000	1.176000	0.676000	1.000000	0.998000	0.988000	883
Q218R	0.03	0.20	0.05	0.25	0.25	0.15	0.16	0.20	0.12	0.0	1.0	1.0	-3.92	0.937	0.774347960949	5.32	7.348000	1.126000	0.609000	1.000000	1.000000	0.999000	877
Y179H	0.11	0.13	0.09	0.25	0.15	0.26	0.20	0.13	0.19	0.0	0.723	0.587	-4.77	0.805	0.889492273331	5.54	9.236000	1.301000	0.677000	1.000000	0.916000	0.866000	877
D163A	0.20	0.01	0.00	0.25	0.16	0.41	0.17	0.06	0.11	0.177	0.529	0.107	-2.35	0.403	0.566222429276	5.54	6.208000	1.129000	0.597000	1.000000	0.997000	0.937000	877
R87W	0.01	0.07	0.00	0.32	0.15	0.03	0.19	0.03	0.12	0.001	1.0	0.999	-5.84	0.606	0.573528707027	4.6	3.449000	0.218000	-0.174000	1.000000	0.998000	0.992000	872
E77K	0.04	0.19	0.00	0.26	0.11	0.03	0.18	0.04	0.11	0.41	0.007	0.013	-1.24	0.302	0.702019274235	5.51	3.986000	1.026000	0.549000	0.999000	0.948000	0.995000	872
D41H	0.23	0.10	0.00	0.09	0.11	0.04	0.20	0.27	0.09	0.493	0.981	0.81	-2.5	0.600	0.416451096535	2.56	0.685000	-0.233000	-0.193000	0.161000	0.585000	0.984000	872
T36M	0.22	0.10	0.00	0.25	0.15	0.04	0.19	0.18	0.10	0.0	1.0	0.981	-2.88	0.753	0.618098914623	4.46	7.148000	1.176000	0.676000	1.000000	0.979000	0.939000	872
