# Variant	Relative_solvent_accessibility	Allosteric_site	Catalytic_site	Altered Secondary_structure	Altered Stability_and_conformational_flexibility	Altered Special_structural_signatures	Altered Macromolecular_binding	Altered Metal_binding	Altered PTM_site	SIFT_score	Polyphen2_HDIV_score	Polyphen2_HVAR_score	PROVEAN_score	REVEL_score	PrimateAI_score	GERP++_RS	phyloP100way_vertebrate	phyloP30way_mammalian	phyloP17way_primate	phastCons100way_vertebrate	phastCons30way_mammalian	phastCons17way_primate	bStatistic
N747S	0.12	0.07	0.00	0.25	0.32	0.12	0.23	0.06	0.29	0.009	0.958	0.549	-1.75	0.115	0.528711855412	5.67	4.819000	1.138000	0.609000	1.000000	1.000000	0.997000	918
A713G	0.13	0.21	0.01	0.26	0.24	0.51	0.25	0.25	0.13	0.094	0.996	0.934	-1.57	0.271	0.343624293804	5.91	3.314000	1.176000	0.676000	0.824000	1.000000	1.000000	919
P700T	0.25	0.17	0.02	0.26	0.19	0.07	0.24	0.20	0.26	0.003	1.0	1.0	-5.63	0.699	0.647703409195	5.91	6.604000	1.176000	0.676000	1.000000	1.000000	0.998000	919
Q644K	0.00	0.00	0.00	0.26	0.27	0.02	0.20	0.00	0.22	0.325	0.112	0.069	-0.85	0.007	0.334556609392	2.88	1.229000	-0.160000	-0.106000	0.034000	0.021000	0.002000	919
I614M	0.02	0.00	0.00	0.27	0.24	0.02	0.16	0.02	0.28	0.085	0.001	0.002	-0.25	0.022	0.406535148621	-1.86	-0.021000	-0.304000	-0.119000	0.003000	0.074000	0.487000	916
T599R	0.02	0.00	0.00	0.25	0.16	0.02	0.29	0.02	0.45	0.899	0.001	0.002	-0.3	0.070	0.351633757353	3.25	0.268000	0.105000	0.676000	0.001000	0.693000	0.852000	916
N588S	0.00	0.01	0.00	0.25	0.21	0.06	0.27	0.01	0.25	0.345	0.0	0.004	-0.05	0.029	0.315737903118	0.0511	-0.539000	-1.431000	-0.121000	0.000000	0.814000	0.993000	916
T570A	0.00	0.00	0.00	0.27	0.21	0.54	0.26	0.00	0.66	0.32	0.209	0.053	-1.23	0.023	0.316223621368	-0.382	-0.050000	-0.210000	-0.666000	0.000000	0.841000	0.867000	916
I558V	0.00	0.00	0.00	0.26	0.18	0.29	0.41	0.02	0.11	0.52	0.003	0.001	-0.01	0.025	0.292424321175	-0.493	-0.536000	0.142000	-0.115000	0.001000	0.958000	0.457000	916
A541G	0.00	0.00	0.00	0.27	0.23	0.19	0.27	0.01	0.27	0.106	0.0	0.0	-0.92	0.022	0.278351515532	2.11	0.964000	1.083000	0.676000	0.009000	0.005000	0.013000	916
V532M	0.00	0.00	0.00	0.25	0.21	0.54	0.31	0.01	0.29	0.155	0.087	0.008	-0.23	0.024	0.316224306822	0.165	-0.143000	-0.290000	0.599000	0.001000	0.007000	0.188000	916
I531V	0.00	0.00	0.00	0.25	0.20	0.11	0.40	0.02	0.25	0.557	0.0	0.0	0.02	0.068	0.24911916256	2.92	0.494000	0.146000	-0.109000	0.000000	0.001000	0.006000	916
T524A	0.01	0.00	0.00	0.25	0.21	0.10	0.27	0.02	0.42	0.749	0.001	0.001	-0.46	0.026	0.286692142487	-7.29	-0.878000	0.139000	0.665000	0.000000	0.021000	0.562000	916
N503K	0.00	0.00	0.00	0.27	0.22	0.02	0.16	0.01	0.51	0.033	0.835	0.211	-1.3	0.033	0.343648731709	-2.21	0.023000	0.248000	0.756000	0.001000	0.709000	0.457000	916
R482G	0.00	0.00	0.00	0.33	0.18	0.01	0.18	0.00	0.25	0.002	0.999	0.942	-3.15	0.173	0.391217321157	2.92	3.973000	0.117000	-0.157000	1.000000	0.981000	0.986000	916
S438I	0.00	0.00	0.00	0.24	0.22	0.02	0.51	0.00	0.45	0.048	0.143	0.013	-1.47	0.026	0.225781053305	-1.74	-0.152000	-1.541000	-1.786000	0.000000	0.000000	0.000000	910
N419D	0.00	0.00	0.00	0.25	0.21	0.06	0.29	0.01	0.34	0.215	0.0	0.001	-0.62	0.009	0.291011869907	-4.22	-1.554000	-0.584000	-0.693000	0.000000	0.006000	0.004000	909
S410R	0.00	0.00	0.00	0.29	0.27	0.02	0.14	0.01	0.39	0.031	0.907	0.398	-2.02	0.051	0.288967072964	-0.479	0.467000	-0.142000	-0.113000	0.004000	0.028000	0.305000	909
Q398R	0.00	0.00	0.00	0.23	0.16	0.02	0.27	0.00	0.27	0.286	0.03	0.018	-1.06	0.024	0.253761947155	1.62	0.971000	1.118000	0.665000	0.985000	0.804000	0.124000	909
S378T	0.00	0.00	0.00	0.25	0.30	0.06	0.17	0.01	0.22	0.275	0.298	0.036	-1.02	0.068	0.398273736238	3.61	0.689000	1.008000	0.599000	0.990000	0.999000	0.994000	908
S355G	0.00	0.00	0.00	0.25	0.36	0.06	0.14	0.01	0.18	0.17	0.003	0.004	-0.73	0.027	0.256876796484	-2.56	-0.316000	0.197000	0.665000	0.000000	0.164000	0.009000	889
P338S	0.00	0.00	0.00	0.25	0.24	0.02	0.06	0.00	0.32	0.211	0.03	0.004	-1.99	0.037	0.296505957842	3.91	0.515000	1.176000	0.676000	0.001000	1.000000	0.995000	889
C323Y	0.02	0.04	0.00	0.27	0.22	0.04	0.23	0.06	0.19	0.0	1.0	0.998	-9.13	0.762	0.668090045452	5.55	4.958000	1.018000	0.589000	1.000000	0.998000	0.993000	896
L312F	0.02	0.05	0.01	0.27	0.16	0.02	0.12	0.02	0.05	0.0	0.997	0.965	-2.95	0.315	0.508639991283	3.73	1.313000	1.018000	0.589000	1.000000	0.995000	0.940000	896
L312S	0.03	0.04	0.01	0.28	0.16	0.02	0.12	0.02	0.06	0.0	0.998	0.97	-4.78	0.540	0.536062300205	5.55	5.876000	1.301000	0.743000	1.000000	0.998000	0.957000	896
A308G	0.03	0.07	0.01	0.23	0.21	0.04	0.11	0.05	0.13	0.009	0.409	0.314	-2.12	0.164	0.415174484253	5.55	6.304000	1.166000	0.665000	1.000000	1.000000	0.999000	896
G274R	0.04	0.02	0.00	0.25	0.18	0.15	0.07	0.09	0.30	0.005	1.0	0.994	-3.47	0.308	0.5728328228	5.6	3.454000	1.026000	0.599000	0.995000	0.970000	0.517000	893
S207I	0.03	0.00	0.00	0.26	0.47	0.06	0.11	0.02	0.23	0.196	0.101	0.031	-2.38	0.071	0.345392405987	-6.17	-0.080000	-0.255000	-0.176000	0.773000	0.994000	0.906000	893
P170L	0.05	0.02	0.00	0.29	0.12	0.03	0.14	0.04	0.16	0.0	1.0	1.0	-8.37	0.534	0.60156840086	5.96	7.422000	1.176000	0.676000	1.000000	1.000000	0.999000	892
I162M	0.00	0.02	0.00	0.23	0.09	0.02	0.11	0.02	0.07	0.0	1.0	0.999	-2.2	0.462	0.616663575172	1.73	0.484000	0.204000	-0.113000	1.000000	1.000000	0.995000	892
P112R	0.00	0.02	0.00	0.26	0.12	0.07	0.12	0.01	0.19	0.004	1.0	0.992	-5.43	0.408	0.492934882641	4.87	4.507000	1.176000	0.618000	1.000000	1.000000	0.982000	896
I108T	0.00	0.01	0.00	0.26	0.24	0.08	0.12	0.01	0.15	0.001	0.339	0.055	-2.63	0.301	0.330955922604	4.6	5.361000	1.312000	0.691000	1.000000	0.989000	0.964000	896
S72F	0.05	0.01	0.00	0.26	0.22	0.26	0.15	0.04	0.19	0.0	1.0	1.0	-5.36	0.866	0.507360458374	5.82	7.224000	1.155000	0.618000	1.000000	1.000000	0.998000	896
L4R	0.05	0.02	0.02	0.28	0.41	0.15	0.15	0.09	0.10	0.0	1.0	0.999	-3.54	0.440	0.736810803413	3.72	4.305000	1.312000	0.691000	0.995000	0.935000	0.107000	900
L4P	0.06	0.04	0.04	0.26	0.51	0.15	0.15	0.10	0.08	0.0	1.0	0.999	-3.92	0.462	0.757500171661	3.72	4.305000	1.312000	0.691000	0.995000	0.935000	0.107000	900
