# Variant	Relative_solvent_accessibility	Allosteric_site	Catalytic_site	Altered Secondary_structure	Altered Stability_and_conformational_flexibility	Altered Special_structural_signatures	Altered Macromolecular_binding	Altered Metal_binding	Altered PTM_site	SIFT_score	Polyphen2_HDIV_score	Polyphen2_HVAR_score	PROVEAN_score	REVEL_score	PrimateAI_score	GERP++_RS	phyloP100way_vertebrate	phyloP30way_mammalian	phyloP17way_primate	phastCons100way_vertebrate	phastCons30way_mammalian	phastCons17way_primate	bStatistic
G1174R	0.12	0.10	0.02	0.27	0.21	0.30	0.31	0.23	0.11	0.0	1.0	1.0	-7.0	0.428	0.704204678535	5.9	4.918000	1.026000	0.599000	1.000000	1.000000	0.999000	368
S1169C	0.13	0.15	0.03	0.26	0.19	0.30	0.26	0.31	0.04	0.024	1.0	0.997	-3.93	0.173	0.385395109653	5.9	3.574000	0.222000	-0.111000	1.000000	0.998000	0.992000	368
W1164C	0.06	0.14	0.03	0.25	0.18	0.26	0.41	0.17	0.04	0.0	1.0	1.0	-10.81	0.431	0.640000641346	5.9	4.918000	1.026000	0.599000	1.000000	1.000000	0.996000	368
W1159L	0.04	0.13	0.03	0.26	0.16	0.22	0.38	0.05	0.18	0.006	1.0	1.0	-10.76	0.368	0.549755573273	5.77	4.918000	1.026000	0.599000	1.000000	0.995000	0.979000	368
W1159R	0.05	0.13	0.03	0.26	0.23	0.23	0.36	0.05	0.16	0.002	1.0	1.0	-11.6	0.498	0.578454077244	5.77	5.805000	1.312000	0.756000	1.000000	0.989000	0.969000	368
L1150F	0.12	0.03	0.00	0.28	0.16	0.20	0.21	0.06	0.03	0.011	0.166	0.04	-3.12	0.051	0.32739046216	2.57	1.087000	0.227000	-0.135000	0.899000	0.892000	0.426000	368
I1131T	0.16	0.04	0.00	0.25	0.37	0.12	0.24	0.20	0.05	0.018	0.603	0.825	-2.61	0.221	0.346921145916	5.59	5.838000	1.312000	0.756000	0.988000	0.994000	0.996000	368
F1071L	0.02	0.05	0.01	0.27	0.13	0.02	0.19	0.05	0.04	0.01	1.0	0.997	-4.95	0.291	0.619020700455	6.14	6.169000	1.312000	0.756000	1.000000	0.999000	0.938000	381
L1070P	0.02	0.05	0.01	0.27	0.16	0.04	0.19	0.02	0.04	0.0	1.0	1.0	-5.83	0.466	0.632920026779	6.14	6.169000	1.312000	0.756000	1.000000	1.000000	0.943000	381
G1068A	0.02	0.05	0.01	0.27	0.13	0.06	0.26	0.02	0.04	0.012	1.0	1.0	-4.81	0.400	0.560599327087	6.14	5.216000	1.026000	0.599000	1.000000	0.997000	0.966000	381
I1035F	0.06	0.23	0.02	0.23	0.10	0.19	0.25	0.08	0.01	0.004	0.996	0.848	-3.43	0.178	0.435796320438	0.225	-1.209000	1.138000	0.665000	0.000000	1.000000	0.998000	394
M1032I	0.06	0.06	0.02	0.23	0.11	0.23	0.19	0.08	0.02	0.166	0.144	0.036	-1.79	0.070	0.428979486227	4.3	2.300000	1.026000	0.599000	0.997000	0.946000	0.989000	394
F1016S	0.14	0.03	0.00	0.26	0.19	0.20	0.18	0.01	0.04	0.02	1.0	1.0	-6.72	0.563	0.575046956539	5.31	5.627000	1.312000	0.756000	1.000000	1.000000	0.992000	394
P1008L	0.03	0.02	0.00	0.29	0.28	0.04	0.14	0.01	0.04	0.005	0.997	0.889	-6.46	0.192	0.329429298639	4.35	4.414000	1.176000	0.676000	1.000000	0.985000	0.995000	394
G964R	0.02	0.01	0.00	0.29	0.23	0.02	0.24	0.00	0.17	0.003	1.0	1.0	-6.72	0.338	0.588258683681	5.93	4.745000	0.966000	0.530000	1.000000	1.000000	0.961000	394
L961P	0.02	0.01	0.00	0.26	0.72	0.04	0.08	0.01	0.10	0.006	1.0	0.996	-4.3	0.270	0.548413395882	4.8	4.006000	1.233000	0.665000	1.000000	0.990000	0.869000	394
V959L	0.02	0.01	0.00	0.26	0.27	0.02	0.08	0.01	0.10	0.367	0.003	0.002	-0.98	0.007	0.348587691784	-1.07	0.679000	-0.927000	-1.142000	0.016000	0.825000	0.509000	394
L931P	0.06	0.10	0.00	0.30	0.21	0.34	0.31	0.10	0.03	0.001	1.0	1.0	-5.89	0.478	0.612593591213	5.81	5.593000	1.223000	0.650000	1.000000	0.953000	0.953000	392
V928M	0.04	0.06	0.00	0.27	0.13	0.27	0.27	0.09	0.03	0.03	1.0	0.947	-1.76	0.064	0.487512350082	3.81	0.450000	0.959000	0.517000	0.968000	0.994000	0.963000	392
G881D	0.04	0.03	0.00	0.26	0.16	0.11	0.22	0.10	0.13	0.097	0.656	0.168	-4.84	0.142	0.590434908867	4.98	3.448000	0.087000	0.530000	0.998000	0.264000	0.901000	391
V870A	0.02	0.02	0.01	0.26	0.53	0.05	0.10	0.07	0.10	0.002	0.93	0.67	-3.29	0.198	0.602394938469	5.93	5.891000	1.233000	0.665000	1.000000	0.423000	0.788000	391
V870L	0.02	0.02	0.01	0.28	0.23	0.05	0.10	0.07	0.10	0.041	0.476	0.137	-2.45	0.190	0.591864585876	4.0	2.543000	-0.291000	-0.271000	0.981000	0.237000	0.755000	391
G866V	0.02	0.04	0.01	0.27	0.27	0.05	0.11	0.08	0.12	0.004	0.97	0.594	-4.51	0.134	0.312516331673	3.64	1.296000	0.966000	0.530000	0.059000	0.942000	0.946000	391
Q856H	0.02	0.04	0.00	0.26	0.26	0.03	0.18	0.02	0.06	0.187	0.033	0.027	-2.31	0.034	0.422544538975	-6.2	-3.169000	-0.553000	-0.691000	0.000000	0.936000	0.778000	389
Q797K	0.00	0.00	0.00	0.26	0.21	0.01	0.07	0.03	0.09	0.129	0.021	0.013	-1.69	0.026	0.288011491299	3.07	0.916000	1.176000	0.676000	0.786000	0.137000	0.011000	389
G793S	0.00	0.00	0.00	0.25	0.20	0.01	0.08	0.00	0.10	0.026	0.992	0.856	-2.26	0.061	0.299978584051	4.08	0.353000	1.026000	0.599000	0.001000	0.237000	0.045000	389
S771G	0.00	0.00	0.00	0.26	0.33	0.02	0.12	0.00	0.13	0.201	0.0	0.002	-0.93	0.027	0.239292234182	-2.61	-0.192000	0.176000	-0.133000	0.000000	0.004000	0.165000	389
P758R	0.00	0.00	0.00	0.26	0.27	0.01	0.11	0.02	0.21	0.004	0.977	0.847	-4.12	0.146	0.269539415836	5.96	1.452000	0.226000	0.676000	0.311000	0.025000	0.030000	386
C755R	0.00	0.01	0.00	0.23	0.28	0.01	0.11	0.01	0.29	0.004	0.958	0.682	-5.43	0.122	0.382992148399	4.84	1.085000	0.318000	0.756000	0.246000	0.055000	0.034000	386
R686S	0.00	0.01	0.00	0.25	0.27	0.02	0.07	0.02	0.28	0.248	0.005	0.009	0.07	0.105	0.18427670002	0.14	-0.048000	0.129000	0.599000	0.000000	0.004000	0.005000	386
K685Q	0.00	0.01	0.00	0.26	0.24	0.02	0.09	0.01	0.14	0.217	0.225	0.07	-1.48	0.014	0.218927353621	-0.714	0.033000	-0.722000	-0.157000	0.000000	0.000000	0.006000	386
M597R	0.00	0.01	0.00	0.27	0.19	0.02	0.17	0.01	0.09	0.001	0.85	0.325	-2.0	0.081	0.344586908817	2.29	1.100000	1.312000	0.756000	0.063000	0.014000	0.023000	386
A587T	0.01	0.01	0.00	0.26	0.22	0.03	0.18	0.05	0.09	0.571	0.176	0.066	-0.74	0.047	0.22772115469	-0.426	-0.553000	-0.262000	0.599000	0.000000	0.002000	0.212000	386
S572F	0.00	0.03	0.00	0.25	0.41	0.02	0.26	0.02	0.09	0.122	0.073	0.064	-0.49	0.004	0.277661085129	0.213	0.535000	0.087000	-0.244000	0.000000	0.484000	0.089000	386
E570K	0.00	0.02	0.00	0.25	0.29	0.02	0.25	0.01	0.14	0.209	0.041	0.026	-0.44	0.012	0.316828012466	0.229	0.510000	0.019000	-0.217000	0.001000	0.260000	0.086000	386
Q568H	0.00	0.01	0.00	0.25	0.26	0.02	0.11	0.04	0.13	0.351	0.998	0.906	-1.39	0.043	0.279407411814	0.368	-0.258000	-0.292000	-0.120000	0.003000	0.166000	0.087000	386
Q559R	0.00	0.00	0.00	0.25	0.25	0.01	0.26	0.03	0.22	1.0	0.0	0.0	0.66	0.023	0.188984245062	-2.73	0.387000	-2.429000	-1.903000	0.010000	0.001000	0.002000	380
S518P	0.00	0.00	0.00	0.25	0.19	0.01	0.27	0.01	0.13	0.015	0.999	0.956	-2.81	0.137	0.330480337143	4.57	1.616000	-0.074000	-0.644000	0.990000	0.459000	0.216000	380
A503P	0.00	0.00	0.00	0.29	0.20	0.03	0.30	0.01	0.20	0.016	0.019	0.022	-1.86	0.173	0.224034950137	-5.4	-0.117000	0.961000	0.523000	0.000000	0.404000	0.859000	380
S478F	0.00	0.00	0.00	0.25	0.24	0.01	0.18	0.00	0.18	0.033	0.986	0.814	-2.66	0.125	0.250356584787	5.67	2.479000	1.175000	0.675000	0.554000	0.558000	0.432000	380
C469W	0.00	0.00	0.00	0.29	0.22	0.06	0.15	0.00	0.16	0.179	0.003	0.003	-2.69	0.012	0.219422847033	0.612	-0.004000	-0.176000	-0.137000	0.000000	0.000000	0.030000	380
G467D	0.00	0.00	0.00	0.25	0.19	0.04	0.13	0.00	0.16	1.0	0.0	0.0	3.08	0.042	0.266378700733	3.44	0.209000	0.193000	-0.131000	0.000000	0.007000	0.043000	380
S461R	0.00	0.00	0.00	0.25	0.23	0.04	0.20	0.01	0.17	0.176	0.047	0.032	-2.16	0.030	0.293356001377	0.501	-0.176000	1.311000	0.754000	0.000000	0.980000	0.868000	380
S454F	0.03	0.00	0.00	0.27	0.25	0.08	0.43	0.01	0.55	0.011	0.996	0.939	-3.6	0.107	0.317287445068	3.69	1.766000	0.190000	0.675000	0.718000	0.909000	0.998000	380
S387C	0.04	0.00	0.00	0.26	0.46	0.04	0.16	0.02	0.20	0.009	0.102	0.051	-3.49	0.087	0.330399215221	3.95	2.732000	0.224000	0.675000	0.997000	0.025000	0.198000	380
S380T	0.00	0.00	0.00	0.26	0.21	0.02	0.20	0.00	0.20	0.044	0.925	0.621	-1.39	0.051	0.266768574715	2.99	0.293000	0.138000	0.598000	0.000000	0.264000	0.921000	380
S376R	0.00	0.00	0.00	0.25	0.20	0.02	0.33	0.00	0.26	0.029	0.96	0.731	-2.48	0.177	0.26466268301	4.89	1.853000	1.311000	0.754000	0.032000	0.372000	0.600000	380
S376T	0.00	0.00	0.00	0.26	0.20	0.02	0.26	0.00	0.22	0.089	0.873	0.523	-1.56	0.048	0.25777566433	2.9	-0.286000	0.128000	-0.183000	0.000000	0.255000	0.422000	380
S372G	0.00	0.00	0.00	0.27	0.20	0.02	0.32	0.00	0.30	0.142	0.002	0.008	-1.23	0.031	0.248067140579	1.14	0.903000	0.200000	0.664000	0.003000	0.231000	0.092000	380
N366D	0.00	0.00	0.00	0.26	0.21	0.01	0.31	0.01	0.23	0.113	0.021	0.021	-2.08	0.046	0.290375173092	0.628	1.193000	0.197000	0.664000	0.003000	0.295000	0.020000	380
L362V	0.00	0.00	0.00	0.25	0.23	0.02	0.31	0.00	0.29	0.317	0.091	0.018	-0.94	0.081	0.213230758905	-0.635	0.158000	0.168000	0.675000	0.000000	0.100000	0.014000	380
T351K	0.00	0.00	0.00	0.25	0.26	0.03	0.16	0.00	0.19	0.016	0.617	0.173	-1.84	0.073	0.282443940639	-1.52	-0.004000	0.118000	-0.114000	0.000000	0.847000	0.935000	380
N344D	0.00	0.00	0.00	0.34	0.22	0.03	0.24	0.00	0.14	0.039	0.004	0.018	-2.61	0.033	0.375912576914	-0.967	0.596000	0.163000	0.664000	0.058000	0.328000	0.869000	380
T333A	0.00	0.00	0.00	0.24	0.18	0.02	0.29	0.01	0.23	0.092	0.041	0.011	-1.92	0.042	0.325708806515	-3.44	-0.077000	1.137000	0.664000	0.000000	0.042000	0.512000	380
L332P	0.00	0.00	0.00	0.26	0.19	0.02	0.41	0.01	0.22	0.008	0.996	0.939	-3.71	0.123	0.364349961281	3.3	0.703000	1.311000	0.754000	0.000000	0.058000	0.531000	380
K311E	0.02	0.00	0.00	0.25	0.25	0.04	0.23	0.01	0.28	0.048	0.021	0.043	-0.24	0.019	0.218911215663	-5.87	-0.472000	-0.046000	-0.399000	0.000000	0.006000	0.004000	380
T284I	0.01	0.01	0.00	0.22	0.31	0.05	0.30	0.01	0.19	0.035	0.019	0.018	-0.53	0.090	0.231161743402	-1.1	0.081000	0.223000	0.675000	0.019000	0.145000	0.412000	380
P191A	0.00	0.02	0.00	0.29	0.21	0.03	0.27	0.01	0.51	0.144	0.047	0.046	-3.81	0.069	0.258927613497	0.536	2.083000	0.226000	0.675000	0.875000	0.001000	0.150000	380
G173R	0.01	0.02	0.00	0.30	0.20	0.01	0.26	0.00	0.20	0.003	0.36	0.275	-3.75	0.073	0.233320996165	3.13	0.311000	0.128000	0.548000	0.090000	0.007000	0.707000	380
R170S	0.01	0.02	0.00	0.27	0.20	0.01	0.20	0.00	0.23	0.147	0.001	0.004	0.38	0.010	0.20979270339	-3.88	-0.829000	0.200000	0.607000	0.000000	0.003000	0.652000	380
D161H	0.00	0.00	0.00	0.26	0.13	0.01	0.30	0.06	0.17	0.009	0.911	0.562	-1.72	0.047	0.252064079046	3.12	0.738000	0.122000	0.548000	0.002000	0.165000	0.972000	380
S133G	0.00	0.03	0.00	0.26	0.23	0.01	0.25	0.10	0.20	0.102	0.01	0.006	-1.48	0.016	0.251399815083	1.34	-1.292000	0.196000	0.607000	0.000000	0.004000	0.440000	380
V102A	0.02	0.02	0.00	0.26	0.31	0.02	0.13	0.03	0.15	0.389	0.001	0.003	-1.36	0.009	0.231087118387	-2.57	-0.153000	1.311000	0.689000	0.000000	0.191000	0.404000	380
L63F	0.00	0.01	0.00	0.25	0.18	0.01	0.15	0.01	0.15	0.109	0.246	0.101	-0.96	0.117	0.296586036682	-6.5	-0.664000	-1.911000	-1.985000	0.000000	0.000000	0.012000	377
V52I	0.02	0.00	0.00	0.26	0.19	0.09	0.38	0.02	0.16	0.79	0.017	0.015	-0.06	0.045	0.274933815002	-0.786	0.294000	-0.274000	0.523000	0.157000	0.107000	0.948000	377
I44M	0.02	0.02	0.00	0.27	0.19	0.07	0.38	0.02	0.25	0.016	0.834	0.311	-1.17	0.094	0.339058220387	0.169	0.208000	-0.096000	-0.754000	0.489000	0.034000	0.003000	377
Y28N	0.00	0.02	0.00	0.07	0.22	0.02	0.40	0.01	0.32	0.0	0.997	0.98	-6.13	0.219	0.736520409584	4.39	4.036000	1.311000	0.754000	1.000000	1.000000	0.998000	377
L24S	0.03	0.02	0.00	0.07	0.19	0.02	0.40	0.01	0.26	0.0	1.0	0.999	-3.97	0.167	0.672525942326	5.5	5.348000	1.311000	0.754000	1.000000	1.000000	1.000000	377
