0.05	0.35	0.08	0.26	0.28	0.06	0.36	0.10	0.13	0.05	1.0	0.991	-2.5	0.401	0.843031704426	5.72	9.756000	1.176000	0.676000	1.000000	1.000000	0.999000	778
0.31	0.16	0.05	0.24	0.16	0.08	0.29	0.15	0.03	0.05	1.0	1.0	-2.5	0.645	0.674610376358	5.72	9.098000	1.312000	0.756000	1.000000	0.999000	0.990000	778
0.25	0.32	0.24	0.26	0.23	0.09	0.28	0.25	0.20	0.05	1.0	0.999	-2.5	0.608	0.832589387894	5.44	7.534000	1.138000	0.607000	1.000000	1.000000	0.994000	777
0.20	0.16	0.03	0.26	0.24	0.06	0.32	0.21	0.13	0.05	1.0	1.0	-2.5	0.427	0.680300474167	5.11	7.430000	1.026000	0.547000	1.000000	1.000000	0.999000	777
0.17	0.10	0.03	0.26	0.23	0.06	0.36	0.19	0.16	0.05	0.387	0.312	-2.5	0.198	0.836425423622	5.11	6.986000	1.312000	0.688000	1.000000	1.000000	0.998000	777
0.13	0.00	0.00	0.30	0.29	0.25	0.11	0.05	0.13	0.05	1.0	1.0	-2.5	0.601	0.683000504971	5.69	8.129000	1.151000	0.618000	1.000000	0.998000	0.993000	816
0.02	0.06	0.00	0.26	0.22	0.04	0.10	0.19	0.02	0.01	1.0	1.0	-2.12	0.448	0.74116396904	5.69	4.694000	1.284000	0.691000	1.000000	1.000000	0.998000	817
0.03	0.02	0.00	0.09	0.13	0.40	0.13	0.00	0.30	0.05	0.999	0.972	-2.5	0.289	0.747039437294	5.54	8.867000	1.284000	0.756000	1.000000	1.000000	0.999000	824
0.02	0.00	0.00	0.02	0.35	0.01	0.23	0.01	0.21	0.05	0.0	0.002	-2.5	0.056	0.516056597233	4.67	3.653000	1.115000	0.665000	1.000000	0.999000	0.996000	824
0.02	0.00	0.00	0.02	0.25	0.01	0.10	0.01	0.18	0.05	0.095	0.089	-2.5	0.087	0.515038073063	4.97	4.755000	1.151000	0.676000	1.000000	0.999000	1.000000	824
0.03	0.00	0.00	0.02	0.20	0.05	0.16	0.01	0.23	0.05	0.002	0.001	-2.5	0.085	0.309052914381	3.9	0.783000	1.026000	0.599000	0.002000	1.000000	0.998000	826
0.01	0.00	0.00	0.02	0.22	0.08	0.11	0.00	0.25	0.05	0.004	0.017	-2.5	0.382	0.685790538788	5.77	9.930000	1.176000	0.676000	1.000000	1.000000	1.000000	826
0.01	0.00	0.00	0.02	0.19	0.01	0.21	0.01	0.21	0.05	0.0	0.0	-2.5	0.127	0.375492781401	5.42	9.071000	1.312000	0.756000	1.000000	0.999000	0.987000	831
0.01	0.00	0.00	0.02	0.22	0.01	0.06	0.00	0.21	0.05	0.0	0.001	-2.5	0.078	0.418539136648	4.55	2.015000	0.103000	0.599000	0.998000	0.963000	0.990000	831
0.00	0.00	0.00	0.02	0.21	0.03	0.08	0.00	0.19	0.05	0.002	0.003	-2.5	0.059	0.510673344135	5.42	3.822000	1.026000	0.599000	1.000000	0.981000	0.994000	831
0.05	0.00	0.00	0.28	0.34	0.06	0.05	0.01	0.17	0.05	0.997	0.634	-2.5	0.142	0.266844749451	5.97	1.354000	1.026000	0.599000	0.032000	0.999000	0.985000	827
0.02	0.00	0.00	0.02	0.26	0.19	0.14	0.01	0.40	0.05	0.0	0.0	-2.5	0.077	0.301639199257	4.82	0.543000	-0.424000	0.756000	0.990000	0.977000	0.999000	828
0.01	0.00	0.00	0.02	0.27	0.05	0.05	0.00	0.21	0.05	0.015	0.005	-2.5	0.072	0.35907331109	5.08	1.571000	-0.243000	-0.188000	0.980000	0.902000	0.958000	828
0.01	0.00	0.00	0.02	0.22	0.02	0.10	0.00	0.17	0.05	0.0	0.0	-2.5	0.085	0.60355335474	4.32	5.692000	0.232000	0.756000	1.000000	0.999000	1.000000	831
0.01	0.00	0.00	0.02	0.18	0.01	0.09	0.01	0.16	0.05	1.0	0.838	-2.5	0.181	0.566179692745	5.7	3.745000	1.026000	0.599000	1.000000	1.000000	0.971000	832
0.00	0.00	0.00	0.02	0.18	0.02	0.06	0.06	0.11	0.05	0.565	0.111	-2.5	0.262	0.669547498226	4.52	8.718000	1.312000	0.756000	1.000000	0.997000	0.996000	832
0.00	0.00	0.00	0.02	0.25	0.08	0.08	0.00	0.18	0.05	0.064	0.014	-2.5	0.070	0.485097140074	4.79	6.916000	1.312000	0.756000	1.000000	0.998000	0.998000	832
0.00	0.00	0.00	0.23	0.61	0.20	0.16	0.00	0.24	0.05	0.239	0.07	-2.5	0.179	0.640522480011	6.06	8.718000	1.288000	0.756000	1.000000	0.996000	0.989000	831
0.02	0.00	0.00	0.03	0.30	0.27	0.10	0.01	0.17	0.05	0.565	0.146	-2.5	0.071	0.597904086113	4.23	2.984000	0.154000	0.676000	1.000000	0.993000	0.993000	831
0.03	0.00	0.00	0.02	0.27	0.15	0.03	0.00	0.17	0.05	0.988	0.511	-2.5	0.330	0.707370817661	5.94	9.974000	1.176000	0.676000	1.000000	1.000000	0.987000	838
0.00	0.00	0.00	0.02	0.24	0.14	0.09	0.00	0.17	0.05	0.972	0.93	-2.5	0.347	0.805821657181	6.07	10.003000	1.176000	0.676000	1.000000	1.000000	1.000000	838
0.03	0.00	0.00	0.03	0.30	0.14	0.09	0.00	0.27	0.05	0.067	0.046	-2.5	0.087	0.618231892586	6.07	6.105000	1.312000	0.756000	1.000000	0.997000	0.998000	838
0.02	0.00	0.00	0.02	0.28	0.13	0.07	0.01	0.20	0.05	0.986	0.513	-2.5	0.159	0.626511335373	6.07	3.948000	1.026000	0.599000	1.000000	0.998000	0.996000	838
0.00	0.00	0.00	0.04	0.17	0.02	0.21	0.00	0.46	0.05	0.0	0.001	-2.5	0.075	0.479927897453	2.39	2.459000	0.230000	-0.106000	0.989000	0.992000	0.983000	834
0.03	0.00	0.00	0.02	0.14	0.24	0.16	0.01	0.11	0.05	0.607	0.231	-2.5	0.110	0.653768539429	5.16	5.660000	1.026000	0.599000	1.000000	1.000000	0.998000	834
0.00	0.00	0.00	0.02	0.20	0.03	0.16	0.01	0.19	0.05	0.954	0.736	-2.5	0.101	0.705151438713	5.55	4.598000	1.026000	0.599000	1.000000	1.000000	0.991000	831
0.02	0.00	0.00	0.02	0.19	0.03	0.14	0.00	0.19	0.05	0.956	0.478	-2.5	0.159	0.622656702995	4.87	7.604000	1.138000	0.665000	1.000000	1.000000	0.999000	826
0.02	0.00	0.00	0.02	0.17	0.03	0.14	0.00	0.20	0.05	0.401	0.091	-2.5	0.117	0.42155534029	4.87	3.538000	1.026000	0.599000	1.000000	1.000000	0.999000	826
0.01	0.00	0.00	0.03	0.21	0.02	0.08	0.00	0.14	0.05	0.99	0.882	-2.5	0.185	0.513079166412	4.59	8.863000	1.312000	0.756000	1.000000	0.995000	0.783000	826
0.00	0.00	0.00	0.02	0.13	0.02	0.08	0.00	0.20	0.05	0.039	0.011	-2.5	0.108	0.572879910469	4.46	5.871000	1.312000	0.756000	1.000000	1.000000	0.995000	825
0.06	0.00	0.00	0.02	0.25	0.08	0.11	0.00	0.17	0.05	0.881	0.527	-2.5	0.104	0.493224948645	5.26	7.056000	1.138000	0.665000	1.000000	1.000000	0.998000	842
0.03	0.00	0.00	0.02	0.27	0.04	0.12	0.01	0.32	0.05	0.0	0.0	-2.5	0.048	0.436872601509	3.13	-0.506000	1.026000	0.599000	0.099000	0.990000	0.973000	843
0.03	0.00	0.00	0.02	0.32	0.04	0.11	0.03	0.61	0.05	0.943	0.423	-2.5	0.207	0.723342001438	4.98	7.285000	1.138000	0.665000	1.000000	0.997000	0.981000	843
0.01	0.00	0.00	0.02	0.38	0.02	0.04	0.00	0.27	0.05	0.992	0.869	-2.5	0.388	0.730170845985	5.1	7.479000	1.138000	0.665000	1.000000	1.000000	1.000000	843
0.00	0.00	0.00	0.03	0.18	0.01	0.07	0.02	0.19	0.05	0.0	0.0	-2.5	0.023	0.499410003424	2.46	1.744000	0.321000	-0.100000	1.000000	0.996000	0.987000	872
0.01	0.00	0.00	0.02	0.26	0.04	0.18	0.01	0.39	0.05	0.454	0.254	-2.5	0.262	0.577386140823	4.51	5.937000	1.176000	0.676000	1.000000	1.000000	0.999000	872
0.08	0.11	0.02	0.26	0.72	0.12	0.28	0.05	0.21	0.05	1.0	1.0	-2.5	0.596	0.801001429558	5.95	7.674000	1.138000	0.665000	1.000000	0.998000	0.998000	866
0.11	0.22	0.20	0.22	0.16	0.10	0.26	0.18	0.11	0.05	1.0	0.999	-2.5	0.387	0.878475904465	4.8	7.674000	1.138000	0.665000	1.000000	1.000000	0.998000	866
0.07	0.21	0.08	0.24	0.13	0.11	0.20	0.06	0.09	0.05	1.0	0.999	-2.5	0.471	0.788242220879	5.94	9.333000	1.176000	0.676000	1.000000	0.770000	0.961000	860
0.03	0.20	0.04	0.05	0.09	0.05	0.16	0.05	0.09	0.05	1.0	1.0	-2.5	0.565	0.855273604393	6.16	9.333000	1.176000	0.676000	1.000000	0.983000	0.992000	860
0.04	0.30	0.02	0.28	0.20	0.11	0.25	0.19	0.13	0.05	0.07	0.041	-2.5	0.088	0.740499734879	5.63	3.618000	1.026000	0.599000	0.997000	0.991000	0.985000	867
0.26	0.14	0.00	0.27	0.14	0.03	0.18	0.06	0.20	0.05	0.444	0.146	-2.5	0.155	0.580275774002	5.81	6.864000	1.312000	0.756000	1.000000	0.998000	1.000000	867
