# Variant	Relative_solvent_accessibility	Allosteric_site	Catalytic_site	Altered Secondary_structure	Altered Stability_and_conformational_flexibility	Altered Special_structural_signatures	Altered Macromolecular_binding	Altered Metal_binding	Altered PTM_site	SIFT_score	Polyphen2_HDIV_score	Polyphen2_HVAR_score	PROVEAN_score	REVEL_score	PrimateAI_score	GERP++_RS	phyloP100way_vertebrate	phyloP30way_mammalian	phyloP17way_primate	phastCons100way_vertebrate	phastCons30way_mammalian	phastCons17way_primate	bStatistic
F8L	0.14	0.05	0.00	0.25	0.26	0.03	0.17	0.01	0.14	0.206	0.043	0.016	-0.54	0.114	0.539388239384	4.3	1.050000	1.138000	0.665000	0.964000	0.213000	0.760000	562
P21S	0.08	0.05	0.00	0.27	0.17	0.02	0.07	0.05	0.19	0.04	0.054	0.043	-4.01	0.128	0.498694479465	0.281	3.405000	-0.280000	-0.187000	0.970000	0.042000	0.470000	562
K83T	0.05	0.04	0.00	0.25	0.28	0.06	0.07	0.03	0.09	0.428	0.001	0.007	-1.58	0.037	0.424321115017	2.55	1.614000	1.302000	0.750000	0.996000	0.945000	0.996000	558
E92K	0.03	0.05	0.00	0.25	0.18	0.09	0.11	0.04	0.06	0.355	0.026	0.065	-1.08	0.110	0.550392627716	5.65	6.523000	1.167000	0.671000	1.000000	1.000000	1.000000	558
G98A	0.03	0.08	0.00	0.29	0.18	0.10	0.12	0.02	0.03	0.753	0.04	0.063	-1.35	0.100	0.312528192997	0.65	2.747000	1.167000	0.671000	1.000000	1.000000	0.998000	558
G114R	0.20	0.23	0.19	0.26	0.18	0.10	0.37	0.18	0.12	0.0	1.0	1.0	-7.94	0.855	0.567499041557	5.29	8.839000	1.167000	0.671000	1.000000	1.000000	0.998000	558
Q133E	0.08	0.15	0.27	0.27	0.18	0.03	0.28	0.07	0.12	0.0	1.0	0.998	-2.99	0.416	0.544324278831	4.43	5.302000	1.018000	0.594000	1.000000	1.000000	0.998000	558
Q181R	0.08	0.05	0.00	0.28	0.24	0.05	0.10	0.09	0.12	0.564	0.001	0.007	-0.22	0.059	0.319952398539	5.65	2.615000	1.295000	0.750000	0.982000	0.902000	0.924000	558
L230F	0.11	0.11	0.00	0.28	0.15	0.07	0.20	0.17	0.08	0.01	0.967	0.838	-3.03	0.332	0.52936142683	3.52	3.838000	0.948000	0.530000	1.000000	0.995000	0.975000	554
Q285R	0.22	0.17	0.35	0.27	0.14	0.29	0.26	0.24	0.11	0.0	1.0	0.996	-3.38	0.798	0.554879128933	5.07	4.884000	1.312000	0.691000	1.000000	1.000000	1.000000	543
T288A	0.24	0.16	0.25	0.28	0.14	0.29	0.27	0.23	0.20	0.008	0.988	0.951	-3.65	0.212	0.569404304028	5.07	4.884000	1.312000	0.691000	1.000000	1.000000	0.999000	543
R312W	0.12	0.20	0.24	0.24	0.11	0.12	0.36	0.22	0.06	0.0	1.0	1.0	-6.9	0.695	0.75107049942	3.97	0.925000	0.074000	0.599000	1.000000	0.999000	0.998000	535
K320N	0.28	0.09	0.00	0.25	0.14	0.20	0.29	0.18	0.08	0.665	0.0	0.002	-0.21	0.102	0.633553087711	-2.14	-0.125000	0.198000	-0.135000	0.969000	0.997000	0.910000	535
