0.00	0.02	0.00	0.28	0.24	0.01	0.25	0.02	0.72	0.917	0.0	0.0	-0.23	0.345	0.350060641766	2.06	1.866000	-0.103000	0.672000	1.000000	0.947000	0.922000	453
0.01	0.01	0.00	0.25	0.26	0.02	0.20	0.03	0.24	0.151	0.002	0.008	-0.41	0.266	0.283325403929	0.0544	0.110000	1.024000	0.599000	0.001000	0.964000	0.116000	450
0.00	0.01	0.00	0.26	0.28	0.02	0.22	0.03	0.18	0.055	0.003	0.02	-2.57	0.328	0.271131813526	0.0211	-0.274000	1.136000	0.665000	0.001000	0.914000	0.105000	450
0.00	0.01	0.00	0.26	0.30	0.02	0.07	0.01	0.84	0.099	0.002	0.005	-0.84	0.426	0.33768081665	2.95	3.427000	-0.144000	-0.110000	1.000000	0.013000	0.423000	435
0.00	0.01	0.00	0.28	0.33	0.02	0.13	0.01	0.36	0.072	0.715	0.326	-1.97	0.526	0.340597361326	4.15	0.888000	0.224000	0.672000	0.035000	0.002000	0.426000	435
0.00	0.00	0.00	0.34	0.25	0.02	0.08	0.05	0.52	0.171	0.0	0.004	-0.61	0.473	0.37148052454	4.02	4.201000	1.134000	0.661000	1.000000	0.258000	0.816000	432
0.00	0.02	0.00	0.28	0.24	0.02	0.08	0.01	0.28	0.558	0.0	0.015	-0.03	0.405	0.382753252983	-2.61	-1.866000	-2.098000	-0.185000	0.000000	0.002000	0.886000	432
0.00	0.02	0.00	0.29	0.37	0.02	0.09	0.07	0.21	0.0	0.998	0.99	-8.61	0.969	0.579308390617	5.13	8.017000	0.205000	0.661000	1.000000	0.593000	0.998000	432
0.00	0.02	0.00	0.30	0.27	0.02	0.11	0.09	0.16	0.0	1.0	1.0	-8.61	0.951	0.749688565731	4.16	10.003000	1.172000	0.672000	1.000000	0.996000	1.000000	432
0.01	0.02	0.00	0.26	0.40	0.02	0.11	0.23	0.16	0.0	0.999	0.99	-5.74	0.951	0.729721307755	4.92	10.003000	1.172000	0.672000	1.000000	1.000000	0.999000	432
0.02	0.03	0.00	0.26	0.23	0.03	0.09	0.05	0.08	0.0	1.0	0.999	-3.83	0.961	0.749386906624	3.62	7.905000	1.024000	0.599000	1.000000	0.994000	0.749000	432
0.00	0.02	0.00	0.25	0.18	0.03	0.12	0.02	0.16	0.001	0.951	0.991	-1.89	0.882	0.732288956642	4.62	8.017000	1.136000	0.665000	1.000000	0.932000	0.675000	433
0.00	0.01	0.00	0.25	0.18	0.02	0.13	0.02	0.19	0.007	0.997	0.981	-5.86	0.769	0.726238965988	-0.0929	-1.467000	-0.219000	-0.186000	0.005000	0.958000	0.746000	433
0.02	0.02	0.00	0.25	0.20	0.03	0.14	0.07	0.18	0.514	0.999	0.999	-1.48	0.705	0.465215325356	2.38	0.672000	0.198000	0.661000	1.000000	0.978000	0.991000	433
0.02	0.02	0.00	0.27	0.23	0.03	0.22	0.15	0.06	0.0	1.0	1.0	-4.89	0.952	0.690702676773	3.64	1.673000	1.169000	0.672000	1.000000	0.998000	0.996000	433
0.02	0.02	0.00	0.27	0.24	0.04	0.28	0.08	0.07	0.0	0.991	0.979	-6.82	0.837	0.516093254089	3.54	9.312000	1.305000	0.751000	1.000000	1.000000	1.000000	433
0.01	0.02	0.00	0.25	0.20	0.03	0.22	0.07	0.15	0.01	0.923	0.774	-0.2	0.717	0.507315337658	3.53	5.625000	1.120000	0.661000	1.000000	1.000000	0.999000	433
0.02	0.03	0.00	0.24	0.23	0.05	0.16	0.07	0.10	0.0	0.777	0.72	-8.6	0.838	0.424731016159	2.47	5.040000	1.010000	0.596000	1.000000	0.968000	0.970000	433
0.09	0.09	0.02	0.25	0.15	0.17	0.24	0.14	0.18	0.0	1.0	1.0	-4.78	0.812	0.628567218781	-4.05	-1.677000	-0.869000	-0.576000	0.000000	0.967000	0.984000	433
0.09	0.10	0.01	0.27	0.17	0.14	0.24	0.18	0.12	0.0	1.0	0.999	-6.57	0.951	0.514287531376	4.32	7.905000	1.026000	0.599000	0.954000	0.996000	0.998000	433
0.03	0.05	0.00	0.25	0.17	0.04	0.21	0.18	0.15	0.0	0.137	0.483	-0.81	0.519	0.335956603289	3.39	0.274000	0.088000	0.599000	0.007000	0.027000	0.996000	433
0.00	0.09	0.00	0.26	0.28	0.03	0.13	0.03	0.18	0.0	1.0	1.0	-5.74	0.887	0.768757820129	5.41	10.003000	1.176000	0.676000	1.000000	0.998000	0.985000	433
0.01	0.06	0.00	0.25	0.33	0.03	0.08	0.03	0.05	0.001	0.676	0.533	-4.87	0.824	0.69244658947	4.44	7.957000	1.176000	0.676000	1.000000	0.999000	0.971000	433
0.02	0.07	0.00	0.28	0.28	0.03	0.07	0.04	0.11	0.371	0.651	0.514	-1.21	0.532	0.599868714809	5.19	2.745000	1.026000	0.599000	0.950000	0.027000	0.071000	434
0.01	0.09	0.00	0.29	0.29	0.02	0.07	0.24	0.12	0.272	0.192	0.352	-1.03	0.778	0.451525986195	5.47	6.353000	1.176000	0.676000	0.999000	0.988000	0.552000	434
0.02	0.14	0.02	0.28	0.31	0.03	0.12	0.37	0.11	0.004	1.0	1.0	-10.71	0.863	0.786556124687	-1.32	0.586000	-0.126000	-0.103000	0.998000	0.998000	0.928000	434
0.06	0.10	0.00	0.22	0.25	0.13	0.25	0.04	0.15	0.039	0.83	0.506	-6.53	0.721	0.537409365177	3.61	4.135000	0.125000	0.599000	0.993000	0.000000	0.021000	434
0.08	0.09	0.00	0.23	0.27	0.12	0.23	0.04	0.15	0.056	0.056	0.182	-2.47	0.359	0.260990917683	-0.56	1.084000	0.169000	0.676000	0.008000	0.001000	0.001000	434
0.06	0.04	0.00	0.26	0.11	0.13	0.21	0.21	0.07	0.0	1.0	0.996	-4.34	0.946	0.601933479309	3.5	2.289000	0.129000	-0.173000	1.000000	0.998000	0.992000	434
0.00	0.02	0.00	0.26	0.65	0.05	0.20	0.01	0.10	0.0	1.0	1.0	-5.11	0.864	0.651640474796	4.75	7.470000	1.312000	0.756000	0.760000	0.843000	0.988000	434
0.00	0.00	0.00	0.26	0.26	0.06	0.16	0.01	0.06	0.023	0.001	0.007	-1.39	0.362	0.547794222832	1.71	1.458000	1.075000	0.618000	0.187000	0.022000	0.032000	434
0.00	0.00	0.00	0.25	0.25	0.07	0.27	0.01	0.10	0.114	0.0	0.0	-0.1	0.258	0.344518691301	0.502	-0.719000	0.131000	0.368000	0.000000	0.029000	0.040000	434
0.00	0.00	0.00	0.25	0.20	0.03	0.26	0.01	0.29	1.0	0.0	0.001	-0.31	0.364	0.309998035431	-5.02	-3.114000	-4.357000	-3.351000	0.000000	0.000000	0.000000	434
0.01	0.00	0.00	0.26	0.38	0.04	0.07	0.00	0.20	0.095	0.0	0.001	-0.21	0.432	0.803	-5.32	-2.062000	-2.924000	-0.713000	0.000000	0.000000	0.033000	434
0.00	0.00	0.00	0.25	0.25	0.02	0.03	0.06	0.05	0.002	0.998	0.977	-1.23	0.466	0.803	5.36	2.878000	1.022000	0.596000	0.703000	0.021000	0.061000	434
0.00	0.00	0.00	0.26	0.26	0.03	0.04	0.04	0.05	0.002	0.983	0.662	-0.52	0.466	0.803	3.06	2.050000	1.134000	0.661000	0.978000	0.845000	0.516000	434
