# Variant	Altered Effect	Altered Structure_and_dynamics	Altered Secondary_structure	Altered Stability_and_conformational_flexibility	Altered Conformational_flexibility	Altered Special_structural_signatures	Altered Signal_peptide	Altered Transmembrane_protein	Altered Functional_residue	Altered Macromolecular_binding	Altered Protein_binding	Altered Disordered_interface	Altered Ordered_interface	Altered Metal_binding	Altered PTM_site	Intrinsic_disorder	B-factor	Relative_solvent_accessibility	Helix	Strand	Loop	N-terminal_signal	Signal_helix	C-terminal_signal	Signal_cleavage	Cytoplasmic_loop	Transmembrane_region	Non_cytoplasmic_loop	Coiled_coil	Catalytic_site	Calmodulin_binding	DNA_binding	RNA_binding	PPI_residue	PPI_hotspot	MoRF	Allosteric_site	Cadmium_binding	Calcium_binding	Cobalt_binding	Copper_binding	Iron_binding	Magnesium_binding	Manganese_binding	Nickel_binding	Potassium_binding	Sodium_binding	Zinc_binding	Acetylation	ADP-ribosylation	Amidation	C-linked_glycosylation	Carboxylation	Disulfide_linkage	Farnesylation	Geranylgeranylation	GPI_anchor_amidation	Hydroxylation	Methylation	Myristoylation	N-terminal_acetylation	N-linked_glycosylation	O-linked_glycosylation	Palmitoylation	Phosphorylation	Proteolytic_cleavage	Pyrrolidone_carboxylic_acid	Sulfation	SUMOylation	Ubiquitylation	Stability
R18H	0.44	0.44	0.26	0.19	0.19	0.11	0.00	0.11	0.44	0.27	0.27	0.27	0.16	0.44	0.15	0.19	0.15	0.29	0.26	0.16	0.21	0.00	0.00	0.00	0.00	0.11	0.00	0.00	0.00	0.01	0.02	0.06	0.00	0.16	0.15	0.27	0.08	0.00	0.00	0.00	0.02	0.00	0.00	0.03	0.07	0.03	0.08	0.44	0.15	0.08	0.00	0.00	0.00	0.06	0.00	0.00	0.00	0.00	0.04	0.00	0.00	0.00	0.00	0.00	0.02	0.04	0.00	0.00	0.09	0.09	0.02
Y42C	0.26	0.26	0.26	0.23	0.23	0.02	0.00	0.02	0.22	0.22	0.22	0.22	0.16	0.02	0.17	0.11	0.23	0.02	0.21	0.05	0.26	0.00	0.00	0.00	0.00	0.00	0.00	0.00	0.00	0.00	0.00	0.00	0.00	0.07	0.16	0.22	0.02	0.00	0.00	0.00	0.00	0.00	0.00	0.02	0.00	0.02	0.02	0.02	0.00	0.04	0.00	0.00	0.00	0.00	0.00	0.00	0.00	0.00	0.00	0.00	0.00	0.00	0.00	0.00	0.17	0.02	0.00	0.00	0.00	0.00	0.00
N56T	0.30	0.26	0.25	0.26	0.26	0.01	0.00	0.01	0.30	0.30	0.30	0.30	0.14	0.02	0.22	0.02	0.26	0.01	0.17	0.17	0.25	0.00	0.00	0.00	0.00	0.00	0.00	0.00	0.00	0.00	0.01	0.00	0.00	0.03	0.14	0.30	0.00	0.00	0.00	0.00	0.00	0.00	0.00	0.01	0.02	0.01	0.00	0.00	0.04	0.03	0.00	0.00	0.00	0.00	0.00	0.00	0.00	0.00	0.06	0.00	0.00	0.00	0.00	0.00	0.22	0.00	0.00	0.00	0.14	0.15	0.00
A75P	0.46	0.46	0.28	0.46	0.46	0.05	0.00	0.05	0.32	0.32	0.32	0.32	0.14	0.02	0.13	0.46	0.17	0.04	0.28	0.27	0.24	0.00	0.00	0.00	0.00	0.05	0.00	0.00	0.00	0.00	0.02	0.03	0.00	0.13	0.14	0.32	0.02	0.00	0.00	0.00	0.00	0.00	0.00	0.00	0.01	0.02	0.02	0.00	0.00	0.00	0.00	0.00	0.00	0.00	0.00	0.00	0.00	0.00	0.00	0.00	0.00	0.00	0.00	0.00	0.13	0.01	0.00	0.00	0.00	0.00	0.02
P168T	0.28	0.28	0.24	0.28	0.28	0.02	0.00	0.02	0.12	0.11	0.11	0.11	0.10	0.09	0.12	0.28	0.14	0.02	0.19	0.23	0.24	0.00	0.00	0.00	0.00	0.02	0.00	0.00	0.00	0.00	0.06	0.02	0.00	0.05	0.10	0.11	0.02	0.00	0.00	0.00	0.01	0.00	0.00	0.00	0.09	0.00	0.00	0.03	0.12	0.00	0.00	0.00	0.00	0.00	0.00	0.00	0.00	0.00	0.05	0.00	0.00	0.00	0.00	0.00	0.06	0.02	0.00	0.00	0.10	0.06	0.03
N289H	0.25	0.25	0.25	0.23	0.23	0.04	0.00	0.04	0.25	0.25	0.25	0.25	0.07	0.17	0.12	0.23	0.16	0.12	0.25	0.07	0.25	0.00	0.00	0.00	0.00	0.01	0.00	0.00	0.00	0.00	0.02	0.01	0.00	0.07	0.07	0.25	0.05	0.00	0.00	0.00	0.03	0.00	0.00	0.09	0.17	0.02	0.06	0.11	0.12	0.02	0.00	0.00	0.00	0.00	0.00	0.00	0.00	0.00	0.02	0.00	0.00	0.00	0.00	0.00	0.07	0.07	0.00	0.00	0.11	0.10	0.00
S326R	0.45	0.30	0.30	0.20	0.20	0.03	0.00	0.02	0.45	0.45	0.45	0.45	0.04	0.00	0.19	0.00	0.20	0.01	0.30	0.06	0.25	0.00	0.00	0.00	0.00	0.00	0.00	0.00	0.00	0.00	0.45	0.20	0.00	0.04	0.04	0.26	0.02	0.00	0.00	0.00	0.00	0.00	0.00	0.00	0.00	0.00	0.00	0.00	0.19	0.14	0.00	0.00	0.00	0.00	0.00	0.00	0.00	0.00	0.07	0.00	0.00	0.00	0.00	0.00	0.12	0.04	0.00	0.00	0.16	0.08	0.00
N372H	0.31	0.25	0.25	0.21	0.21	0.03	0.00	0.03	0.31	0.31	0.31	0.31	0.09	0.03	0.18	0.21	0.19	0.05	0.15	0.11	0.25	0.00	0.00	0.00	0.00	0.02	0.00	0.00	0.00	0.00	0.00	0.00	0.00	0.09	0.07	0.31	0.02	0.00	0.00	0.00	0.00	0.00	0.00	0.01	0.03	0.01	0.02	0.00	0.12	0.09	0.00	0.00	0.00	0.00	0.00	0.00	0.00	0.00	0.11	0.00	0.00	0.00	0.00	0.00	0.12	0.18	0.00	0.00	0.09	0.17	0.00
P375S	0.35	0.27	0.27	0.21	0.21	0.03	0.00	0.03	0.35	0.29	0.29	0.29	0.11	0.02	0.35	0.21	0.21	0.07	0.16	0.09	0.27	0.00	0.00	0.00	0.00	0.02	0.00	0.00	0.00	0.00	0.00	0.00	0.00	0.11	0.06	0.29	0.03	0.00	0.00	0.00	0.00	0.00	0.00	0.00	0.00	0.01	0.02	0.00	0.12	0.09	0.00	0.00	0.00	0.00	0.00	0.00	0.00	0.00	0.11	0.00	0.00	0.00	0.00	0.00	0.35	0.06	0.00	0.00	0.08	0.16	0.00
S384F	0.45	0.45	0.25	0.45	0.45	0.03	0.00	0.03	0.21	0.19	0.19	0.19	0.10	0.01	0.21	0.45	0.23	0.02	0.25	0.24	0.24	0.00	0.00	0.00	0.00	0.02	0.00	0.00	0.00	0.00	0.00	0.00	0.00	0.07	0.10	0.19	0.02	0.00	0.00	0.00	0.00	0.00	0.00	0.01	0.00	0.00	0.01	0.00	0.07	0.03	0.00	0.00	0.00	0.00	0.00	0.00	0.00	0.00	0.07	0.00	0.00	0.00	0.00	0.00	0.21	0.03	0.00	0.00	0.09	0.16	0.01
L452I	0.26	0.26	0.26	0.24	0.24	0.02	0.00	0.02	0.26	0.26	0.26	0.26	0.04	0.01	0.23	0.00	0.24	0.00	0.26	0.11	0.25	0.00	0.00	0.00	0.00	0.00	0.00	0.00	0.00	0.00	0.02	0.00	0.00	0.04	0.03	0.26	0.01	0.00	0.00	0.00	0.00	0.00	0.00	0.00	0.00	0.00	0.00	0.00	0.07	0.14	0.00	0.00	0.00	0.00	0.00	0.00	0.00	0.00	0.06	0.00	0.00	0.00	0.00	0.00	0.23	0.00	0.00	0.00	0.17	0.12	0.00
E462G	0.33	0.33	0.25	0.33	0.33	0.03	0.00	0.03	0.18	0.08	0.08	0.08	0.03	0.01	0.18	0.33	0.22	0.00	0.23	0.24	0.25	0.00	0.00	0.00	0.00	0.00	0.00	0.00	0.00	0.00	0.00	0.00	0.00	0.02	0.03	0.08	0.02	0.00	0.00	0.00	0.00	0.00	0.00	0.01	0.00	0.00	0.00	0.00	0.10	0.03	0.00	0.00	0.00	0.00	0.00	0.00	0.00	0.00	0.07	0.00	0.00	0.00	0.00	0.00	0.08	0.02	0.00	0.00	0.18	0.14	0.05
K513R	0.28	0.27	0.25	0.27	0.27	0.02	0.00	0.02	0.28	0.28	0.28	0.28	0.09	0.02	0.22	0.27	0.21	0.02	0.25	0.25	0.21	0.00	0.00	0.00	0.00	0.02	0.00	0.00	0.00	0.00	0.10	0.03	0.00	0.09	0.07	0.28	0.02	0.00	0.00	0.00	0.00	0.00	0.00	0.00	0.00	0.00	0.02	0.00	0.09	0.07	0.00	0.00	0.00	0.00	0.00	0.00	0.00	0.00	0.05	0.00	0.00	0.00	0.00	0.00	0.22	0.02	0.00	0.00	0.13	0.13	0.00
C554W	0.27	0.25	0.25	0.23	0.23	0.14	0.00	0.14	0.27	0.27	0.27	0.27	0.13	0.05	0.07	0.23	0.19	0.01	0.12	0.14	0.25	0.00	0.00	0.00	0.00	0.14	0.00	0.00	0.00	0.00	0.00	0.00	0.00	0.07	0.13	0.27	0.01	0.00	0.00	0.00	0.00	0.00	0.00	0.01	0.00	0.02	0.05	0.02	0.01	0.03	0.00	0.00	0.00	0.13	0.00	0.00	0.00	0.00	0.00	0.00	0.00	0.00	0.00	0.00	0.03	0.05	0.00	0.00	0.07	0.04	0.02
T582P	0.27	0.27	0.27	0.25	0.25	0.09	0.00	0.09	0.26	0.26	0.24	0.24	0.17	0.05	0.21	0.16	0.25	0.14	0.27	0.18	0.27	0.00	0.00	0.00	0.00	0.09	0.00	0.00	0.00	0.00	0.10	0.26	0.00	0.17	0.17	0.24	0.08	0.00	0.00	0.00	0.00	0.00	0.00	0.04	0.00	0.05	0.02	0.00	0.07	0.00	0.00	0.00	0.00	0.00	0.00	0.00	0.00	0.00	0.21	0.00	0.00	0.00	0.00	0.00	0.09	0.00	0.00	0.00	0.07	0.06	0.04
G602R	0.28	0.28	0.28	0.26	0.26	0.06	0.00	0.06	0.24	0.24	0.24	0.18	0.24	0.16	0.14	0.26	0.23	0.06	0.28	0.09	0.24	0.00	0.00	0.00	0.00	0.06	0.00	0.00	0.00	0.00	0.05	0.08	0.00	0.24	0.20	0.18	0.07	0.00	0.00	0.00	0.03	0.00	0.00	0.05	0.11	0.04	0.05	0.16	0.11	0.06	0.00	0.00	0.00	0.00	0.00	0.00	0.00	0.00	0.08	0.00	0.00	0.00	0.00	0.00	0.14	0.02	0.00	0.00	0.08	0.11	0.01
T630I	0.31	0.31	0.24	0.31	0.31	0.02	0.00	0.02	0.21	0.21	0.21	0.21	0.15	0.01	0.04	0.31	0.17	0.05	0.20	0.21	0.24	0.00	0.00	0.00	0.00	0.00	0.00	0.00	0.00	0.00	0.00	0.00	0.00	0.07	0.15	0.21	0.02	0.00	0.00	0.00	0.00	0.00	0.00	0.00	0.00	0.00	0.00	0.00	0.00	0.04	0.00	0.00	0.00	0.00	0.00	0.00	0.00	0.00	0.00	0.00	0.00	0.00	0.00	0.00	0.02	0.04	0.00	0.00	0.00	0.00	0.01
P655R	0.28	0.26	0.26	0.25	0.25	0.03	0.00	0.03	0.28	0.28	0.28	0.28	0.06	0.01	0.28	0.11	0.25	0.00	0.14	0.21	0.26	0.00	0.00	0.00	0.00	0.03	0.00	0.00	0.00	0.00	0.02	0.00	0.00	0.02	0.06	0.28	0.01	0.00	0.00	0.00	0.00	0.00	0.00	0.00	0.00	0.00	0.00	0.00	0.00	0.10	0.00	0.00	0.00	0.00	0.00	0.00	0.00	0.00	0.00	0.00	0.00	0.00	0.00	0.00	0.28	0.04	0.00	0.00	0.00	0.00	0.00
M784V	0.31	0.31	0.25	0.31	0.31	0.02	0.00	0.02	0.14	0.13	0.13	0.13	0.06	0.01	0.14	0.31	0.19	0.00	0.11	0.25	0.25	0.00	0.00	0.00	0.00	0.00	0.00	0.00	0.00	0.00	0.07	0.00	0.00	0.03	0.06	0.13	0.04	0.00	0.00	0.00	0.00	0.00	0.00	0.00	0.00	0.00	0.00	0.00	0.06	0.14	0.00	0.00	0.00	0.00	0.00	0.00	0.00	0.00	0.11	0.00	0.00	0.00	0.00	0.00	0.06	0.03	0.00	0.00	0.08	0.07	0.07
D806H	0.35	0.35	0.25	0.35	0.35	0.03	0.00	0.03	0.24	0.18	0.18	0.16	0.18	0.03	0.24	0.35	0.20	0.06	0.18	0.25	0.25	0.00	0.00	0.00	0.00	0.03	0.00	0.00	0.00	0.00	0.03	0.02	0.00	0.18	0.09	0.16	0.02	0.00	0.00	0.00	0.00	0.00	0.00	0.01	0.02	0.01	0.03	0.02	0.10	0.04	0.00	0.00	0.00	0.00	0.00	0.00	0.00	0.00	0.06	0.00	0.00	0.00	0.00	0.00	0.24	0.02	0.00	0.00	0.16	0.16	0.00
V894I	0.26	0.26	0.26	0.19	0.19	0.12	0.00	0.12	0.25	0.25	0.25	0.25	0.25	0.07	0.13	0.19	0.18	0.15	0.12	0.26	0.25	0.00	0.00	0.00	0.00	0.12	0.00	0.00	0.00	0.00	0.00	0.07	0.00	0.25	0.11	0.25	0.06	0.00	0.00	0.00	0.00	0.00	0.00	0.04	0.03	0.05	0.07	0.05	0.00	0.13	0.00	0.00	0.00	0.00	0.00	0.00	0.00	0.00	0.00	0.00	0.00	0.00	0.00	0.00	0.00	0.00	0.00	0.00	0.00	0.00	0.04
L929S	0.43	0.43	0.25	0.43	0.25	0.05	0.00	0.05	0.22	0.21	0.21	0.11	0.21	0.06	0.22	0.25	0.22	0.15	0.07	0.25	0.25	0.00	0.00	0.00	0.00	0.05	0.00	0.00	0.00	0.00	0.01	0.00	0.00	0.21	0.12	0.11	0.06	0.00	0.00	0.00	0.02	0.00	0.00	0.03	0.04	0.06	0.06	0.03	0.00	0.00	0.00	0.00	0.00	0.00	0.00	0.00	0.00	0.00	0.00	0.00	0.00	0.00	0.00	0.00	0.22	0.03	0.00	0.00	0.00	0.00	0.43
N987I	0.41	0.26	0.25	0.26	0.26	0.08	0.00	0.04	0.41	0.41	0.41	0.41	0.17	0.03	0.26	0.21	0.26	0.07	0.20	0.13	0.25	0.00	0.00	0.00	0.00	0.04	0.00	0.00	0.00	0.00	0.02	0.09	0.00	0.17	0.17	0.41	0.06	0.00	0.00	0.00	0.00	0.00	0.00	0.03	0.02	0.03	0.02	0.00	0.12	0.07	0.00	0.00	0.00	0.00	0.00	0.00	0.00	0.00	0.06	0.00	0.00	0.00	0.00	0.00	0.26	0.05	0.00	0.00	0.10	0.16	0.00
N991D	0.28	0.26	0.26	0.21	0.21	0.08	0.00	0.03	0.28	0.28	0.28	0.28	0.16	0.03	0.27	0.18	0.21	0.04	0.20	0.16	0.26	0.00	0.00	0.00	0.00	0.03	0.00	0.00	0.00	0.00	0.02	0.04	0.00	0.12	0.16	0.28	0.12	0.00	0.00	0.00	0.00	0.00	0.00	0.02	0.02	0.03	0.03	0.00	0.10	0.00	0.00	0.00	0.00	0.00	0.00	0.00	0.00	0.00	0.06	0.00	0.00	0.00	0.00	0.00	0.27	0.08	0.00	0.00	0.05	0.16	0.02
L1019V	0.26	0.26	0.26	0.26	0.26	0.09	0.00	0.09	0.25	0.25	0.22	0.16	0.22	0.17	0.22	0.26	0.17	0.18	0.26	0.24	0.23	0.00	0.00	0.00	0.00	0.03	0.00	0.00	0.00	0.00	0.07	0.25	0.00	0.22	0.10	0.16	0.09	0.00	0.00	0.00	0.01	0.00	0.00	0.08	0.09	0.05	0.07	0.17	0.22	0.08	0.00	0.00	0.00	0.00	0.00	0.00	0.00	0.00	0.11	0.00	0.00	0.00	0.00	0.00	0.08	0.00	0.00	0.00	0.10	0.10	0.02
N1102Y	0.48	0.48	0.25	0.48	0.48	0.02	0.00	0.02	0.24	0.15	0.15	0.14	0.15	0.03	0.24	0.48	0.20	0.02	0.23	0.09	0.25	0.00	0.00	0.00	0.00	0.00	0.00	0.00	0.00	0.00	0.00	0.00	0.00	0.10	0.15	0.14	0.04	0.00	0.00	0.00	0.00	0.00	0.00	0.01	0.02	0.03	0.03	0.00	0.00	0.00	0.00	0.00	0.00	0.00	0.00	0.00	0.00	0.00	0.00	0.00	0.00	0.00	0.00	0.00	0.24	0.00	0.00	0.00	0.00	0.00	0.00
S1172L	0.24	0.24	0.24	0.23	0.23	0.02	0.00	0.02	0.18	0.18	0.18	0.18	0.08	0.02	0.15	0.23	0.17	0.02	0.10	0.19	0.24	0.00	0.00	0.00	0.00	0.02	0.00	0.00	0.00	0.00	0.00	0.03	0.00	0.08	0.04	0.18	0.02	0.00	0.00	0.00	0.00	0.00	0.00	0.00	0.00	0.00	0.02	0.00	0.00	0.00	0.00	0.00	0.00	0.00	0.00	0.00	0.00	0.00	0.00	0.00	0.00	0.00	0.00	0.00	0.15	0.06	0.00	0.00	0.00	0.00	0.00
R1190W	0.27	0.27	0.27	0.17	0.17	0.19	0.00	0.19	0.19	0.19	0.19	0.14	0.19	0.01	0.15	0.17	0.12	0.08	0.09	0.27	0.19	0.00	0.00	0.00	0.00	0.19	0.00	0.00	0.00	0.00	0.06	0.02	0.00	0.19	0.12	0.14	0.02	0.00	0.00	0.00	0.00	0.00	0.00	0.00	0.00	0.00	0.00	0.00	0.15	0.13	0.00	0.00	0.00	0.00	0.00	0.00	0.00	0.00	0.04	0.00	0.00	0.00	0.00	0.00	0.06	0.02	0.00	0.00	0.14	0.08	0.02
G1194D	0.26	0.26	0.26	0.18	0.18	0.17	0.00	0.17	0.16	0.16	0.16	0.12	0.16	0.05	0.15	0.15	0.18	0.10	0.09	0.26	0.26	0.00	0.00	0.00	0.00	0.17	0.00	0.00	0.00	0.00	0.06	0.02	0.00	0.16	0.07	0.12	0.02	0.00	0.00	0.00	0.00	0.00	0.00	0.00	0.02	0.00	0.02	0.05	0.15	0.11	0.00	0.00	0.00	0.00	0.00	0.00	0.00	0.00	0.05	0.00	0.00	0.00	0.00	0.00	0.00	0.02	0.00	0.00	0.14	0.08	0.04
N1228D	0.27	0.27	0.27	0.17	0.17	0.04	0.00	0.04	0.15	0.15	0.14	0.08	0.14	0.05	0.11	0.17	0.15	0.06	0.11	0.25	0.27	0.00	0.00	0.00	0.00	0.00	0.00	0.00	0.00	0.00	0.03	0.15	0.00	0.14	0.10	0.08	0.05	0.00	0.00	0.00	0.00	0.00	0.00	0.01	0.05	0.04	0.03	0.01	0.10	0.04	0.00	0.00	0.00	0.00	0.00	0.00	0.00	0.00	0.07	0.00	0.00	0.00	0.00	0.00	0.05	0.02	0.00	0.00	0.07	0.11	0.02
C1265S	0.48	0.48	0.25	0.48	0.48	0.02	0.00	0.02	0.17	0.06	0.06	0.06	0.03	0.02	0.17	0.48	0.30	0.00	0.06	0.25	0.25	0.00	0.00	0.00	0.00	0.00	0.00	0.00	0.00	0.00	0.02	0.00	0.00	0.01	0.03	0.06	0.00	0.00	0.00	0.00	0.00	0.00	0.00	0.00	0.00	0.00	0.00	0.02	0.03	0.00	0.00	0.00	0.00	0.00	0.00	0.00	0.00	0.00	0.05	0.00	0.00	0.00	0.00	0.00	0.10	0.04	0.00	0.00	0.11	0.17	0.04
D1280V	0.37	0.37	0.27	0.37	0.37	0.05	0.00	0.05	0.19	0.19	0.19	0.19	0.06	0.05	0.16	0.37	0.22	0.03	0.18	0.25	0.27	0.00	0.00	0.00	0.00	0.05	0.00	0.00	0.00	0.00	0.04	0.02	0.00	0.06	0.04	0.19	0.01	0.00	0.00	0.00	0.00	0.00	0.00	0.02	0.05	0.00	0.02	0.01	0.08	0.04	0.00	0.00	0.00	0.00	0.00	0.00	0.00	0.00	0.02	0.00	0.00	0.00	0.00	0.00	0.10	0.01	0.00	0.00	0.09	0.16	0.00
C1290Y	0.41	0.28	0.27	0.28	0.28	0.11	0.00	0.11	0.41	0.41	0.41	0.41	0.12	0.03	0.19	0.28	0.22	0.04	0.18	0.27	0.25	0.00	0.00	0.00	0.00	0.11	0.00	0.00	0.00	0.00	0.02	0.01	0.00	0.12	0.08	0.41	0.01	0.00	0.00	0.00	0.00	0.00	0.00	0.03	0.00	0.01	0.02	0.01	0.14	0.02	0.00	0.00	0.00	0.09	0.00	0.00	0.00	0.00	0.03	0.00	0.00	0.00	0.00	0.00	0.19	0.01	0.00	0.00	0.09	0.11	0.03
V1306I	0.42	0.27	0.26	0.27	0.27	0.08	0.00	0.08	0.42	0.42	0.42	0.42	0.23	0.05	0.05	0.27	0.15	0.04	0.11	0.26	0.24	0.00	0.00	0.00	0.00	0.08	0.00	0.00	0.00	0.00	0.00	0.00	0.00	0.23	0.06	0.42	0.01	0.00	0.00	0.00	0.00	0.00	0.00	0.03	0.02	0.01	0.04	0.05	0.00	0.05	0.00	0.00	0.00	0.00	0.00	0.00	0.00	0.00	0.00	0.00	0.00	0.00	0.00	0.00	0.04	0.02	0.00	0.00	0.00	0.00	0.04
I1349T	1.00	1.00	0.25	1.00	0.44	0.03	0.00	0.03	0.20	0.20	0.20	0.20	0.04	0.04	0.19	0.44	0.21	0.00	0.11	0.25	0.25	0.00	0.00	0.00	0.00	0.03	0.00	0.00	0.00	0.00	0.00	0.00	0.00	0.04	0.04	0.20	0.03	0.00	0.00	0.00	0.00	0.00	0.00	0.02	0.02	0.02	0.04	0.04	0.04	0.03	0.00	0.00	0.00	0.04	0.00	0.00	0.00	0.00	0.02	0.00	0.00	0.00	0.00	0.00	0.11	0.07	0.00	0.00	0.19	0.14	1.00
T1354M	0.26	0.26	0.26	0.20	0.20	0.02	0.00	0.02	0.21	0.18	0.18	0.18	0.04	0.05	0.21	0.20	0.19	0.00	0.23	0.26	0.25	0.00	0.00	0.00	0.00	0.02	0.00	0.00	0.00	0.00	0.00	0.00	0.00	0.03	0.04	0.18	0.03	0.00	0.00	0.00	0.00	0.00	0.00	0.03	0.02	0.00	0.01	0.05	0.04	0.03	0.00	0.00	0.00	0.00	0.00	0.00	0.00	0.00	0.02	0.00	0.00	0.00	0.00	0.00	0.06	0.06	0.00	0.00	0.21	0.13	0.00
I1364L	0.25	0.25	0.25	0.17	0.17	0.01	0.00	0.01	0.11	0.11	0.11	0.11	0.07	0.05	0.07	0.17	0.12	0.00	0.25	0.14	0.20	0.00	0.00	0.00	0.00	0.00	0.00	0.00	0.00	0.00	0.01	0.00	0.00	0.04	0.07	0.11	0.02	0.00	0.00	0.00	0.00	0.00	0.00	0.01	0.00	0.00	0.00	0.05	0.02	0.00	0.00	0.00	0.00	0.00	0.00	0.00	0.00	0.00	0.00	0.00	0.00	0.00	0.00	0.00	0.04	0.05	0.00	0.00	0.07	0.04	0.01
C1365Y	0.29	0.26	0.26	0.13	0.13	0.01	0.00	0.01	0.29	0.19	0.19	0.19	0.08	0.05	0.29	0.13	0.12	0.00	0.26	0.15	0.20	0.00	0.00	0.00	0.00	0.00	0.00	0.00	0.00	0.00	0.01	0.01	0.00	0.05	0.08	0.19	0.03	0.00	0.00	0.00	0.00	0.00	0.00	0.01	0.01	0.00	0.01	0.05	0.06	0.00	0.00	0.00	0.00	0.00	0.00	0.00	0.00	0.00	0.02	0.00	0.00	0.00	0.00	0.00	0.29	0.05	0.00	0.00	0.07	0.05	0.03
Q1396R	0.31	0.31	0.25	0.31	0.31	0.02	0.00	0.02	0.14	0.10	0.10	0.07	0.10	0.05	0.14	0.31	0.15	0.02	0.21	0.25	0.20	0.00	0.00	0.00	0.00	0.02	0.00	0.00	0.00	0.00	0.00	0.00	0.00	0.10	0.05	0.07	0.02	0.00	0.00	0.00	0.00	0.00	0.00	0.00	0.05	0.00	0.00	0.05	0.07	0.06	0.00	0.00	0.00	0.01	0.00	0.00	0.00	0.00	0.02	0.00	0.00	0.00	0.00	0.00	0.00	0.01	0.00	0.00	0.14	0.10	0.00
T1414M	0.34	0.34	0.25	0.34	0.34	0.11	0.00	0.03	0.24	0.23	0.23	0.23	0.05	0.01	0.24	0.34	0.19	0.02	0.22	0.18	0.25	0.00	0.00	0.00	0.00	0.03	0.00	0.00	0.00	0.00	0.00	0.00	0.00	0.04	0.05	0.23	0.00	0.00	0.00	0.00	0.00	0.00	0.00	0.00	0.00	0.00	0.00	0.00	0.09	0.03	0.00	0.00	0.00	0.00	0.00	0.00	0.00	0.00	0.05	0.00	0.00	0.00	0.00	0.00	0.10	0.02	0.00	0.00	0.24	0.18	0.00
D1420Y	0.49	0.49	0.24	0.49	0.49	0.06	0.00	0.04	0.32	0.32	0.32	0.32	0.15	0.01	0.15	0.49	0.17	0.02	0.14	0.18	0.24	0.00	0.00	0.00	0.00	0.04	0.00	0.00	0.00	0.00	0.00	0.00	0.00	0.11	0.15	0.32	0.00	0.00	0.00	0.00	0.00	0.00	0.00	0.00	0.00	0.00	0.01	0.01	0.15	0.04	0.00	0.00	0.00	0.00	0.00	0.00	0.00	0.00	0.03	0.00	0.00	0.00	0.00	0.00	0.15	0.05	0.00	0.00	0.10	0.14	0.00
F1524V	0.26	0.26	0.26	0.26	0.26	0.02	0.00	0.02	0.18	0.12	0.12	0.12	0.11	0.18	0.10	0.26	0.20	0.03	0.14	0.26	0.25	0.00	0.00	0.00	0.00	0.02	0.00	0.00	0.00	0.02	0.08	0.08	0.00	0.11	0.06	0.12	0.14	0.00	0.00	0.00	0.02	0.00	0.00	0.02	0.18	0.01	0.03	0.11	0.00	0.00	0.00	0.00	0.00	0.00	0.00	0.00	0.00	0.00	0.00	0.00	0.00	0.00	0.00	0.00	0.10	0.03	0.00	0.00	0.00	0.00	0.09
G1529R	0.38	0.26	0.25	0.26	0.26	0.06	0.00	0.02	0.38	0.23	0.23	0.23	0.15	0.19	0.38	0.26	0.21	0.09	0.05	0.25	0.25	0.00	0.00	0.00	0.00	0.00	0.00	0.00	0.00	0.01	0.23	0.20	0.00	0.15	0.06	0.16	0.15	0.00	0.00	0.00	0.02	0.00	0.00	0.02	0.19	0.02	0.03	0.11	0.38	0.15	0.00	0.00	0.00	0.00	0.00	0.00	0.00	0.00	0.19	0.00	0.00	0.00	0.00	0.00	0.10	0.02	0.00	0.00	0.13	0.09	0.00
E1537K	0.44	0.28	0.25	0.28	0.28	0.05	0.00	0.03	0.44	0.27	0.27	0.27	0.23	0.09	0.44	0.28	0.20	0.21	0.23	0.25	0.03	0.00	0.00	0.00	0.00	0.01	0.00	0.00	0.00	0.00	0.27	0.17	0.00	0.23	0.05	0.24	0.06	0.00	0.00	0.00	0.00	0.00	0.00	0.05	0.02	0.03	0.07	0.09	0.44	0.04	0.00	0.00	0.00	0.00	0.00	0.00	0.00	0.00	0.13	0.00	0.00	0.00	0.00	0.00	0.15	0.01	0.00	0.00	0.10	0.14	0.02
K1690N	0.26	0.26	0.26	0.18	0.18	0.05	0.00	0.05	0.17	0.17	0.17	0.07	0.17	0.02	0.11	0.18	0.15	0.11	0.26	0.04	0.08	0.00	0.00	0.00	0.00	0.02	0.00	0.00	0.00	0.00	0.05	0.03	0.00	0.13	0.17	0.07	0.04	0.00	0.00	0.00	0.00	0.00	0.00	0.00	0.01	0.02	0.01	0.00	0.09	0.08	0.00	0.00	0.00	0.00	0.00	0.00	0.00	0.00	0.02	0.00	0.00	0.00	0.00	0.00	0.02	0.00	0.00	0.00	0.11	0.08	0.02
S1733F	0.61	0.61	0.25	0.61	0.61	0.07	0.00	0.07	0.28	0.28	0.28	0.28	0.07	0.09	0.22	0.61	0.21	0.00	0.15	0.16	0.25	0.00	0.00	0.00	0.00	0.07	0.00	0.00	0.00	0.00	0.00	0.00	0.00	0.05	0.07	0.28	0.00	0.00	0.00	0.00	0.00	0.00	0.00	0.00	0.09	0.00	0.02	0.00	0.06	0.03	0.00	0.00	0.00	0.00	0.00	0.00	0.00	0.00	0.04	0.00	0.00	0.00	0.00	0.00	0.15	0.02	0.00	0.00	0.09	0.22	0.00
G1771D	0.34	0.34	0.26	0.34	0.34	0.04	0.00	0.03	0.24	0.16	0.16	0.16	0.05	0.01	0.24	0.34	0.21	0.04	0.17	0.22	0.26	0.00	0.00	0.00	0.00	0.03	0.00	0.00	0.00	0.00	0.00	0.00	0.00	0.05	0.04	0.16	0.02	0.00	0.00	0.00	0.00	0.00	0.00	0.00	0.00	0.00	0.01	0.00	0.09	0.03	0.00	0.00	0.00	0.00	0.00	0.00	0.00	0.00	0.05	0.00	0.00	0.00	0.00	0.00	0.24	0.04	0.00	0.00	0.08	0.14	0.00
P1819S	0.30	0.30	0.22	0.30	0.30	0.09	0.00	0.09	0.20	0.11	0.11	0.11	0.10	0.02	0.20	0.30	0.24	0.08	0.22	0.19	0.22	0.00	0.00	0.00	0.00	0.09	0.00	0.00	0.00	0.00	0.03	0.01	0.00	0.10	0.07	0.11	0.01	0.00	0.00	0.00	0.00	0.00	0.00	0.00	0.00	0.01	0.02	0.02	0.06	0.00	0.00	0.00	0.00	0.12	0.00	0.00	0.00	0.00	0.07	0.00	0.00	0.00	0.00	0.00	0.20	0.05	0.00	0.00	0.09	0.10	0.01
D1902N	0.26	0.26	0.26	0.24	0.24	0.03	0.00	0.03	0.25	0.25	0.25	0.25	0.05	0.03	0.13	0.24	0.22	0.02	0.25	0.24	0.26	0.00	0.00	0.00	0.00	0.02	0.00	0.00	0.00	0.00	0.00	0.00	0.00	0.05	0.02	0.25	0.02	0.00	0.00	0.00	0.00	0.00	0.00	0.02	0.02	0.02	0.03	0.02	0.00	0.03	0.00	0.00	0.00	0.00	0.00	0.00	0.00	0.00	0.00	0.00	0.00	0.00	0.00	0.00	0.13	0.03	0.00	0.00	0.00	0.00	0.03
L1904V	0.29	0.26	0.26	0.26	0.26	0.03	0.00	0.03	0.29	0.29	0.29	0.29	0.05	0.03	0.13	0.26	0.21	0.02	0.25	0.24	0.26	0.00	0.00	0.00	0.00	0.02	0.00	0.00	0.00	0.00	0.00	0.00	0.00	0.05	0.02	0.29	0.02	0.00	0.00	0.00	0.00	0.00	0.00	0.02	0.02	0.02	0.03	0.03	0.00	0.03	0.00	0.00	0.00	0.00	0.00	0.00	0.00	0.00	0.00	0.00	0.00	0.00	0.00	0.00	0.13	0.03	0.00	0.00	0.00	0.00	0.05
T1915M	0.27	0.27	0.27	0.26	0.26	0.02	0.00	0.02	0.15	0.09	0.09	0.09	0.07	0.13	0.15	0.26	0.21	0.01	0.27	0.24	0.19	0.00	0.00	0.00	0.00	0.02	0.00	0.00	0.00	0.00	0.00	0.00	0.00	0.07	0.03	0.09	0.02	0.00	0.00	0.00	0.00	0.00	0.00	0.00	0.04	0.01	0.02	0.13	0.07	0.03	0.00	0.00	0.00	0.02	0.00	0.00	0.00	0.00	0.02	0.00	0.00	0.00	0.00	0.00	0.12	0.03	0.00	0.00	0.15	0.09	0.00
H1918Y	0.33	0.33	0.26	0.33	0.33	0.02	0.00	0.02	0.29	0.13	0.13	0.11	0.13	0.11	0.29	0.33	0.17	0.02	0.15	0.26	0.19	0.00	0.00	0.00	0.00	0.02	0.00	0.00	0.00	0.00	0.00	0.00	0.00	0.13	0.09	0.11	0.04	0.00	0.00	0.00	0.00	0.00	0.00	0.00	0.05	0.00	0.01	0.11	0.08	0.00	0.00	0.00	0.00	0.02	0.00	0.00	0.00	0.00	0.03	0.00	0.00	0.00	0.00	0.00	0.29	0.04	0.00	0.00	0.14	0.09	0.02
I1929V	0.27	0.27	0.23	0.27	0.27	0.02	0.00	0.02	0.14	0.13	0.13	0.13	0.02	0.01	0.14	0.27	0.18	0.00	0.23	0.16	0.20	0.00	0.00	0.00	0.00	0.01	0.00	0.00	0.00	0.00	0.00	0.00	0.00	0.02	0.02	0.13	0.00	0.00	0.00	0.00	0.00	0.00	0.00	0.00	0.00	0.00	0.00	0.01	0.00	0.05	0.00	0.00	0.00	0.00	0.00	0.00	0.00	0.00	0.00	0.00	0.00	0.00	0.00	0.00	0.14	0.00	0.00	0.00	0.00	0.00	0.01
R2034C	0.32	0.32	0.26	0.32	0.32	0.11	0.00	0.11	0.16	0.16	0.16	0.16	0.08	0.02	0.15	0.32	0.18	0.00	0.26	0.10	0.26	0.00	0.00	0.00	0.00	0.11	0.00	0.00	0.00	0.00	0.01	0.00	0.00	0.08	0.05	0.16	0.01	0.00	0.00	0.00	0.00	0.00	0.00	0.00	0.02	0.00	0.01	0.01	0.00	0.15	0.00	0.00	0.00	0.03	0.00	0.00	0.00	0.00	0.00	0.00	0.00	0.00	0.00	0.00	0.13	0.02	0.00	0.00	0.00	0.00	0.01
N2048I	0.26	0.26	0.26	0.19	0.19	0.03	0.00	0.03	0.23	0.18	0.18	0.18	0.11	0.02	0.23	0.19	0.15	0.00	0.09	0.11	0.26	0.00	0.00	0.00	0.00	0.03	0.00	0.00	0.00	0.00	0.02	0.00	0.00	0.10	0.11	0.18	0.00	0.00	0.00	0.00	0.00	0.00	0.00	0.00	0.00	0.00	0.02	0.00	0.06	0.00	0.00	0.00	0.00	0.00	0.00	0.00	0.00	0.00	0.02	0.00	0.00	0.00	0.00	0.00	0.23	0.04	0.00	0.00	0.09	0.10	0.01
H2074N	0.23	0.23	0.23	0.22	0.22	0.04	0.00	0.04	0.16	0.16	0.16	0.10	0.16	0.10	0.12	0.22	0.18	0.09	0.09	0.23	0.03	0.00	0.00	0.00	0.00	0.00	0.00	0.00	0.00	0.00	0.02	0.04	0.00	0.16	0.08	0.10	0.04	0.00	0.00	0.00	0.00	0.00	0.00	0.02	0.05	0.04	0.03	0.10	0.10	0.06	0.00	0.00	0.00	0.00	0.00	0.00	0.00	0.00	0.06	0.00	0.00	0.00	0.00	0.00	0.05	0.00	0.00	0.00	0.12	0.11	0.08
R2108H	0.30	0.30	0.24	0.30	0.30	0.03	0.00	0.03	0.22	0.15	0.15	0.15	0.02	0.01	0.22	0.30	0.19	0.00	0.17	0.24	0.22	0.00	0.00	0.00	0.00	0.00	0.00	0.00	0.00	0.00	0.11	0.00	0.00	0.00	0.02	0.15	0.00	0.00	0.00	0.00	0.00	0.00	0.00	0.00	0.01	0.00	0.00	0.00	0.16	0.20	0.00	0.00	0.00	0.00	0.00	0.00	0.00	0.00	0.02	0.00	0.00	0.00	0.00	0.00	0.11	0.03	0.00	0.00	0.22	0.10	0.01
N2113S	1.00	0.32	0.26	0.32	0.32	0.02	0.00	0.02	1.00	0.09	0.09	0.09	0.02	0.04	1.00	0.32	0.19	0.00	0.17	0.26	0.20	0.00	0.00	0.00	0.00	0.00	0.00	0.00	0.00	0.00	0.09	0.00	0.00	0.02	0.02	0.07	0.00	0.00	0.00	0.00	0.00	0.00	0.00	0.00	0.02	0.00	0.00	0.04	0.14	0.18	0.00	0.00	0.00	0.01	0.00	0.00	0.00	0.00	0.01	0.00	0.00	0.00	0.00	0.00	1.00	0.04	0.00	0.00	0.22	0.08	0.00
H2116R	0.24	0.24	0.24	0.20	0.20	0.02	0.00	0.02	0.21	0.09	0.09	0.09	0.03	0.04	0.21	0.17	0.20	0.00	0.22	0.24	0.15	0.00	0.00	0.00	0.00	0.00	0.00	0.00	0.00	0.00	0.09	0.00	0.00	0.03	0.02	0.07	0.00	0.00	0.00	0.00	0.00	0.00	0.00	0.00	0.02	0.00	0.00	0.04	0.18	0.21	0.00	0.00	0.00	0.01	0.00	0.00	0.00	0.00	0.02	0.00	0.00	0.00	0.00	0.00	0.14	0.03	0.00	0.00	0.21	0.08	0.00
T2250A	0.28	0.28	0.25	0.28	0.28	0.02	0.00	0.02	0.10	0.06	0.06	0.06	0.04	0.10	0.08	0.28	0.17	0.00	0.20	0.12	0.25	0.00	0.00	0.00	0.00	0.00	0.00	0.00	0.00	0.00	0.00	0.00	0.00	0.01	0.04	0.06	0.00	0.00	0.00	0.00	0.00	0.00	0.00	0.00	0.10	0.00	0.00	0.02	0.00	0.00	0.00	0.00	0.00	0.00	0.00	0.00	0.00	0.00	0.00	0.00	0.00	0.00	0.00	0.00	0.08	0.03	0.00	0.00	0.00	0.00	0.02
I2285V	0.40	0.26	0.23	0.26	0.26	0.02	0.00	0.02	0.40	0.40	0.40	0.40	0.05	0.01	0.17	0.26	0.17	0.02	0.15	0.12	0.23	0.00	0.00	0.00	0.00	0.00	0.00	0.00	0.00	0.00	0.03	0.02	0.00	0.05	0.04	0.40	0.00	0.00	0.00	0.00	0.00	0.00	0.00	0.00	0.00	0.00	0.01	0.00	0.12	0.11	0.00	0.00	0.00	0.00	0.00	0.00	0.00	0.00	0.04	0.00	0.00	0.00	0.00	0.00	0.11	0.04	0.00	0.00	0.17	0.10	0.02
K2339N	0.27	0.27	0.27	0.24	0.24	0.06	0.00	0.06	0.16	0.12	0.12	0.10	0.12	0.02	0.16	0.24	0.19	0.02	0.27	0.06	0.16	0.00	0.00	0.00	0.00	0.06	0.00	0.00	0.00	0.00	0.00	0.05	0.00	0.12	0.08	0.10	0.04	0.00	0.00	0.00	0.00	0.00	0.00	0.02	0.00	0.00	0.00	0.00	0.05	0.16	0.00	0.00	0.00	0.00	0.00	0.00	0.00	0.00	0.03	0.00	0.00	0.00	0.00	0.00	0.02	0.05	0.00	0.00	0.14	0.07	0.00
Q2384K	0.36	0.24	0.24	0.21	0.21	0.04	0.00	0.04	0.36	0.23	0.23	0.23	0.16	0.01	0.36	0.21	0.15	0.00	0.11	0.24	0.20	0.00	0.00	0.00	0.00	0.04	0.00	0.00	0.00	0.00	0.08	0.03	0.00	0.06	0.16	0.23	0.02	0.00	0.00	0.00	0.00	0.00	0.00	0.00	0.00	0.00	0.00	0.00	0.36	0.12	0.00	0.00	0.00	0.00	0.00	0.00	0.00	0.00	0.04	0.00	0.00	0.00	0.00	0.00	0.21	0.05	0.00	0.00	0.13	0.11	0.02
N2436I	0.39	0.39	0.26	0.39	0.39	0.10	0.00	0.10	0.37	0.37	0.37	0.37	0.03	0.01	0.19	0.39	0.23	0.03	0.26	0.11	0.25	0.00	0.00	0.00	0.00	0.10	0.00	0.00	0.00	0.00	0.02	0.02	0.00	0.03	0.03	0.37	0.01	0.00	0.00	0.00	0.00	0.00	0.00	0.00	0.01	0.00	0.00	0.01	0.05	0.13	0.00	0.00	0.00	0.00	0.00	0.00	0.00	0.00	0.05	0.00	0.00	0.00	0.00	0.00	0.00	0.08	0.00	0.00	0.11	0.19	0.00
H2440R	0.28	0.25	0.25	0.25	0.25	0.10	0.00	0.10	0.28	0.25	0.25	0.25	0.03	0.01	0.28	0.00	0.25	0.04	0.09	0.09	0.25	0.00	0.00	0.00	0.00	0.10	0.00	0.00	0.00	0.00	0.02	0.00	0.00	0.03	0.02	0.25	0.02	0.00	0.00	0.00	0.00	0.00	0.00	0.00	0.01	0.00	0.01	0.01	0.00	0.21	0.00	0.00	0.00	0.00	0.00	0.00	0.00	0.00	0.04	0.00	0.00	0.00	0.00	0.00	0.28	0.20	0.00	0.00	0.00	0.00	0.00
A2466V	0.32	0.32	0.28	0.32	0.32	0.04	0.00	0.04	0.17	0.14	0.14	0.14	0.06	0.01	0.17	0.32	0.24	0.00	0.19	0.28	0.25	0.00	0.00	0.00	0.00	0.04	0.00	0.00	0.00	0.00	0.01	0.01	0.00	0.06	0.03	0.14	0.02	0.00	0.00	0.00	0.00	0.00	0.00	0.00	0.00	0.00	0.01	0.00	0.00	0.00	0.00	0.00	0.00	0.00	0.00	0.00	0.00	0.00	0.00	0.00	0.00	0.00	0.00	0.00	0.17	0.06	0.00	0.00	0.00	0.00	0.02
K2472T	0.38	0.26	0.26	0.25	0.25	0.04	0.00	0.04	0.38	0.04	0.04	0.03	0.04	0.01	0.38	0.25	0.23	0.01	0.26	0.26	0.25	0.00	0.00	0.00	0.00	0.04	0.00	0.00	0.00	0.00	0.00	0.00	0.00	0.03	0.04	0.03	0.02	0.00	0.00	0.00	0.00	0.00	0.00	0.00	0.00	0.00	0.00	0.00	0.07	0.08	0.00	0.00	0.00	0.02	0.00	0.00	0.00	0.00	0.02	0.00	0.00	0.00	0.00	0.00	0.07	0.05	0.00	0.00	0.38	0.07	0.00
I2490T	0.38	0.38	0.26	0.38	0.38	0.06	0.00	0.06	0.36	0.36	0.36	0.36	0.09	0.03	0.11	0.38	0.19	0.05	0.26	0.03	0.24	0.00	0.00	0.00	0.00	0.06	0.00	0.00	0.00	0.00	0.19	0.20	0.00	0.09	0.06	0.36	0.02	0.00	0.00	0.00	0.00	0.00	0.00	0.02	0.03	0.01	0.02	0.03	0.00	0.10	0.00	0.00	0.00	0.00	0.00	0.00	0.00	0.00	0.02	0.00	0.00	0.00	0.00	0.00	0.11	0.08	0.00	0.00	0.00	0.00	0.04
T2515I	0.26	0.26	0.26	0.21	0.21	0.02	0.00	0.02	0.23	0.17	0.16	0.16	0.14	0.01	0.23	0.21	0.17	0.02	0.08	0.26	0.25	0.00	0.00	0.00	0.00	0.02	0.00	0.00	0.00	0.00	0.06	0.17	0.00	0.04	0.14	0.16	0.00	0.00	0.00	0.00	0.00	0.00	0.00	0.00	0.00	0.00	0.00	0.00	0.09	0.13	0.00	0.00	0.00	0.00	0.00	0.00	0.00	0.00	0.04	0.00	0.00	0.00	0.00	0.00	0.23	0.02	0.00	0.00	0.09	0.08	0.00
W2626C	0.22	0.22	0.22	0.07	0.07	0.03	0.00	0.03	0.20	0.20	0.20	0.16	0.20	0.04	0.08	0.00	0.07	0.02	0.22	0.03	0.08	0.00	0.00	0.00	0.00	0.00	0.00	0.00	0.00	0.01	0.15	0.02	0.00	0.15	0.20	0.16	0.05	0.00	0.00	0.00	0.02	0.00	0.00	0.02	0.04	0.00	0.00	0.04	0.05	0.08	0.00	0.00	0.00	0.00	0.00	0.00	0.00	0.00	0.00	0.00	0.00	0.00	0.00	0.00	0.04	0.01	0.00	0.00	0.03	0.02	0.01
I2627F	0.22	0.22	0.22	0.08	0.08	0.03	0.00	0.03	0.19	0.19	0.19	0.15	0.19	0.04	0.08	0.00	0.08	0.00	0.22	0.03	0.08	0.00	0.00	0.00	0.00	0.00	0.00	0.00	0.00	0.02	0.14	0.02	0.00	0.09	0.19	0.15	0.06	0.00	0.00	0.00	0.02	0.00	0.00	0.02	0.04	0.00	0.00	0.01	0.06	0.08	0.00	0.00	0.00	0.00	0.00	0.00	0.00	0.00	0.00	0.00	0.00	0.00	0.00	0.00	0.03	0.00	0.00	0.00	0.02	0.02	0.00
R2659T	0.29	0.29	0.29	0.24	0.24	0.03	0.00	0.03	0.18	0.18	0.18	0.13	0.18	0.06	0.16	0.24	0.14	0.02	0.29	0.28	0.08	0.00	0.00	0.00	0.00	0.03	0.00	0.00	0.00	0.03	0.10	0.14	0.00	0.18	0.18	0.13	0.06	0.00	0.00	0.00	0.00	0.00	0.00	0.06	0.01	0.01	0.03	0.01	0.16	0.07	0.00	0.00	0.00	0.00	0.00	0.00	0.00	0.00	0.02	0.00	0.00	0.00	0.00	0.00	0.14	0.04	0.00	0.00	0.04	0.06	0.05
E2663V	0.30	0.30	0.27	0.30	0.30	0.03	0.00	0.03	0.19	0.19	0.19	0.19	0.19	0.06	0.17	0.30	0.19	0.04	0.26	0.27	0.25	0.00	0.00	0.00	0.00	0.01	0.00	0.00	0.00	0.03	0.19	0.14	0.00	0.17	0.19	0.13	0.06	0.00	0.00	0.00	0.00	0.00	0.00	0.06	0.00	0.00	0.02	0.01	0.00	0.11	0.00	0.00	0.00	0.00	0.00	0.00	0.00	0.00	0.00	0.00	0.00	0.00	0.00	0.00	0.17	0.05	0.00	0.00	0.00	0.00	0.03
A2717S	0.31	0.31	0.26	0.31	0.31	0.07	0.00	0.07	0.23	0.23	0.23	0.06	0.23	0.07	0.14	0.31	0.18	0.07	0.14	0.26	0.23	0.00	0.00	0.00	0.00	0.07	0.00	0.00	0.00	0.04	0.00	0.11	0.00	0.23	0.08	0.06	0.03	0.00	0.00	0.00	0.00	0.00	0.00	0.05	0.03	0.02	0.07	0.03	0.02	0.03	0.00	0.00	0.00	0.00	0.00	0.00	0.00	0.00	0.03	0.00	0.00	0.00	0.00	0.00	0.03	0.06	0.00	0.00	0.04	0.14	0.05
T2722R	0.28	0.28	0.26	0.10	0.10	0.03	0.00	0.03	0.28	0.25	0.25	0.09	0.25	0.28	0.11	0.05	0.10	0.04	0.13	0.26	0.24	0.00	0.00	0.00	0.00	0.03	0.00	0.00	0.00	0.22	0.02	0.12	0.00	0.18	0.25	0.09	0.21	0.00	0.00	0.00	0.12	0.00	0.00	0.28	0.18	0.02	0.06	0.07	0.00	0.11	0.00	0.00	0.00	0.00	0.00	0.00	0.00	0.00	0.00	0.00	0.00	0.00	0.00	0.00	0.04	0.04	0.00	0.00	0.00	0.00	0.03
D2723G	0.38	0.38	0.28	0.12	0.12	0.03	0.00	0.03	0.38	0.25	0.25	0.10	0.25	0.38	0.04	0.03	0.12	0.04	0.16	0.28	0.26	0.00	0.00	0.00	0.00	0.03	0.00	0.00	0.00	0.22	0.01	0.11	0.00	0.18	0.25	0.10	0.20	0.00	0.00	0.00	0.13	0.00	0.00	0.38	0.19	0.02	0.06	0.08	0.00	0.03	0.00	0.00	0.00	0.00	0.00	0.00	0.00	0.00	0.00	0.00	0.00	0.00	0.00	0.00	0.04	0.03	0.00	0.00	0.00	0.00	0.02
D2723H	0.33	0.33	0.29	0.11	0.11	0.03	0.00	0.03	0.33	0.26	0.26	0.10	0.26	0.33	0.04	0.03	0.11	0.04	0.16	0.29	0.26	0.00	0.00	0.00	0.00	0.03	0.00	0.00	0.00	0.21	0.01	0.11	0.00	0.18	0.26	0.10	0.20	0.00	0.00	0.00	0.29	0.00	0.00	0.26	0.33	0.02	0.06	0.16	0.00	0.03	0.00	0.00	0.00	0.00	0.00	0.00	0.00	0.00	0.00	0.00	0.00	0.00	0.00	0.00	0.04	0.03	0.00	0.00	0.00	0.00	0.01
K2729N	0.29	0.26	0.26	0.18	0.18	0.03	0.00	0.03	0.29	0.29	0.29	0.10	0.29	0.25	0.06	0.04	0.18	0.07	0.20	0.26	0.25	0.00	0.00	0.00	0.00	0.03	0.00	0.00	0.00	0.19	0.00	0.10	0.00	0.29	0.26	0.10	0.19	0.00	0.00	0.00	0.01	0.00	0.00	0.25	0.18	0.05	0.11	0.10	0.05	0.00	0.00	0.00	0.00	0.00	0.00	0.00	0.00	0.00	0.05	0.00	0.00	0.00	0.00	0.00	0.04	0.01	0.00	0.00	0.02	0.06	0.00
G2748D	0.27	0.26	0.26	0.13	0.13	0.06	0.00	0.06	0.27	0.27	0.12	0.05	0.12	0.10	0.17	0.05	0.13	0.03	0.14	0.24	0.26	0.00	0.00	0.00	0.00	0.02	0.00	0.00	0.00	0.08	0.04	0.27	0.00	0.10	0.12	0.05	0.13	0.00	0.00	0.00	0.00	0.00	0.00	0.08	0.00	0.05	0.10	0.01	0.17	0.10	0.00	0.00	0.00	0.00	0.00	0.00	0.00	0.00	0.06	0.00	0.00	0.00	0.00	0.00	0.02	0.00	0.00	0.00	0.06	0.05	0.01
R2842H	0.26	0.26	0.23	0.26	0.26	0.16	0.00	0.16	0.20	0.20	0.20	0.20	0.16	0.06	0.19	0.26	0.26	0.03	0.22	0.23	0.18	0.00	0.00	0.00	0.00	0.16	0.00	0.00	0.00	0.01	0.03	0.08	0.00	0.16	0.08	0.20	0.02	0.00	0.00	0.00	0.00	0.00	0.00	0.05	0.04	0.04	0.05	0.06	0.00	0.08	0.00	0.00	0.00	0.00	0.00	0.00	0.00	0.00	0.00	0.00	0.00	0.00	0.00	0.00	0.19	0.13	0.00	0.00	0.00	0.00	0.05
R2888C	0.36	0.36	0.20	0.36	0.36	0.26	0.00	0.02	0.26	0.11	0.11	0.11	0.05	0.00	0.26	0.36	0.16	0.01	0.20	0.07	0.20	0.00	0.00	0.00	0.00	0.00	0.00	0.00	0.00	0.00	0.11	0.02	0.00	0.05	0.03	0.09	0.01	0.00	0.00	0.00	0.00	0.00	0.00	0.00	0.00	0.00	0.00	0.00	0.00	0.26	0.00	0.00	0.00	0.02	0.00	0.00	0.00	0.00	0.01	0.00	0.00	0.00	0.00	0.00	0.25	0.12	0.00	0.00	0.00	0.00	0.01
I2944F	0.26	0.26	0.02	0.26	0.26	0.06	0.00	0.06	0.22	0.22	0.22	0.22	0.03	0.01	0.17	0.26	0.21	0.02	0.02	0.00	0.01	0.00	0.00	0.00	0.00	0.06	0.00	0.00	0.00	0.00	0.15	0.02	0.00	0.03	0.03	0.22	0.00	0.00	0.00	0.00	0.00	0.00	0.00	0.00	0.00	0.00	0.00	0.00	0.17	0.09	0.00	0.00	0.00	0.00	0.00	0.00	0.00	0.00	0.02	0.00	0.00	0.00	0.00	0.00	0.00	0.00	0.00	0.00	0.06	0.12	0.02
A2951T	0.26	0.26	0.08	0.26	0.26	0.06	0.00	0.06	0.19	0.19	0.19	0.19	0.02	0.01	0.13	0.26	0.21	0.02	0.08	0.02	0.04	0.00	0.00	0.00	0.00	0.06	0.00	0.00	0.00	0.00	0.08	0.00	0.00	0.02	0.02	0.19	0.00	0.00	0.00	0.00	0.00	0.00	0.00	0.00	0.00	0.00	0.00	0.00	0.06	0.09	0.00	0.00	0.00	0.00	0.00	0.00	0.00	0.00	0.03	0.00	0.00	0.00	0.00	0.00	0.07	0.02	0.00	0.00	0.13	0.12	0.02
V2969M	0.99	0.99	0.25	0.25	0.25	0.99	0.00	0.04	0.23	0.23	0.23	0.23	0.08	0.02	0.16	0.25	0.13	0.02	0.02	0.25	0.23	0.00	0.00	0.00	0.00	0.02	0.00	0.00	0.00	0.00	0.23	0.16	0.00	0.08	0.05	0.17	0.03	0.00	0.00	0.00	0.00	0.00	0.00	0.00	0.02	0.00	0.02	0.00	0.16	0.11	0.00	0.00	0.00	0.00	0.00	0.00	0.00	0.00	0.02	0.00	0.00	0.00	0.00	0.00	0.08	0.14	0.00	0.00	0.12	0.04	0.10
R2973C	0.25	0.25	0.25	0.19	0.19	0.04	0.00	0.04	0.25	0.25	0.25	0.25	0.11	0.01	0.16	0.19	0.17	0.02	0.01	0.15	0.25	0.00	0.00	0.00	0.00	0.02	0.00	0.00	0.00	0.00	0.25	0.15	0.00	0.11	0.08	0.15	0.01	0.00	0.00	0.00	0.01	0.00	0.00	0.00	0.01	0.00	0.00	0.00	0.16	0.13	0.00	0.00	0.00	0.00	0.00	0.00	0.00	0.00	0.02	0.00	0.00	0.00	0.00	0.00	0.15	0.14	0.00	0.00	0.11	0.04	0.05
R3052W	0.26	0.26	0.26	0.17	0.17	0.02	0.00	0.02	0.24	0.24	0.24	0.19	0.24	0.03	0.10	0.12	0.17	0.01	0.26	0.20	0.20	0.00	0.00	0.00	0.00	0.02	0.00	0.00	0.00	0.00	0.00	0.00	0.00	0.04	0.24	0.19	0.07	0.00	0.00	0.00	0.00	0.00	0.00	0.00	0.03	0.00	0.00	0.00	0.00	0.07	0.00	0.00	0.00	0.00	0.00	0.00	0.00	0.00	0.00	0.00	0.00	0.00	0.00	0.00	0.10	0.02	0.00	0.00	0.00	0.00	0.00
V3079I	0.20	0.20	0.20	0.16	0.16	0.07	0.00	0.07	0.10	0.10	0.10	0.01	0.10	0.02	0.08	0.03	0.16	0.05	0.01	0.16	0.20	0.00	0.00	0.00	0.00	0.07	0.00	0.00	0.00	0.00	0.01	0.01	0.00	0.10	0.08	0.01	0.07	0.00	0.00	0.00	0.00	0.00	0.00	0.00	0.00	0.00	0.02	0.00	0.04	0.00	0.00	0.00	0.00	0.00	0.00	0.00	0.00	0.00	0.04	0.00	0.00	0.00	0.00	0.00	0.00	0.02	0.00	0.00	0.04	0.08	0.03
Y3098H	0.31	0.31	0.24	0.14	0.14	0.15	0.00	0.15	0.31	0.14	0.14	0.10	0.14	0.31	0.05	0.01	0.14	0.04	0.05	0.24	0.22	0.00	0.00	0.00	0.00	0.15	0.00	0.00	0.00	0.00	0.00	0.00	0.00	0.10	0.14	0.10	0.03	0.00	0.00	0.00	0.01	0.00	0.00	0.05	0.13	0.00	0.06	0.31	0.00	0.05	0.00	0.00	0.00	0.00	0.00	0.00	0.00	0.00	0.00	0.00	0.00	0.00	0.00	0.00	0.05	0.00	0.00	0.00	0.00	0.00	0.02
D3170G	0.26	0.26	0.26	0.16	0.16	0.18	0.00	0.04	0.12	0.12	0.12	0.06	0.12	0.04	0.04	0.10	0.16	0.10	0.26	0.02	0.11	0.00	0.00	0.00	0.00	0.02	0.00	0.00	0.00	0.00	0.01	0.01	0.00	0.12	0.06	0.06	0.04	0.00	0.00	0.00	0.00	0.00	0.00	0.02	0.03	0.00	0.02	0.04	0.00	0.04	0.00	0.00	0.00	0.00	0.00	0.00	0.00	0.00	0.00	0.00	0.00	0.00	0.00	0.00	0.01	0.00	0.00	0.00	0.00	0.00	0.05
C3198R	0.39	0.39	0.25	0.39	0.39	0.08	0.00	0.08	0.24	0.12	0.12	0.11	0.12	0.01	0.24	0.39	0.22	0.01	0.06	0.13	0.25	0.00	0.00	0.00	0.00	0.08	0.00	0.00	0.00	0.00	0.01	0.03	0.00	0.09	0.12	0.11	0.02	0.00	0.00	0.00	0.00	0.00	0.00	0.00	0.00	0.01	0.00	0.00	0.02	0.24	0.00	0.00	0.00	0.04	0.00	0.00	0.00	0.00	0.04	0.00	0.00	0.00	0.00	0.00	0.18	0.06	0.00	0.00	0.09	0.17	0.01
V3244I	0.21	0.21	0.21	0.17	0.17	0.02	0.00	0.02	0.21	0.21	0.21	0.21	0.02	0.00	0.16	0.05	0.17	0.00	0.15	0.14	0.21	0.00	0.00	0.00	0.00	0.02	0.00	0.00	0.00	0.00	0.07	0.00	0.00	0.02	0.02	0.21	0.00	0.00	0.00	0.00	0.00	0.00	0.00	0.00	0.00	0.00	0.00	0.00	0.00	0.00	0.00	0.00	0.00	0.00	0.00	0.00	0.00	0.00	0.00	0.00	0.00	0.00	0.00	0.00	0.16	0.06	0.00	0.00	0.00	0.00	0.00
T3349A	0.26	0.26	0.26	0.25	0.25	0.20	0.00	0.02	0.25	0.25	0.25	0.25	0.09	0.03	0.04	0.25	0.16	0.02	0.26	0.09	0.24	0.00	0.00	0.00	0.00	0.02	0.00	0.00	0.00	0.01	0.00	0.00	0.00	0.04	0.09	0.25	0.02	0.00	0.00	0.00	0.00	0.00	0.00	0.02	0.00	0.02	0.03	0.00	0.00	0.00	0.00	0.00	0.00	0.00	0.00	0.00	0.00	0.00	0.00	0.00	0.00	0.00	0.00	0.00	0.04	0.01	0.00	0.00	0.00	0.00	0.03
I3412V	0.53	0.25	0.25	0.22	0.22	0.15	0.00	0.09	0.53	0.53	0.53	0.53	0.11	0.05	0.24	0.00	0.22	0.09	0.25	0.19	0.15	0.00	0.00	0.00	0.00	0.09	0.00	0.00	0.00	0.00	0.09	0.06	0.00	0.09	0.11	0.53	0.02	0.00	0.00	0.00	0.00	0.00	0.00	0.02	0.05	0.01	0.01	0.01	0.24	0.00	0.00	0.00	0.00	0.00	0.00	0.00	0.00	0.00	0.11	0.00	0.00	0.00	0.00	0.00	0.24	0.10	0.00	0.00	0.11	0.11	0.00
