# Variant	Altered Effect	Altered Structure_and_dynamics	Altered Secondary_structure	Altered Stability_and_conformational_flexibility	Altered Conformational_flexibility	Altered Special_structural_signatures	Altered Signal_peptide	Altered Transmembrane_protein	Altered Functional_residue	Altered Macromolecular_binding	Altered Protein_binding	Altered Disordered_interface	Altered Ordered_interface	Altered Metal_binding	Altered PTM_site	Intrinsic_disorder	B-factor	Relative_solvent_accessibility	Helix	Strand	Loop	N-terminal_signal	Signal_helix	C-terminal_signal	Signal_cleavage	Cytoplasmic_loop	Transmembrane_region	Non_cytoplasmic_loop	Coiled_coil	Catalytic_site	Calmodulin_binding	DNA_binding	RNA_binding	PPI_residue	PPI_hotspot	MoRF	Allosteric_site	Cadmium_binding	Calcium_binding	Cobalt_binding	Copper_binding	Iron_binding	Magnesium_binding	Manganese_binding	Nickel_binding	Potassium_binding	Sodium_binding	Zinc_binding	Acetylation	ADP-ribosylation	Amidation	C-linked_glycosylation	Carboxylation	Disulfide_linkage	Farnesylation	Geranylgeranylation	GPI_anchor_amidation	Hydroxylation	Methylation	Myristoylation	N-terminal_acetylation	N-linked_glycosylation	O-linked_glycosylation	Palmitoylation	Phosphorylation	Proteolytic_cleavage	Pyrrolidone_carboxylic_acid	Sulfation	SUMOylation	Ubiquitylation	Stability
L22S	0.27	0.25	0.25	0.12	0.12	0.19	0.00	0.19	0.27	0.27	0.27	0.27	0.11	0.24	0.08	0.05	0.12	0.11	0.25	0.06	0.20	0.00	0.00	0.00	0.00	0.19	0.00	0.00	0.00	0.01	0.00	0.00	0.00	0.11	0.11	0.27	0.10	0.00	0.00	0.00	0.00	0.00	0.00	0.03	0.02	0.02	0.06	0.24	0.03	0.02	0.00	0.00	0.00	0.00	0.00	0.00	0.00	0.00	0.00	0.00	0.00	0.00	0.00	0.00	0.00	0.00	0.00	0.00	0.08	0.02	0.00
T37K	0.27	0.27	0.27	0.20	0.20	0.06	0.00	0.06	0.24	0.24	0.24	0.24	0.11	0.18	0.12	0.16	0.20	0.05	0.27	0.11	0.23	0.00	0.00	0.00	0.00	0.06	0.00	0.00	0.00	0.00	0.03	0.00	0.00	0.05	0.11	0.24	0.06	0.00	0.00	0.00	0.03	0.00	0.00	0.05	0.16	0.02	0.03	0.18	0.04	0.02	0.00	0.00	0.00	0.00	0.00	0.00	0.00	0.00	0.00	0.00	0.00	0.00	0.02	0.00	0.00	0.02	0.00	0.00	0.12	0.00	0.00
C39R	0.31	0.31	0.27	0.16	0.16	0.15	0.00	0.15	0.31	0.27	0.27	0.27	0.13	0.31	0.10	0.13	0.16	0.05	0.27	0.14	0.23	0.00	0.00	0.00	0.00	0.15	0.00	0.00	0.00	0.02	0.04	0.00	0.00	0.04	0.13	0.27	0.06	0.00	0.00	0.00	0.04	0.00	0.00	0.04	0.16	0.00	0.02	0.31	0.06	0.10	0.00	0.00	0.00	0.00	0.00	0.00	0.00	0.00	0.00	0.00	0.00	0.00	0.02	0.00	0.01	0.04	0.00	0.00	0.07	0.02	0.00
H41R	0.33	0.33	0.27	0.16	0.16	0.11	0.00	0.11	0.33	0.24	0.24	0.24	0.13	0.33	0.16	0.16	0.15	0.06	0.27	0.13	0.23	0.00	0.00	0.00	0.00	0.11	0.00	0.00	0.00	0.00	0.07	0.00	0.00	0.04	0.13	0.24	0.06	0.00	0.00	0.00	0.04	0.00	0.00	0.04	0.18	0.00	0.02	0.33	0.16	0.09	0.00	0.00	0.00	0.00	0.00	0.00	0.00	0.00	0.00	0.00	0.00	0.00	0.03	0.00	0.00	0.03	0.00	0.00	0.07	0.00	0.00
C44S	0.36	0.36	0.25	0.19	0.19	0.17	0.00	0.17	0.36	0.36	0.36	0.36	0.13	0.36	0.13	0.19	0.10	0.04	0.25	0.15	0.13	0.00	0.00	0.00	0.00	0.17	0.00	0.00	0.00	0.00	0.04	0.00	0.00	0.05	0.13	0.36	0.07	0.00	0.00	0.00	0.04	0.00	0.00	0.06	0.20	0.00	0.04	0.36	0.13	0.00	0.00	0.00	0.00	0.00	0.00	0.00	0.00	0.00	0.00	0.00	0.00	0.00	0.00	0.00	0.02	0.02	0.00	0.00	0.06	0.00	0.00
C44Y	0.40	0.37	0.25	0.17	0.17	0.17	0.00	0.17	0.40	0.40	0.40	0.40	0.22	0.37	0.14	0.17	0.10	0.03	0.25	0.15	0.13	0.00	0.00	0.00	0.00	0.17	0.00	0.00	0.00	0.01	0.03	0.00	0.00	0.07	0.22	0.40	0.09	0.00	0.00	0.00	0.06	0.00	0.00	0.07	0.18	0.00	0.03	0.37	0.14	0.00	0.00	0.00	0.00	0.00	0.00	0.00	0.00	0.00	0.00	0.00	0.00	0.00	0.00	0.00	0.02	0.02	0.00	0.00	0.06	0.00	0.00
K45Q	0.28	0.28	0.25	0.18	0.18	0.11	0.00	0.11	0.28	0.24	0.24	0.24	0.14	0.28	0.14	0.18	0.10	0.02	0.25	0.14	0.12	0.00	0.00	0.00	0.00	0.11	0.00	0.00	0.00	0.00	0.03	0.00	0.00	0.05	0.14	0.24	0.06	0.00	0.00	0.00	0.04	0.00	0.00	0.04	0.16	0.00	0.02	0.28	0.14	0.00	0.00	0.00	0.00	0.00	0.00	0.00	0.00	0.00	0.00	0.00	0.00	0.00	0.00	0.00	0.00	0.02	0.00	0.00	0.07	0.00	0.00
C61G	0.33	0.33	0.27	0.33	0.33	0.11	0.00	0.11	0.24	0.23	0.23	0.23	0.09	0.24	0.08	0.33	0.27	0.03	0.16	0.09	0.27	0.00	0.00	0.00	0.00	0.11	0.00	0.00	0.00	0.00	0.02	0.00	0.00	0.05	0.09	0.23	0.03	0.00	0.00	0.00	0.00	0.00	0.00	0.00	0.00	0.00	0.01	0.24	0.08	0.00	0.00	0.00	0.00	0.00	0.00	0.00	0.00	0.00	0.02	0.00	0.00	0.00	0.02	0.00	0.05	0.02	0.00	0.00	0.08	0.03	0.00
D67Y	0.38	0.29	0.24	0.29	0.29	0.07	0.00	0.07	0.38	0.38	0.38	0.38	0.22	0.16	0.13	0.29	0.14	0.02	0.24	0.11	0.24	0.00	0.00	0.00	0.00	0.07	0.00	0.00	0.00	0.00	0.03	0.00	0.00	0.04	0.22	0.38	0.05	0.00	0.00	0.00	0.00	0.00	0.00	0.00	0.00	0.00	0.00	0.16	0.07	0.13	0.00	0.00	0.00	0.00	0.00	0.00	0.00	0.00	0.01	0.00	0.00	0.00	0.00	0.00	0.08	0.09	0.00	0.00	0.09	0.03	0.00
Y105C	0.33	0.31	0.26	0.31	0.31	0.05	0.00	0.05	0.33	0.33	0.33	0.33	0.24	0.01	0.22	0.31	0.21	0.09	0.26	0.18	0.26	0.00	0.00	0.00	0.00	0.05	0.00	0.00	0.00	0.00	0.00	0.00	0.00	0.15	0.24	0.33	0.05	0.00	0.00	0.00	0.00	0.00	0.00	0.00	0.00	0.00	0.01	0.00	0.13	0.07	0.00	0.00	0.00	0.00	0.00	0.00	0.00	0.00	0.14	0.00	0.00	0.00	0.00	0.00	0.22	0.02	0.00	0.00	0.08	0.15	0.00
I124V	0.36	0.27	0.25	0.27	0.27	0.04	0.00	0.04	0.36	0.36	0.36	0.36	0.09	0.05	0.13	0.27	0.16	0.02	0.25	0.25	0.25	0.00	0.00	0.00	0.00	0.01	0.00	0.00	0.00	0.00	0.13	0.00	0.00	0.05	0.09	0.36	0.04	0.00	0.00	0.00	0.00	0.00	0.00	0.05	0.02	0.02	0.03	0.03	0.11	0.02	0.00	0.00	0.00	0.00	0.00	0.00	0.00	0.00	0.11	0.00	0.00	0.00	0.01	0.00	0.13	0.02	0.00	0.00	0.12	0.11	0.00
N132K	0.30	0.30	0.26	0.30	0.30	0.04	0.00	0.04	0.27	0.27	0.27	0.27	0.17	0.03	0.22	0.30	0.17	0.01	0.26	0.19	0.25	0.00	0.00	0.00	0.00	0.03	0.00	0.00	0.00	0.00	0.21	0.00	0.00	0.06	0.17	0.27	0.08	0.00	0.00	0.00	0.00	0.00	0.00	0.01	0.01	0.02	0.03	0.00	0.11	0.10	0.00	0.00	0.00	0.00	0.00	0.00	0.00	0.00	0.11	0.00	0.00	0.00	0.00	0.00	0.22	0.10	0.00	0.00	0.15	0.10	0.00
P142H	0.27	0.27	0.26	0.27	0.27	0.03	0.00	0.03	0.27	0.27	0.27	0.27	0.05	0.08	0.13	0.25	0.27	0.03	0.22	0.06	0.26	0.00	0.00	0.00	0.00	0.03	0.00	0.00	0.00	0.00	0.07	0.00	0.00	0.03	0.05	0.27	0.02	0.00	0.00	0.00	0.00	0.00	0.00	0.02	0.02	0.00	0.01	0.08	0.00	0.03	0.00	0.00	0.00	0.00	0.00	0.00	0.00	0.00	0.00	0.00	0.00	0.00	0.01	0.00	0.13	0.05	0.00	0.00	0.00	0.00	0.00
E143K	0.27	0.25	0.25	0.25	0.25	0.03	0.00	0.03	0.27	0.27	0.27	0.27	0.05	0.01	0.20	0.00	0.25	0.02	0.23	0.09	0.25	0.00	0.00	0.00	0.00	0.03	0.00	0.00	0.00	0.00	0.10	0.00	0.00	0.03	0.05	0.27	0.01	0.00	0.00	0.00	0.00	0.00	0.00	0.00	0.00	0.00	0.00	0.01	0.09	0.04	0.00	0.00	0.00	0.00	0.00	0.00	0.00	0.00	0.07	0.00	0.00	0.00	0.01	0.00	0.12	0.05	0.00	0.00	0.20	0.18	0.00
Q155E	0.29	0.26	0.26	0.14	0.14	0.02	0.00	0.02	0.29	0.29	0.29	0.29	0.05	0.01	0.09	0.10	0.14	0.01	0.23	0.24	0.26	0.00	0.00	0.00	0.00	0.02	0.00	0.00	0.00	0.00	0.13	0.00	0.00	0.05	0.05	0.29	0.00	0.00	0.00	0.00	0.00	0.00	0.00	0.00	0.00	0.00	0.01	0.00	0.00	0.07	0.00	0.00	0.00	0.00	0.00	0.00	0.00	0.00	0.00	0.00	0.00	0.00	0.04	0.00	0.09	0.02	0.00	0.00	0.00	0.00	0.00
Y179C	0.46	0.32	0.29	0.32	0.32	0.02	0.00	0.02	0.46	0.23	0.23	0.23	0.22	0.05	0.46	0.32	0.21	0.03	0.08	0.26	0.29	0.00	0.00	0.00	0.00	0.00	0.00	0.00	0.00	0.00	0.07	0.00	0.00	0.07	0.22	0.23	0.02	0.00	0.00	0.00	0.00	0.00	0.00	0.05	0.03	0.02	0.03	0.04	0.09	0.03	0.00	0.00	0.00	0.00	0.00	0.00	0.00	0.00	0.07	0.00	0.00	0.00	0.03	0.00	0.46	0.03	0.00	0.00	0.08	0.08	0.00
S186Y	0.32	0.32	0.27	0.32	0.32	0.02	0.00	0.02	0.29	0.16	0.16	0.16	0.15	0.09	0.29	0.32	0.32	0.06	0.25	0.26	0.27	0.00	0.00	0.00	0.00	0.00	0.00	0.00	0.00	0.01	0.00	0.00	0.00	0.10	0.15	0.16	0.06	0.00	0.00	0.00	0.00	0.00	0.00	0.09	0.03	0.04	0.08	0.04	0.00	0.03	0.00	0.00	0.00	0.00	0.00	0.00	0.00	0.00	0.00	0.00	0.00	0.00	0.05	0.00	0.29	0.05	0.00	0.11	0.00	0.00	0.00
V191I	0.29	0.25	0.25	0.25	0.25	0.01	0.00	0.01	0.29	0.29	0.29	0.29	0.12	0.09	0.24	0.25	0.24	0.04	0.25	0.15	0.25	0.00	0.00	0.00	0.00	0.01	0.00	0.00	0.00	0.01	0.00	0.00	0.00	0.08	0.12	0.29	0.05	0.00	0.00	0.00	0.00	0.00	0.00	0.09	0.02	0.03	0.07	0.02	0.04	0.03	0.00	0.00	0.00	0.00	0.00	0.00	0.00	0.00	0.11	0.00	0.00	0.00	0.05	0.00	0.24	0.05	0.00	0.00	0.07	0.13	0.00
D214G	0.28	0.28	0.28	0.28	0.28	0.04	0.00	0.04	0.16	0.14	0.14	0.14	0.09	0.04	0.16	0.28	0.19	0.10	0.28	0.07	0.18	0.00	0.00	0.00	0.00	0.04	0.00	0.00	0.00	0.00	0.01	0.00	0.00	0.06	0.09	0.14	0.02	0.00	0.00	0.00	0.00	0.00	0.00	0.01	0.02	0.00	0.02	0.04	0.00	0.16	0.00	0.00	0.00	0.00	0.00	0.00	0.00	0.00	0.02	0.00	0.00	0.00	0.03	0.00	0.15	0.04	0.00	0.00	0.00	0.00	0.00
L246V	0.27	0.27	0.27	0.23	0.23	0.01	0.00	0.01	0.14	0.11	0.11	0.11	0.05	0.02	0.14	0.00	0.23	0.04	0.27	0.11	0.18	0.00	0.00	0.00	0.00	0.00	0.00	0.00	0.00	0.00	0.02	0.00	0.00	0.04	0.05	0.11	0.02	0.00	0.00	0.00	0.00	0.00	0.00	0.01	0.01	0.02	0.02	0.00	0.12	0.03	0.00	0.00	0.00	0.00	0.00	0.00	0.00	0.00	0.06	0.00	0.00	0.00	0.05	0.00	0.11	0.05	0.00	0.00	0.13	0.14	0.00
A280G	0.26	0.26	0.24	0.26	0.26	0.01	0.00	0.01	0.07	0.07	0.07	0.07	0.05	0.04	0.04	0.26	0.20	0.01	0.17	0.16	0.24	0.00	0.00	0.00	0.00	0.01	0.00	0.00	0.00	0.00	0.00	0.00	0.00	0.04	0.05	0.07	0.00	0.00	0.00	0.00	0.00	0.00	0.00	0.00	0.04	0.00	0.01	0.01	0.00	0.00	0.00	0.00	0.00	0.00	0.00	0.00	0.00	0.00	0.00	0.00	0.00	0.00	0.03	0.00	0.04	0.01	0.00	0.00	0.00	0.00	0.00
M297I	0.40	0.40	0.26	0.40	0.40	0.05	0.00	0.05	0.24	0.21	0.21	0.21	0.12	0.05	0.24	0.40	0.15	0.08	0.22	0.25	0.26	0.00	0.00	0.00	0.00	0.05	0.00	0.00	0.00	0.00	0.03	0.00	0.00	0.12	0.05	0.21	0.00	0.00	0.00	0.00	0.00	0.00	0.00	0.02	0.01	0.00	0.02	0.05	0.17	0.12	0.00	0.00	0.00	0.00	0.00	0.00	0.00	0.00	0.05	0.00	0.00	0.00	0.00	0.00	0.07	0.03	0.00	0.00	0.24	0.13	0.00
P334L	0.26	0.26	0.26	0.24	0.24	0.01	0.00	0.01	0.24	0.15	0.15	0.15	0.05	0.03	0.24	0.00	0.24	0.04	0.17	0.24	0.26	0.00	0.00	0.00	0.00	0.00	0.00	0.00	0.00	0.00	0.08	0.00	0.00	0.04	0.05	0.15	0.02	0.00	0.00	0.00	0.00	0.00	0.00	0.00	0.01	0.00	0.03	0.01	0.17	0.15	0.00	0.00	0.00	0.00	0.00	0.00	0.00	0.00	0.07	0.00	0.00	0.00	0.03	0.00	0.24	0.08	0.00	0.00	0.21	0.08	0.00
Q356R	0.26	0.26	0.26	0.21	0.21	0.02	0.00	0.02	0.16	0.08	0.08	0.08	0.05	0.01	0.16	0.21	0.18	0.00	0.26	0.08	0.21	0.00	0.00	0.00	0.00	0.00	0.00	0.00	0.00	0.00	0.03	0.00	0.00	0.02	0.05	0.08	0.00	0.00	0.00	0.00	0.00	0.00	0.00	0.00	0.00	0.00	0.00	0.00	0.06	0.10	0.00	0.00	0.00	0.00	0.00	0.00	0.00	0.00	0.00	0.00	0.00	0.00	0.01	0.00	0.05	0.01	0.00	0.00	0.16	0.04	0.00
D369N	0.27	0.27	0.27	0.26	0.26	0.02	0.00	0.02	0.18	0.18	0.18	0.18	0.14	0.02	0.13	0.26	0.22	0.01	0.15	0.27	0.25	0.00	0.00	0.00	0.00	0.01	0.00	0.00	0.00	0.00	0.03	0.00	0.00	0.07	0.14	0.18	0.01	0.00	0.00	0.00	0.00	0.00	0.00	0.00	0.02	0.00	0.01	0.02	0.00	0.13	0.00	0.00	0.00	0.00	0.00	0.00	0.00	0.00	0.00	0.00	0.00	0.00	0.01	0.00	0.04	0.06	0.00	0.00	0.00	0.00	0.00
N473S	0.26	0.24	0.23	0.24	0.24	0.04	0.00	0.04	0.26	0.26	0.26	0.15	0.26	0.13	0.14	0.24	0.18	0.11	0.14	0.20	0.23	0.00	0.00	0.00	0.00	0.02	0.00	0.00	0.00	0.01	0.06	0.00	0.00	0.26	0.09	0.15	0.12	0.00	0.00	0.00	0.03	0.00	0.00	0.03	0.08	0.04	0.06	0.13	0.06	0.00	0.00	0.00	0.00	0.00	0.00	0.00	0.00	0.00	0.14	0.00	0.00	0.00	0.01	0.00	0.07	0.00	0.00	0.00	0.06	0.05	0.00
F486L	0.26	0.26	0.26	0.13	0.13	0.04	0.00	0.04	0.21	0.21	0.21	0.17	0.21	0.08	0.03	0.13	0.11	0.02	0.12	0.26	0.22	0.00	0.00	0.00	0.00	0.01	0.00	0.00	0.00	0.03	0.01	0.00	0.00	0.21	0.05	0.17	0.04	0.00	0.00	0.00	0.00	0.00	0.00	0.06	0.05	0.03	0.05	0.08	0.00	0.03	0.00	0.00	0.00	0.00	0.00	0.00	0.00	0.00	0.00	0.00	0.00	0.00	0.02	0.00	0.02	0.01	0.00	0.00	0.00	0.00	0.00
R496C	0.33	0.33	0.26	0.33	0.33	0.07	0.00	0.07	0.27	0.27	0.27	0.17	0.27	0.07	0.10	0.33	0.18	0.06	0.26	0.05	0.18	0.00	0.00	0.00	0.00	0.00	0.00	0.00	0.00	0.00	0.12	0.00	0.00	0.27	0.07	0.17	0.03	0.00	0.00	0.00	0.00	0.00	0.00	0.00	0.01	0.01	0.03	0.07	0.09	0.10	0.00	0.00	0.00	0.00	0.00	0.00	0.00	0.00	0.08	0.00	0.00	0.00	0.00	0.00	0.07	0.00	0.00	0.00	0.10	0.03	0.00
R496H	0.27	0.27	0.26	0.27	0.27	0.07	0.00	0.07	0.25	0.25	0.24	0.15	0.24	0.06	0.10	0.27	0.18	0.05	0.26	0.05	0.19	0.00	0.00	0.00	0.00	0.00	0.00	0.00	0.00	0.00	0.12	0.00	0.00	0.24	0.07	0.15	0.03	0.00	0.00	0.00	0.00	0.00	0.00	0.00	0.06	0.01	0.03	0.06	0.09	0.10	0.00	0.00	0.00	0.00	0.00	0.00	0.00	0.00	0.08	0.00	0.00	0.00	0.00	0.00	0.07	0.00	0.00	0.00	0.10	0.03	0.00
R504H	0.37	0.28	0.26	0.28	0.28	0.05	0.00	0.05	0.37	0.37	0.16	0.16	0.14	0.02	0.14	0.28	0.23	0.03	0.25	0.26	0.22	0.00	0.00	0.00	0.00	0.00	0.00	0.00	0.00	0.00	0.15	0.00	0.00	0.14	0.07	0.16	0.09	0.00	0.00	0.00	0.00	0.00	0.00	0.01	0.02	0.01	0.00	0.00	0.09	0.10	0.00	0.00	0.00	0.00	0.00	0.00	0.00	0.00	0.09	0.00	0.00	0.00	0.02	0.00	0.12	0.03	0.00	0.00	0.14	0.03	0.00
N550H	0.25	0.25	0.25	0.22	0.22	0.02	0.00	0.02	0.17	0.17	0.17	0.17	0.14	0.09	0.09	0.00	0.22	0.03	0.10	0.24	0.25	0.00	0.00	0.00	0.00	0.01	0.00	0.00	0.00	0.01	0.03	0.00	0.00	0.14	0.02	0.17	0.02	0.00	0.00	0.00	0.09	0.00	0.00	0.03	0.07	0.03	0.05	0.08	0.00	0.02	0.00	0.00	0.00	0.00	0.00	0.00	0.00	0.00	0.00	0.00	0.00	0.00	0.03	0.00	0.09	0.02	0.00	0.00	0.00	0.00	0.00
E597K	0.26	0.26	0.26	0.16	0.16	0.02	0.00	0.02	0.25	0.25	0.25	0.25	0.05	0.03	0.20	0.00	0.16	0.01	0.11	0.25	0.26	0.00	0.00	0.00	0.00	0.00	0.00	0.00	0.00	0.00	0.21	0.00	0.00	0.05	0.02	0.25	0.01	0.00	0.00	0.00	0.01	0.00	0.00	0.03	0.03	0.00	0.01	0.02	0.12	0.02	0.00	0.00	0.00	0.00	0.00	0.00	0.00	0.00	0.08	0.00	0.00	0.00	0.01	0.00	0.18	0.00	0.00	0.00	0.20	0.09	0.00
A622V	0.25	0.25	0.25	0.20	0.20	0.02	0.00	0.02	0.23	0.23	0.23	0.23	0.03	0.05	0.08	0.20	0.15	0.00	0.16	0.25	0.18	0.00	0.00	0.00	0.00	0.00	0.00	0.00	0.00	0.00	0.23	0.00	0.00	0.00	0.03	0.16	0.01	0.00	0.00	0.00	0.02	0.00	0.00	0.00	0.05	0.00	0.00	0.02	0.00	0.06	0.00	0.00	0.00	0.00	0.00	0.00	0.00	0.00	0.00	0.00	0.00	0.00	0.00	0.00	0.08	0.03	0.00	0.00	0.00	0.00	0.00
D642H	0.25	0.25	0.25	0.24	0.24	0.01	0.00	0.01	0.18	0.12	0.12	0.12	0.08	0.03	0.18	0.02	0.24	0.00	0.12	0.22	0.25	0.00	0.00	0.00	0.00	0.00	0.00	0.00	0.00	0.00	0.03	0.00	0.00	0.08	0.03	0.12	0.02	0.00	0.00	0.00	0.00	0.00	0.00	0.01	0.02	0.00	0.01	0.03	0.00	0.03	0.00	0.00	0.00	0.00	0.00	0.00	0.00	0.00	0.00	0.00	0.00	0.00	0.03	0.00	0.18	0.03	0.00	0.00	0.00	0.00	0.00
L668F	0.26	0.25	0.25	0.22	0.22	0.02	0.00	0.02	0.26	0.19	0.19	0.19	0.05	0.04	0.26	0.00	0.22	0.03	0.13	0.12	0.25	0.00	0.00	0.00	0.00	0.00	0.00	0.00	0.00	0.00	0.13	0.00	0.00	0.05	0.03	0.19	0.02	0.00	0.00	0.00	0.01	0.00	0.00	0.00	0.04	0.00	0.01	0.02	0.26	0.07	0.00	0.00	0.00	0.00	0.00	0.00	0.00	0.00	0.08	0.00	0.00	0.00	0.00	0.00	0.07	0.02	0.00	0.00	0.17	0.15	0.00
D693N	0.27	0.25	0.25	0.21	0.21	0.02	0.00	0.02	0.27	0.27	0.27	0.27	0.04	0.06	0.23	0.00	0.21	0.01	0.25	0.12	0.23	0.00	0.00	0.00	0.00	0.01	0.00	0.00	0.00	0.00	0.05	0.00	0.00	0.04	0.02	0.27	0.02	0.00	0.00	0.00	0.01	0.00	0.00	0.01	0.05	0.02	0.02	0.06	0.14	0.12	0.00	0.00	0.00	0.00	0.00	0.00	0.00	0.00	0.09	0.00	0.00	0.00	0.00	0.00	0.23	0.03	0.00	0.00	0.13	0.13	0.00
N723D	0.25	0.25	0.25	0.21	0.21	0.03	0.00	0.02	0.20	0.09	0.09	0.09	0.02	0.00	0.20	0.00	0.21	0.00	0.25	0.25	0.25	0.00	0.00	0.00	0.00	0.00	0.00	0.00	0.00	0.00	0.00	0.00	0.00	0.01	0.02	0.09	0.00	0.00	0.00	0.00	0.00	0.00	0.00	0.00	0.00	0.00	0.00	0.00	0.10	0.07	0.00	0.00	0.00	0.00	0.00	0.00	0.00	0.00	0.03	0.00	0.00	0.00	0.00	0.00	0.12	0.02	0.00	0.00	0.20	0.06	0.00
V772A	0.29	0.29	0.26	0.29	0.29	0.02	0.00	0.02	0.22	0.15	0.15	0.12	0.15	0.03	0.22	0.29	0.20	0.01	0.10	0.26	0.23	0.00	0.00	0.00	0.00	0.01	0.00	0.00	0.00	0.00	0.00	0.00	0.00	0.09	0.15	0.12	0.01	0.00	0.00	0.00	0.00	0.00	0.00	0.01	0.03	0.01	0.02	0.01	0.00	0.00	0.00	0.00	0.00	0.00	0.00	0.00	0.00	0.00	0.00	0.00	0.00	0.00	0.08	0.00	0.22	0.02	0.00	0.05	0.00	0.00	0.00
Q804H	0.26	0.26	0.26	0.20	0.20	0.04	0.00	0.04	0.22	0.18	0.18	0.02	0.18	0.22	0.06	0.20	0.17	0.06	0.14	0.26	0.23	0.00	0.00	0.00	0.00	0.04	0.00	0.00	0.00	0.00	0.00	0.00	0.00	0.18	0.05	0.02	0.05	0.00	0.00	0.00	0.06	0.00	0.00	0.01	0.05	0.02	0.02	0.22	0.04	0.02	0.00	0.00	0.00	0.00	0.00	0.00	0.00	0.00	0.02	0.00	0.00	0.00	0.00	0.00	0.03	0.00	0.00	0.00	0.06	0.03	0.00
N810Y	0.27	0.27	0.27	0.20	0.20	0.02	0.00	0.02	0.22	0.13	0.13	0.05	0.13	0.05	0.22	0.20	0.19	0.02	0.26	0.27	0.20	0.00	0.00	0.00	0.00	0.02	0.00	0.00	0.00	0.00	0.01	0.00	0.00	0.13	0.12	0.05	0.06	0.00	0.00	0.00	0.00	0.00	0.00	0.00	0.00	0.02	0.02	0.05	0.22	0.02	0.00	0.00	0.00	0.00	0.00	0.00	0.00	0.00	0.04	0.00	0.00	0.00	0.00	0.00	0.06	0.00	0.00	0.00	0.09	0.05	0.00
K820E	0.28	0.28	0.28	0.25	0.25	0.03	0.00	0.03	0.24	0.24	0.24	0.06	0.24	0.10	0.16	0.25	0.22	0.09	0.13	0.12	0.28	0.00	0.00	0.00	0.00	0.01	0.00	0.00	0.00	0.00	0.01	0.00	0.00	0.24	0.05	0.06	0.04	0.00	0.00	0.00	0.01	0.00	0.00	0.02	0.06	0.06	0.06	0.10	0.16	0.11	0.00	0.00	0.00	0.00	0.00	0.00	0.00	0.00	0.06	0.00	0.00	0.00	0.00	0.00	0.06	0.03	0.00	0.00	0.10	0.12	0.00
T826K	0.34	0.34	0.27	0.34	0.34	0.02	0.00	0.02	0.28	0.12	0.12	0.12	0.09	0.04	0.28	0.34	0.25	0.04	0.19	0.12	0.27	0.00	0.00	0.00	0.00	0.00	0.00	0.00	0.00	0.00	0.02	0.00	0.00	0.09	0.09	0.12	0.06	0.00	0.00	0.00	0.00	0.00	0.00	0.00	0.01	0.02	0.04	0.02	0.28	0.11	0.00	0.00	0.00	0.00	0.00	0.00	0.00	0.00	0.06	0.00	0.00	0.00	0.00	0.00	0.11	0.04	0.00	0.00	0.14	0.10	0.00
R841W	0.43	0.43	0.26	0.43	0.43	0.02	0.00	0.02	0.20	0.20	0.20	0.06	0.20	0.19	0.07	0.43	0.17	0.07	0.25	0.26	0.23	0.00	0.00	0.00	0.00	0.00	0.00	0.00	0.00	0.03	0.00	0.00	0.00	0.20	0.09	0.06	0.05	0.00	0.00	0.00	0.04	0.00	0.00	0.07	0.19	0.03	0.03	0.06	0.00	0.07	0.00	0.00	0.00	0.00	0.00	0.00	0.00	0.00	0.00	0.00	0.00	0.00	0.02	0.00	0.07	0.01	0.00	0.00	0.00	0.00	0.00
E842G	0.32	0.32	0.25	0.32	0.32	0.02	0.00	0.02	0.17	0.15	0.15	0.04	0.15	0.17	0.07	0.32	0.18	0.06	0.18	0.25	0.23	0.00	0.00	0.00	0.00	0.00	0.00	0.00	0.00	0.03	0.00	0.00	0.00	0.15	0.06	0.04	0.03	0.00	0.00	0.00	0.04	0.00	0.00	0.07	0.17	0.02	0.03	0.05	0.00	0.07	0.00	0.00	0.00	0.00	0.00	0.00	0.00	0.00	0.00	0.00	0.03	0.00	0.02	0.00	0.07	0.00	0.00	0.00	0.00	0.00	0.00
Y856H	0.42	0.42	0.24	0.42	0.42	0.02	0.00	0.02	0.23	0.20	0.20	0.20	0.16	0.18	0.23	0.42	0.20	0.05	0.24	0.10	0.13	0.00	0.00	0.00	0.00	0.01	0.00	0.00	0.00	0.03	0.06	0.00	0.00	0.16	0.15	0.20	0.03	0.00	0.00	0.00	0.02	0.00	0.00	0.18	0.16	0.02	0.02	0.03	0.00	0.02	0.00	0.00	0.00	0.00	0.00	0.00	0.00	0.00	0.00	0.00	0.00	0.00	0.00	0.00	0.23	0.03	0.00	0.02	0.00	0.00	0.00
K862E	0.28	0.28	0.26	0.28	0.28	0.02	0.00	0.02	0.19	0.19	0.19	0.19	0.14	0.01	0.12	0.28	0.15	0.08	0.26	0.22	0.24	0.00	0.00	0.00	0.00	0.01	0.00	0.00	0.00	0.00	0.08	0.00	0.00	0.14	0.09	0.19	0.02	0.00	0.00	0.00	0.00	0.00	0.00	0.00	0.01	0.01	0.00	0.00	0.10	0.12	0.00	0.00	0.00	0.00	0.00	0.00	0.00	0.00	0.06	0.00	0.00	0.00	0.00	0.00	0.02	0.01	0.00	0.00	0.08	0.06	0.00
R866C	0.34	0.34	0.25	0.34	0.34	0.02	0.00	0.02	0.14	0.14	0.14	0.14	0.12	0.01	0.12	0.34	0.16	0.09	0.25	0.25	0.24	0.00	0.00	0.00	0.00	0.01	0.00	0.00	0.00	0.00	0.08	0.00	0.00	0.12	0.11	0.14	0.02	0.00	0.00	0.00	0.00	0.00	0.00	0.00	0.00	0.00	0.00	0.01	0.09	0.12	0.00	0.00	0.00	0.00	0.00	0.00	0.00	0.00	0.06	0.00	0.00	0.00	0.00	0.00	0.11	0.01	0.00	0.00	0.06	0.05	0.00
P871L	0.47	0.47	0.26	0.47	0.47	0.02	0.00	0.02	0.17	0.17	0.17	0.17	0.11	0.01	0.11	0.47	0.22	0.04	0.18	0.26	0.25	0.00	0.00	0.00	0.00	0.01	0.00	0.00	0.00	0.00	0.09	0.00	0.00	0.08	0.11	0.17	0.02	0.00	0.00	0.00	0.00	0.00	0.00	0.00	0.00	0.00	0.00	0.00	0.00	0.11	0.00	0.00	0.00	0.00	0.00	0.00	0.00	0.00	0.01	0.00	0.00	0.00	0.00	0.00	0.11	0.02	0.00	0.00	0.00	0.00	0.00
G890V	0.25	0.25	0.25	0.23	0.23	0.01	0.00	0.01	0.13	0.12	0.12	0.12	0.04	0.04	0.13	0.00	0.23	0.00	0.20	0.25	0.23	0.00	0.00	0.00	0.00	0.00	0.00	0.00	0.00	0.00	0.03	0.00	0.00	0.04	0.03	0.12	0.00	0.00	0.00	0.00	0.02	0.00	0.00	0.00	0.04	0.00	0.00	0.01	0.04	0.00	0.00	0.00	0.00	0.00	0.00	0.00	0.00	0.00	0.04	0.00	0.00	0.00	0.04	0.00	0.08	0.04	0.00	0.00	0.13	0.04	0.00
I925L	0.26	0.26	0.23	0.26	0.26	0.03	0.00	0.03	0.19	0.19	0.19	0.19	0.05	0.01	0.05	0.26	0.10	0.00	0.11	0.23	0.22	0.00	0.00	0.00	0.00	0.02	0.00	0.00	0.00	0.00	0.02	0.00	0.00	0.05	0.04	0.19	0.00	0.00	0.00	0.00	0.01	0.00	0.00	0.00	0.00	0.00	0.00	0.00	0.00	0.00	0.00	0.00	0.00	0.00	0.00	0.00	0.00	0.00	0.00	0.00	0.00	0.00	0.05	0.00	0.04	0.04	0.00	0.00	0.00	0.00	0.00
M1008I	0.26	0.26	0.26	0.22	0.22	0.03	0.00	0.03	0.19	0.09	0.09	0.09	0.06	0.05	0.19	0.00	0.22	0.02	0.26	0.15	0.25	0.00	0.00	0.00	0.00	0.00	0.00	0.00	0.00	0.00	0.00	0.00	0.00	0.06	0.03	0.09	0.01	0.00	0.00	0.00	0.00	0.00	0.00	0.02	0.05	0.01	0.01	0.01	0.00	0.08	0.00	0.00	0.00	0.00	0.00	0.00	0.00	0.00	0.00	0.00	0.00	0.00	0.00	0.00	0.19	0.01	0.00	0.00	0.00	0.00	0.00
M1008V	0.26	0.26	0.26	0.21	0.21	0.03	0.00	0.03	0.17	0.07	0.07	0.07	0.06	0.05	0.17	0.00	0.21	0.02	0.26	0.15	0.24	0.00	0.00	0.00	0.00	0.00	0.00	0.00	0.00	0.00	0.00	0.00	0.00	0.06	0.03	0.07	0.01	0.00	0.00	0.00	0.00	0.00	0.00	0.02	0.05	0.01	0.01	0.01	0.00	0.09	0.00	0.00	0.00	0.00	0.00	0.00	0.00	0.00	0.00	0.00	0.00	0.00	0.00	0.00	0.17	0.02	0.00	0.00	0.00	0.00	0.00
R1028H	0.30	0.25	0.25	0.15	0.15	0.02	0.00	0.02	0.30	0.30	0.30	0.30	0.04	0.01	0.21	0.00	0.15	0.00	0.11	0.17	0.25	0.00	0.00	0.00	0.00	0.00	0.00	0.00	0.00	0.00	0.10	0.00	0.00	0.04	0.04	0.30	0.00	0.00	0.00	0.00	0.00	0.00	0.00	0.00	0.00	0.00	0.00	0.01	0.00	0.21	0.00	0.00	0.00	0.00	0.00	0.00	0.00	0.00	0.03	0.00	0.00	0.00	0.04	0.00	0.17	0.01	0.00	0.00	0.00	0.00	0.00
E1038G	0.26	0.26	0.26	0.22	0.22	0.02	0.00	0.02	0.26	0.26	0.26	0.26	0.04	0.03	0.25	0.00	0.22	0.00	0.19	0.26	0.22	0.00	0.00	0.00	0.00	0.00	0.00	0.00	0.00	0.00	0.14	0.00	0.00	0.02	0.04	0.26	0.00	0.00	0.00	0.00	0.00	0.00	0.00	0.03	0.00	0.00	0.00	0.00	0.06	0.04	0.00	0.00	0.00	0.00	0.00	0.00	0.00	0.00	0.13	0.00	0.00	0.00	0.02	0.00	0.25	0.02	0.00	0.00	0.16	0.14	0.00
S1040N	0.45	0.24	0.24	0.22	0.22	0.02	0.00	0.02	0.45	0.26	0.26	0.26	0.04	0.03	0.45	0.00	0.22	0.00	0.20	0.24	0.22	0.00	0.00	0.00	0.00	0.00	0.00	0.00	0.00	0.00	0.06	0.00	0.00	0.03	0.04	0.26	0.00	0.00	0.00	0.00	0.00	0.00	0.00	0.03	0.00	0.01	0.01	0.00	0.06	0.03	0.00	0.00	0.00	0.00	0.00	0.00	0.00	0.00	0.12	0.00	0.00	0.00	0.02	0.00	0.45	0.02	0.00	0.00	0.16	0.13	0.00
I1044V	0.28	0.28	0.28	0.23	0.23	0.02	0.00	0.02	0.25	0.24	0.24	0.24	0.03	0.01	0.25	0.00	0.23	0.00	0.06	0.28	0.22	0.00	0.00	0.00	0.00	0.02	0.00	0.00	0.00	0.00	0.04	0.00	0.00	0.02	0.03	0.24	0.00	0.00	0.00	0.00	0.00	0.00	0.00	0.00	0.00	0.01	0.00	0.00	0.00	0.06	0.00	0.00	0.00	0.00	0.00	0.00	0.00	0.00	0.00	0.00	0.00	0.00	0.04	0.00	0.25	0.03	0.00	0.00	0.00	0.00	0.00
P1099L	0.31	0.31	0.25	0.31	0.31	0.01	0.00	0.01	0.12	0.12	0.12	0.10	0.12	0.04	0.12	0.31	0.20	0.07	0.18	0.15	0.25	0.00	0.00	0.00	0.00	0.00	0.00	0.00	0.00	0.00	0.02	0.00	0.00	0.09	0.12	0.10	0.03	0.00	0.00	0.00	0.00	0.00	0.00	0.00	0.01	0.00	0.00	0.04	0.09	0.00	0.00	0.00	0.00	0.00	0.00	0.00	0.00	0.00	0.03	0.00	0.00	0.00	0.02	0.00	0.12	0.00	0.00	0.00	0.10	0.05	0.00
S1101N	0.28	0.28	0.25	0.28	0.28	0.01	0.00	0.01	0.10	0.08	0.08	0.07	0.08	0.05	0.10	0.28	0.20	0.06	0.14	0.07	0.25	0.00	0.00	0.00	0.00	0.00	0.00	0.00	0.00	0.00	0.01	0.00	0.00	0.08	0.07	0.07	0.03	0.00	0.00	0.00	0.00	0.00	0.00	0.00	0.05	0.00	0.01	0.04	0.09	0.00	0.00	0.00	0.00	0.00	0.00	0.00	0.00	0.00	0.03	0.00	0.00	0.00	0.02	0.00	0.04	0.00	0.00	0.00	0.10	0.03	0.00
K1109N	0.29	0.29	0.25	0.29	0.29	0.05	0.00	0.05	0.19	0.16	0.16	0.15	0.16	0.08	0.19	0.29	0.20	0.15	0.17	0.12	0.25	0.00	0.00	0.00	0.00	0.04	0.00	0.00	0.00	0.02	0.00	0.00	0.00	0.16	0.12	0.15	0.03	0.00	0.00	0.00	0.01	0.00	0.00	0.03	0.05	0.08	0.04	0.05	0.09	0.02	0.00	0.00	0.00	0.00	0.00	0.00	0.00	0.00	0.06	0.00	0.00	0.00	0.00	0.00	0.18	0.00	0.00	0.00	0.19	0.05	0.00
S1140G	0.35	0.35	0.25	0.35	0.35	0.01	0.00	0.01	0.11	0.11	0.11	0.11	0.06	0.04	0.05	0.35	0.20	0.03	0.16	0.17	0.25	0.00	0.00	0.00	0.00	0.01	0.00	0.00	0.00	0.00	0.00	0.00	0.00	0.06	0.05	0.11	0.01	0.00	0.00	0.00	0.01	0.00	0.00	0.00	0.04	0.02	0.02	0.00	0.00	0.00	0.00	0.00	0.00	0.00	0.00	0.00	0.00	0.00	0.00	0.00	0.00	0.00	0.05	0.00	0.04	0.01	0.00	0.00	0.00	0.00	0.00
D1155H	0.34	0.34	0.26	0.34	0.34	0.05	0.00	0.05	0.34	0.34	0.34	0.34	0.13	0.15	0.20	0.34	0.25	0.32	0.26	0.17	0.26	0.00	0.00	0.00	0.00	0.05	0.00	0.00	0.00	0.01	0.00	0.00	0.00	0.13	0.04	0.34	0.03	0.00	0.00	0.00	0.01	0.00	0.00	0.12	0.15	0.07	0.07	0.12	0.12	0.02	0.00	0.00	0.00	0.00	0.00	0.00	0.00	0.00	0.13	0.00	0.00	0.00	0.00	0.00	0.00	0.05	0.00	0.00	0.19	0.20	0.00
K1183R	0.27	0.23	0.23	0.20	0.20	0.02	0.00	0.02	0.27	0.27	0.27	0.27	0.05	0.01	0.21	0.00	0.20	0.02	0.13	0.23	0.23	0.00	0.00	0.00	0.00	0.00	0.00	0.00	0.00	0.00	0.04	0.00	0.00	0.05	0.05	0.27	0.01	0.00	0.00	0.00	0.00	0.00	0.00	0.00	0.00	0.01	0.00	0.00	0.19	0.12	0.00	0.00	0.00	0.00	0.00	0.00	0.00	0.00	0.21	0.00	0.00	0.00	0.01	0.00	0.11	0.03	0.00	0.00	0.21	0.15	0.00
R1203Q	0.26	0.26	0.26	0.20	0.20	0.01	0.00	0.01	0.23	0.15	0.15	0.15	0.07	0.00	0.23	0.00	0.20	0.00	0.26	0.11	0.21	0.00	0.00	0.00	0.00	0.00	0.00	0.00	0.00	0.00	0.09	0.00	0.00	0.00	0.07	0.15	0.00	0.00	0.00	0.00	0.00	0.00	0.00	0.00	0.00	0.00	0.00	0.00	0.04	0.07	0.00	0.00	0.00	0.00	0.00	0.00	0.00	0.00	0.17	0.00	0.00	0.00	0.00	0.00	0.18	0.05	0.00	0.00	0.23	0.08	0.00
E1214K	0.25	0.25	0.25	0.25	0.25	0.02	0.00	0.02	0.22	0.16	0.16	0.16	0.04	0.02	0.22	0.12	0.25	0.02	0.18	0.09	0.25	0.00	0.00	0.00	0.00	0.00	0.00	0.00	0.00	0.00	0.05	0.00	0.00	0.04	0.04	0.16	0.01	0.00	0.00	0.00	0.00	0.00	0.00	0.02	0.00	0.00	0.00	0.00	0.08	0.02	0.00	0.00	0.00	0.00	0.00	0.00	0.00	0.00	0.12	0.00	0.00	0.00	0.01	0.00	0.22	0.02	0.00	0.00	0.12	0.19	0.00
P1238L	0.33	0.33	0.26	0.33	0.33	0.02	0.00	0.02	0.17	0.11	0.11	0.11	0.09	0.01	0.17	0.33	0.19	0.00	0.16	0.15	0.26	0.00	0.00	0.00	0.00	0.00	0.00	0.00	0.00	0.00	0.04	0.00	0.00	0.02	0.09	0.11	0.01	0.00	0.00	0.00	0.00	0.00	0.00	0.00	0.00	0.00	0.00	0.00	0.09	0.17	0.00	0.00	0.00	0.00	0.00	0.00	0.00	0.00	0.01	0.00	0.00	0.00	0.04	0.00	0.11	0.03	0.00	0.00	0.07	0.04	0.00
V1247I	0.27	0.27	0.25	0.27	0.27	0.02	0.00	0.02	0.17	0.10	0.10	0.10	0.08	0.01	0.17	0.27	0.17	0.00	0.25	0.20	0.25	0.00	0.00	0.00	0.00	0.00	0.00	0.00	0.00	0.00	0.02	0.00	0.00	0.02	0.08	0.10	0.01	0.00	0.00	0.00	0.00	0.00	0.00	0.00	0.00	0.00	0.00	0.00	0.00	0.17	0.00	0.00	0.00	0.00	0.00	0.00	0.00	0.00	0.00	0.00	0.00	0.00	0.05	0.00	0.11	0.03	0.00	0.00	0.00	0.00	0.00
E1250K	0.26	0.26	0.26	0.26	0.26	0.05	0.00	0.02	0.13	0.10	0.10	0.10	0.07	0.01	0.13	0.26	0.20	0.01	0.26	0.21	0.23	0.00	0.00	0.00	0.00	0.00	0.00	0.00	0.00	0.00	0.03	0.00	0.00	0.02	0.07	0.10	0.00	0.00	0.00	0.00	0.00	0.00	0.00	0.00	0.00	0.00	0.00	0.00	0.07	0.03	0.00	0.00	0.00	0.00	0.00	0.00	0.00	0.00	0.04	0.00	0.00	0.00	0.04	0.00	0.12	0.02	0.00	0.00	0.11	0.13	0.00
S1266T	0.32	0.32	0.26	0.32	0.32	0.08	0.00	0.02	0.24	0.24	0.24	0.24	0.06	0.01	0.13	0.32	0.19	0.00	0.26	0.09	0.26	0.00	0.00	0.00	0.00	0.01	0.00	0.00	0.00	0.00	0.01	0.00	0.00	0.03	0.06	0.24	0.00	0.00	0.00	0.00	0.00	0.00	0.00	0.00	0.00	0.00	0.00	0.01	0.02	0.00	0.00	0.00	0.00	0.00	0.00	0.00	0.00	0.00	0.03	0.00	0.00	0.00	0.00	0.00	0.08	0.02	0.00	0.00	0.10	0.13	0.00
R1347G	0.30	0.30	0.27	0.30	0.30	0.02	0.00	0.02	0.26	0.16	0.16	0.16	0.03	0.07	0.26	0.00	0.30	0.05	0.26	0.12	0.27	0.00	0.00	0.00	0.00	0.01	0.00	0.00	0.00	0.00	0.00	0.00	0.00	0.03	0.03	0.16	0.00	0.00	0.00	0.00	0.00	0.00	0.00	0.04	0.07	0.03	0.05	0.02	0.00	0.11	0.00	0.00	0.00	0.00	0.00	0.00	0.00	0.00	0.02	0.00	0.00	0.00	0.02	0.00	0.26	0.10	0.00	0.00	0.00	0.00	0.00
T1349M	0.26	0.26	0.26	0.25	0.25	0.02	0.00	0.02	0.19	0.19	0.19	0.19	0.03	0.06	0.10	0.00	0.25	0.05	0.26	0.08	0.25	0.00	0.00	0.00	0.00	0.01	0.00	0.00	0.00	0.01	0.00	0.00	0.00	0.03	0.03	0.19	0.00	0.00	0.00	0.00	0.00	0.00	0.00	0.04	0.06	0.02	0.05	0.02	0.00	0.10	0.00	0.00	0.00	0.00	0.00	0.00	0.00	0.00	0.02	0.00	0.00	0.00	0.02	0.00	0.09	0.10	0.00	0.00	0.00	0.00	0.00
M1361L	0.25	0.25	0.25	0.24	0.24	0.01	0.00	0.01	0.21	0.17	0.17	0.17	0.06	0.04	0.21	0.00	0.24	0.03	0.25	0.10	0.25	0.00	0.00	0.00	0.00	0.01	0.00	0.00	0.00	0.01	0.00	0.00	0.00	0.06	0.03	0.17	0.00	0.00	0.00	0.00	0.00	0.00	0.00	0.04	0.01	0.04	0.03	0.02	0.00	0.03	0.00	0.00	0.00	0.00	0.00	0.00	0.00	0.00	0.00	0.00	0.00	0.00	0.00	0.00	0.21	0.07	0.00	0.00	0.00	0.00	0.00
H1402Y	0.41	0.41	0.23	0.41	0.41	0.05	0.00	0.04	0.38	0.38	0.38	0.38	0.18	0.08	0.12	0.41	0.16	0.02	0.23	0.02	0.10	0.00	0.00	0.00	0.00	0.04	0.00	0.00	0.00	0.00	0.03	0.00	0.00	0.10	0.18	0.38	0.03	0.00	0.00	0.00	0.03	0.00	0.00	0.00	0.08	0.00	0.00	0.06	0.06	0.09	0.00	0.00	0.00	0.00	0.00	0.00	0.00	0.00	0.07	0.00	0.00	0.00	0.02	0.00	0.08	0.06	0.00	0.01	0.12	0.11	0.00
E1419Q	0.90	0.90	0.26	0.22	0.22	0.90	0.00	0.01	0.13	0.13	0.13	0.13	0.06	0.02	0.10	0.21	0.22	0.01	0.22	0.03	0.26	0.00	0.00	0.00	0.00	0.00	0.00	0.00	0.00	0.00	0.00	0.00	0.00	0.03	0.06	0.13	0.01	0.00	0.00	0.00	0.00	0.00	0.00	0.01	0.02	0.02	0.01	0.02	0.00	0.02	0.00	0.00	0.00	0.00	0.00	0.00	0.00	0.00	0.00	0.00	0.00	0.00	0.01	0.00	0.08	0.00	0.00	0.00	0.00	0.00	0.00
N1468H	0.25	0.24	0.24	0.20	0.20	0.01	0.00	0.01	0.25	0.25	0.25	0.25	0.08	0.00	0.23	0.00	0.20	0.00	0.24	0.11	0.23	0.00	0.00	0.00	0.00	0.00	0.00	0.00	0.00	0.00	0.00	0.00	0.00	0.00	0.08	0.25	0.00	0.00	0.00	0.00	0.00	0.00	0.00	0.00	0.00	0.00	0.00	0.00	0.00	0.04	0.00	0.00	0.00	0.00	0.00	0.00	0.00	0.00	0.00	0.00	0.00	0.00	0.05	0.00	0.23	0.00	0.00	0.00	0.00	0.00	0.00
S1512I	0.56	0.56	0.27	0.56	0.56	0.01	0.00	0.01	0.29	0.29	0.29	0.29	0.19	0.02	0.18	0.56	0.19	0.00	0.11	0.22	0.27	0.00	0.00	0.00	0.00	0.00	0.00	0.00	0.00	0.00	0.04	0.00	0.00	0.00	0.19	0.29	0.00	0.00	0.00	0.00	0.00	0.00	0.00	0.00	0.00	0.00	0.00	0.02	0.00	0.07	0.00	0.00	0.00	0.00	0.00	0.00	0.00	0.00	0.00	0.00	0.00	0.00	0.00	0.00	0.18	0.07	0.00	0.04	0.00	0.00	0.00
V1534M	0.33	0.33	0.28	0.33	0.33	0.02	0.00	0.02	0.18	0.11	0.11	0.11	0.06	0.03	0.18	0.33	0.21	0.02	0.28	0.07	0.22	0.00	0.00	0.00	0.00	0.00	0.00	0.00	0.00	0.00	0.00	0.00	0.00	0.02	0.06	0.11	0.00	0.00	0.00	0.00	0.00	0.00	0.00	0.03	0.00	0.00	0.00	0.00	0.04	0.02	0.00	0.00	0.00	0.00	0.00	0.00	0.00	0.00	0.03	0.00	0.00	0.00	0.00	0.00	0.00	0.06	0.00	0.00	0.18	0.10	0.00
D1546N	0.27	0.27	0.27	0.22	0.22	0.02	0.00	0.02	0.11	0.11	0.11	0.11	0.04	0.03	0.06	0.12	0.22	0.03	0.27	0.09	0.25	0.00	0.00	0.00	0.00	0.00	0.00	0.00	0.00	0.00	0.00	0.00	0.00	0.03	0.04	0.11	0.02	0.00	0.00	0.00	0.00	0.00	0.00	0.00	0.03	0.00	0.01	0.00	0.00	0.04	0.00	0.00	0.00	0.00	0.00	0.00	0.00	0.00	0.00	0.00	0.00	0.00	0.03	0.00	0.06	0.03	0.00	0.00	0.00	0.00	0.00
D1546Y	0.40	0.40	0.26	0.40	0.40	0.02	0.00	0.02	0.16	0.16	0.16	0.16	0.14	0.03	0.13	0.40	0.23	0.03	0.26	0.09	0.25	0.00	0.00	0.00	0.00	0.00	0.00	0.00	0.00	0.00	0.00	0.00	0.00	0.02	0.14	0.16	0.02	0.00	0.00	0.00	0.00	0.00	0.00	0.00	0.03	0.00	0.01	0.00	0.00	0.04	0.00	0.00	0.00	0.00	0.00	0.00	0.00	0.00	0.00	0.00	0.00	0.00	0.03	0.00	0.13	0.03	0.00	0.02	0.00	0.00	0.00
L1564P	0.43	0.26	0.26	0.22	0.22	0.01	0.00	0.01	0.43	0.43	0.43	0.43	0.06	0.02	0.30	0.00	0.22	0.02	0.11	0.24	0.26	0.00	0.00	0.00	0.00	0.00	0.00	0.00	0.00	0.00	0.00	0.00	0.00	0.03	0.06	0.43	0.00	0.00	0.00	0.00	0.00	0.00	0.00	0.01	0.00	0.00	0.02	0.01	0.00	0.03	0.00	0.00	0.00	0.00	0.00	0.00	0.00	0.00	0.00	0.00	0.00	0.00	0.11	0.00	0.30	0.06	0.00	0.03	0.00	0.00	0.00
S1613G	0.26	0.26	0.25	0.26	0.26	0.09	0.00	0.09	0.20	0.20	0.20	0.20	0.16	0.18	0.18	0.26	0.20	0.09	0.21	0.23	0.25	0.00	0.00	0.00	0.00	0.09	0.00	0.00	0.00	0.00	0.02	0.00	0.00	0.16	0.11	0.20	0.00	0.00	0.00	0.00	0.03	0.00	0.00	0.08	0.14	0.07	0.05	0.18	0.00	0.05	0.00	0.00	0.00	0.00	0.00	0.00	0.00	0.00	0.00	0.00	0.00	0.00	0.07	0.00	0.18	0.03	0.00	0.00	0.00	0.00	0.00
P1614S	0.25	0.25	0.25	0.21	0.21	0.09	0.00	0.09	0.22	0.20	0.20	0.20	0.17	0.22	0.18	0.00	0.21	0.10	0.21	0.20	0.25	0.00	0.00	0.00	0.00	0.09	0.00	0.00	0.00	0.00	0.03	0.00	0.00	0.17	0.09	0.20	0.00	0.00	0.00	0.00	0.03	0.00	0.00	0.08	0.14	0.07	0.07	0.22	0.00	0.05	0.00	0.00	0.00	0.00	0.00	0.00	0.00	0.00	0.00	0.00	0.00	0.00	0.15	0.00	0.18	0.03	0.00	0.00	0.00	0.00	0.00
M1628T	0.29	0.29	0.24	0.20	0.20	0.29	0.00	0.03	0.26	0.25	0.25	0.25	0.12	0.04	0.26	0.00	0.20	0.04	0.14	0.24	0.23	0.00	0.00	0.00	0.00	0.03	0.00	0.00	0.00	0.00	0.01	0.00	0.00	0.12	0.09	0.25	0.00	0.00	0.00	0.00	0.00	0.00	0.00	0.02	0.00	0.04	0.02	0.00	0.00	0.02	0.00	0.00	0.00	0.00	0.00	0.00	0.00	0.00	0.00	0.00	0.00	0.00	0.02	0.00	0.26	0.05	0.00	0.00	0.00	0.00	0.00
P1637L	0.51	0.51	0.25	0.39	0.39	0.51	0.00	0.02	0.28	0.28	0.28	0.28	0.05	0.01	0.25	0.39	0.22	0.01	0.12	0.18	0.25	0.00	0.00	0.00	0.00	0.00	0.00	0.00	0.00	0.00	0.09	0.00	0.00	0.02	0.05	0.28	0.00	0.00	0.00	0.00	0.00	0.00	0.00	0.00	0.00	0.00	0.01	0.00	0.05	0.13	0.00	0.00	0.00	0.00	0.00	0.00	0.00	0.00	0.11	0.00	0.00	0.00	0.04	0.00	0.17	0.02	0.00	0.00	0.25	0.16	0.00
M1652I	0.34	0.34	0.26	0.34	0.34	0.04	0.00	0.04	0.24	0.24	0.24	0.24	0.11	0.03	0.16	0.34	0.15	0.02	0.07	0.26	0.23	0.00	0.00	0.00	0.00	0.03	0.00	0.00	0.00	0.00	0.13	0.00	0.00	0.11	0.09	0.24	0.08	0.00	0.00	0.00	0.00	0.00	0.00	0.02	0.00	0.02	0.03	0.00	0.09	0.15	0.00	0.00	0.00	0.00	0.00	0.00	0.00	0.00	0.12	0.00	0.00	0.00	0.02	0.00	0.08	0.03	0.00	0.00	0.16	0.12	0.00
M1652T	0.36	0.36	0.25	0.36	0.27	0.04	0.00	0.04	0.21	0.21	0.21	0.21	0.12	0.03	0.16	0.27	0.14	0.02	0.07	0.25	0.22	0.00	0.00	0.00	0.00	0.03	0.00	0.00	0.00	0.00	0.12	0.00	0.00	0.12	0.08	0.21	0.07	0.00	0.00	0.00	0.00	0.00	0.00	0.02	0.00	0.02	0.03	0.00	0.09	0.15	0.00	0.00	0.00	0.00	0.00	0.00	0.00	0.00	0.13	0.00	0.00	0.00	0.03	0.00	0.08	0.03	0.00	0.00	0.16	0.13	0.00
F1662S	0.27	0.27	0.27	0.25	0.25	0.03	0.00	0.03	0.18	0.18	0.18	0.14	0.18	0.03	0.15	0.25	0.22	0.03	0.27	0.25	0.23	0.00	0.00	0.00	0.00	0.00	0.00	0.00	0.00	0.00	0.04	0.00	0.00	0.07	0.18	0.14	0.05	0.00	0.00	0.00	0.00	0.00	0.00	0.03	0.00	0.00	0.02	0.01	0.12	0.06	0.00	0.00	0.00	0.00	0.00	0.00	0.00	0.00	0.03	0.00	0.00	0.00	0.00	0.00	0.15	0.02	0.00	0.00	0.10	0.03	0.00
L1664P	0.32	0.32	0.32	0.18	0.18	0.03	0.00	0.03	0.21	0.21	0.21	0.21	0.17	0.04	0.11	0.18	0.17	0.03	0.32	0.30	0.24	0.00	0.00	0.00	0.00	0.00	0.00	0.00	0.00	0.00	0.04	0.00	0.00	0.08	0.17	0.21	0.04	0.00	0.00	0.00	0.00	0.00	0.00	0.04	0.00	0.00	0.02	0.02	0.11	0.06	0.00	0.00	0.00	0.00	0.00	0.00	0.00	0.00	0.02	0.00	0.00	0.00	0.00	0.00	0.10	0.01	0.00	0.00	0.11	0.02	0.00
E1682K	0.27	0.27	0.27	0.17	0.17	0.13	0.00	0.13	0.22	0.19	0.19	0.09	0.19	0.22	0.10	0.12	0.17	0.05	0.17	0.25	0.27	0.00	0.00	0.00	0.00	0.13	0.00	0.00	0.00	0.03	0.05	0.00	0.00	0.09	0.19	0.09	0.16	0.00	0.00	0.00	0.02	0.00	0.00	0.14	0.22	0.08	0.05	0.21	0.03	0.03	0.00	0.00	0.00	0.00	0.00	0.00	0.00	0.00	0.03	0.00	0.00	0.00	0.06	0.00	0.02	0.02	0.00	0.00	0.07	0.10	0.00
T1685A	0.27	0.27	0.27	0.17	0.17	0.18	0.00	0.18	0.22	0.21	0.21	0.09	0.21	0.22	0.06	0.12	0.17	0.07	0.08	0.27	0.26	0.00	0.00	0.00	0.00	0.18	0.00	0.00	0.00	0.03	0.00	0.00	0.00	0.15	0.21	0.09	0.16	0.00	0.00	0.00	0.02	0.00	0.00	0.15	0.22	0.08	0.05	0.21	0.03	0.03	0.00	0.00	0.00	0.00	0.00	0.00	0.00	0.00	0.03	0.00	0.00	0.00	0.06	0.00	0.02	0.03	0.00	0.00	0.04	0.06	0.00
T1685I	0.26	0.26	0.26	0.18	0.18	0.16	0.00	0.16	0.22	0.20	0.20	0.11	0.20	0.22	0.06	0.13	0.18	0.07	0.08	0.26	0.26	0.00	0.00	0.00	0.00	0.16	0.00	0.00	0.00	0.03	0.00	0.00	0.00	0.15	0.20	0.11	0.16	0.00	0.00	0.00	0.02	0.00	0.00	0.15	0.22	0.08	0.07	0.20	0.03	0.03	0.00	0.00	0.00	0.00	0.00	0.00	0.00	0.00	0.03	0.00	0.00	0.00	0.06	0.00	0.02	0.03	0.00	0.00	0.04	0.05	0.00
R1699W	0.31	0.29	0.29	0.20	0.10	0.21	0.00	0.21	0.31	0.31	0.31	0.23	0.31	0.08	0.15	0.04	0.10	0.12	0.29	0.07	0.10	0.00	0.00	0.00	0.00	0.21	0.00	0.00	0.00	0.00	0.03	0.00	0.00	0.13	0.31	0.23	0.07	0.00	0.00	0.00	0.00	0.00	0.00	0.02	0.01	0.02	0.02	0.08	0.13	0.15	0.00	0.00	0.00	0.00	0.00	0.00	0.00	0.00	0.00	0.00	0.00	0.00	0.00	0.00	0.04	0.05	0.00	0.00	0.05	0.02	0.00
G1706A	0.28	0.28	0.28	0.14	0.14	0.21	0.00	0.21	0.26	0.26	0.26	0.16	0.26	0.02	0.13	0.00	0.14	0.04	0.28	0.25	0.22	0.00	0.00	0.00	0.00	0.21	0.00	0.00	0.00	0.00	0.09	0.00	0.00	0.03	0.26	0.16	0.04	0.00	0.00	0.00	0.00	0.00	0.00	0.00	0.00	0.01	0.02	0.00	0.13	0.00	0.00	0.00	0.00	0.00	0.00	0.00	0.00	0.00	0.02	0.00	0.00	0.00	0.00	0.00	0.04	0.05	0.00	0.00	0.05	0.07	0.00
G1706E	0.29	0.29	0.29	0.14	0.14	0.22	0.00	0.22	0.26	0.26	0.26	0.16	0.26	0.02	0.12	0.00	0.14	0.05	0.29	0.26	0.23	0.00	0.00	0.00	0.00	0.22	0.00	0.00	0.00	0.00	0.09	0.00	0.00	0.04	0.26	0.16	0.04	0.00	0.00	0.00	0.00	0.00	0.00	0.00	0.00	0.02	0.02	0.00	0.12	0.11	0.00	0.00	0.00	0.00	0.00	0.00	0.00	0.00	0.02	0.00	0.00	0.00	0.00	0.00	0.04	0.04	0.00	0.00	0.07	0.07	0.00
A1708E	0.27	0.26	0.26	0.18	0.18	0.20	0.00	0.20	0.27	0.27	0.27	0.10	0.27	0.02	0.14	0.01	0.18	0.05	0.25	0.26	0.22	0.00	0.00	0.00	0.00	0.20	0.00	0.00	0.00	0.00	0.10	0.00	0.00	0.05	0.27	0.10	0.07	0.00	0.00	0.00	0.00	0.00	0.00	0.00	0.00	0.01	0.02	0.00	0.07	0.14	0.00	0.00	0.00	0.00	0.00	0.00	0.00	0.00	0.02	0.00	0.00	0.00	0.00	0.00	0.05	0.05	0.00	0.00	0.04	0.07	0.00
S1715R	0.27	0.25	0.25	0.13	0.13	0.11	0.00	0.11	0.27	0.27	0.27	0.27	0.27	0.02	0.25	0.01	0.13	0.03	0.10	0.25	0.19	0.00	0.00	0.00	0.00	0.11	0.00	0.00	0.00	0.00	0.27	0.00	0.00	0.21	0.27	0.18	0.04	0.00	0.00	0.00	0.00	0.00	0.00	0.00	0.00	0.00	0.02	0.00	0.08	0.25	0.00	0.00	0.00	0.00	0.00	0.00	0.00	0.00	0.02	0.00	0.00	0.00	0.00	0.00	0.07	0.09	0.00	0.00	0.04	0.07	0.00
T1720A	0.28	0.28	0.28	0.16	0.16	0.06	0.00	0.06	0.26	0.26	0.26	0.18	0.26	0.03	0.07	0.16	0.15	0.02	0.27	0.28	0.15	0.00	0.00	0.00	0.00	0.06	0.00	0.00	0.00	0.00	0.11	0.00	0.00	0.21	0.26	0.18	0.04	0.00	0.00	0.00	0.00	0.00	0.00	0.03	0.00	0.01	0.01	0.01	0.02	0.02	0.00	0.00	0.00	0.00	0.00	0.00	0.00	0.00	0.03	0.00	0.00	0.00	0.00	0.00	0.06	0.07	0.00	0.00	0.06	0.07	0.00
G1738R	0.26	0.25	0.25	0.23	0.23	0.14	0.00	0.14	0.26	0.26	0.26	0.26	0.25	0.19	0.25	0.23	0.15	0.15	0.17	0.25	0.25	0.00	0.00	0.00	0.00	0.03	0.00	0.00	0.00	0.03	0.07	0.00	0.00	0.25	0.16	0.26	0.25	0.00	0.00	0.00	0.02	0.00	0.00	0.19	0.15	0.09	0.11	0.16	0.00	0.10	0.00	0.00	0.00	0.00	0.00	0.00	0.00	0.00	0.02	0.00	0.00	0.00	0.00	0.00	0.00	0.25	0.00	0.00	0.00	0.00	0.00
R1751Q	0.40	0.27	0.27	0.26	0.26	0.06	0.00	0.06	0.40	0.40	0.25	0.25	0.15	0.20	0.20	0.26	0.20	0.08	0.27	0.06	0.25	0.00	0.00	0.00	0.00	0.06	0.00	0.00	0.00	0.06	0.13	0.00	0.00	0.15	0.12	0.25	0.27	0.00	0.00	0.00	0.00	0.00	0.00	0.04	0.07	0.06	0.10	0.20	0.20	0.19	0.00	0.00	0.00	0.00	0.00	0.00	0.00	0.00	0.08	0.00	0.00	0.00	0.00	0.00	0.10	0.09	0.00	0.00	0.09	0.10	0.00
L1764P	0.32	0.32	0.26	0.23	0.23	0.27	0.00	0.27	0.32	0.25	0.25	0.25	0.23	0.32	0.09	0.23	0.12	0.08	0.26	0.25	0.26	0.00	0.00	0.00	0.00	0.27	0.00	0.00	0.00	0.05	0.08	0.00	0.00	0.23	0.21	0.25	0.09	0.00	0.00	0.00	0.02	0.00	0.00	0.03	0.03	0.02	0.04	0.32	0.08	0.09	0.00	0.00	0.00	0.00	0.00	0.00	0.00	0.00	0.03	0.00	0.00	0.00	0.00	0.00	0.04	0.06	0.00	0.00	0.09	0.01	0.00
I1766S	0.29	0.29	0.26	0.19	0.13	0.29	0.00	0.29	0.29	0.29	0.29	0.29	0.21	0.26	0.08	0.13	0.12	0.11	0.18	0.25	0.26	0.00	0.00	0.00	0.00	0.29	0.00	0.00	0.00	0.04	0.06	0.00	0.00	0.21	0.21	0.29	0.11	0.00	0.00	0.00	0.02	0.00	0.00	0.02	0.03	0.03	0.06	0.26	0.00	0.08	0.00	0.00	0.00	0.00	0.00	0.00	0.00	0.00	0.01	0.00	0.00	0.00	0.00	0.00	0.05	0.06	0.00	0.00	0.00	0.00	0.00
M1775K	0.26	0.26	0.25	0.21	0.21	0.26	0.00	0.26	0.16	0.16	0.16	0.10	0.16	0.03	0.05	0.10	0.21	0.07	0.18	0.11	0.25	0.00	0.00	0.00	0.00	0.26	0.00	0.00	0.00	0.02	0.00	0.00	0.00	0.07	0.16	0.10	0.13	0.00	0.00	0.00	0.01	0.00	0.00	0.02	0.02	0.03	0.03	0.00	0.00	0.00	0.00	0.00	0.00	0.00	0.00	0.00	0.00	0.00	0.00	0.00	0.00	0.00	0.01	0.00	0.00	0.05	0.00	0.00	0.05	0.03	0.00
M1775R	0.27	0.27	0.25	0.18	0.18	0.27	0.00	0.27	0.18	0.16	0.16	0.10	0.16	0.03	0.18	0.07	0.18	0.06	0.18	0.11	0.25	0.00	0.00	0.00	0.00	0.27	0.00	0.00	0.00	0.01	0.00	0.00	0.00	0.07	0.16	0.10	0.14	0.00	0.00	0.00	0.01	0.00	0.00	0.02	0.02	0.03	0.03	0.00	0.00	0.18	0.00	0.00	0.00	0.00	0.00	0.00	0.00	0.00	0.00	0.00	0.00	0.00	0.01	0.00	0.00	0.05	0.00	0.00	0.00	0.00	0.00
C1787S	0.26	0.26	0.26	0.20	0.20	0.18	0.00	0.18	0.23	0.23	0.23	0.11	0.23	0.13	0.04	0.20	0.14	0.07	0.26	0.07	0.25	0.00	0.00	0.00	0.00	0.18	0.00	0.00	0.00	0.01	0.00	0.00	0.00	0.12	0.23	0.11	0.10	0.00	0.00	0.00	0.00	0.00	0.00	0.00	0.01	0.00	0.00	0.13	0.00	0.00	0.00	0.00	0.00	0.00	0.00	0.00	0.00	0.00	0.00	0.00	0.00	0.00	0.02	0.00	0.03	0.04	0.00	0.00	0.00	0.00	0.00
G1788V	0.26	0.26	0.26	0.13	0.13	0.10	0.00	0.10	0.19	0.19	0.19	0.08	0.19	0.12	0.07	0.09	0.13	0.03	0.25	0.07	0.26	0.00	0.00	0.00	0.00	0.10	0.00	0.00	0.00	0.00	0.00	0.00	0.00	0.10	0.19	0.08	0.05	0.00	0.00	0.00	0.00	0.00	0.00	0.00	0.00	0.00	0.00	0.12	0.03	0.00	0.00	0.00	0.00	0.00	0.00	0.00	0.00	0.00	0.05	0.00	0.00	0.00	0.01	0.00	0.00	0.04	0.00	0.00	0.06	0.07	0.00
V1804D	0.38	0.38	0.25	0.21	0.21	0.33	0.00	0.33	0.38	0.19	0.19	0.15	0.19	0.38	0.05	0.12	0.21	0.16	0.09	0.23	0.25	0.00	0.00	0.00	0.00	0.33	0.00	0.00	0.00	0.00	0.00	0.00	0.00	0.19	0.17	0.15	0.04	0.00	0.00	0.00	0.02	0.00	0.00	0.02	0.16	0.04	0.07	0.38	0.00	0.00	0.00	0.00	0.00	0.00	0.00	0.00	0.00	0.00	0.00	0.00	0.00	0.00	0.02	0.00	0.05	0.02	0.00	0.00	0.00	0.00	0.00
V1838E	0.29	0.29	0.26	0.14	0.14	0.29	0.00	0.29	0.27	0.27	0.27	0.13	0.27	0.08	0.09	0.05	0.14	0.08	0.26	0.25	0.11	0.00	0.00	0.00	0.00	0.29	0.00	0.00	0.00	0.02	0.00	0.00	0.00	0.15	0.27	0.13	0.14	0.00	0.00	0.00	0.05	0.00	0.00	0.08	0.06	0.02	0.04	0.06	0.00	0.09	0.00	0.00	0.00	0.00	0.00	0.00	0.00	0.00	0.00	0.00	0.00	0.00	0.00	0.00	0.00	0.08	0.00	0.00	0.00	0.00	0.00
I1858L	0.29	0.29	0.25	0.25	0.25	0.24	0.00	0.24	0.29	0.28	0.28	0.28	0.27	0.29	0.07	0.25	0.15	0.27	0.25	0.15	0.22	0.00	0.00	0.00	0.00	0.24	0.00	0.00	0.00	0.00	0.00	0.00	0.00	0.27	0.26	0.28	0.10	0.00	0.00	0.00	0.07	0.00	0.00	0.01	0.24	0.05	0.07	0.29	0.00	0.00	0.00	0.00	0.00	0.00	0.00	0.00	0.00	0.00	0.00	0.00	0.00	0.00	0.07	0.00	0.03	0.01	0.00	0.03	0.00	0.00	0.00
P1859R	0.40	0.40	0.23	0.30	0.30	0.25	0.00	0.25	0.40	0.26	0.26	0.25	0.26	0.40	0.09	0.30	0.14	0.24	0.23	0.15	0.22	0.00	0.00	0.00	0.00	0.25	0.00	0.00	0.00	0.00	0.00	0.00	0.00	0.26	0.26	0.25	0.05	0.00	0.00	0.00	0.07	0.00	0.00	0.01	0.30	0.04	0.08	0.40	0.00	0.09	0.00	0.00	0.00	0.00	0.00	0.00	0.00	0.00	0.00	0.00	0.00	0.00	0.07	0.00	0.04	0.02	0.00	0.03	0.00	0.00	0.00
