# Variant	Altered Effect	Altered Structure_and_dynamics	Altered Secondary_structure	Altered Stability_and_conformational_flexibility	Altered Conformational_flexibility	Altered Special_structural_signatures	Altered Signal_peptide	Altered Transmembrane_protein	Altered Functional_residue	Altered Macromolecular_binding	Altered Protein_binding	Altered Disordered_interface	Altered Ordered_interface	Altered Metal_binding	Altered PTM_site	Intrinsic_disorder	B-factor	Relative_solvent_accessibility	Helix	Strand	Loop	N-terminal_signal	Signal_helix	C-terminal_signal	Signal_cleavage	Cytoplasmic_loop	Transmembrane_region	Non_cytoplasmic_loop	Coiled_coil	Catalytic_site	Calmodulin_binding	DNA_binding	RNA_binding	PPI_residue	PPI_hotspot	MoRF	Allosteric_site	Cadmium_binding	Calcium_binding	Cobalt_binding	Copper_binding	Iron_binding	Magnesium_binding	Manganese_binding	Nickel_binding	Potassium_binding	Sodium_binding	Zinc_binding	Acetylation	ADP-ribosylation	Amidation	C-linked_glycosylation	Carboxylation	Disulfide_linkage	Farnesylation	Geranylgeranylation	GPI_anchor_amidation	Hydroxylation	Methylation	Myristoylation	N-terminal_acetylation	N-linked_glycosylation	O-linked_glycosylation	Palmitoylation	Phosphorylation	Proteolytic_cleavage	Pyrrolidone_carboxylic_acid	Sulfation	SUMOylation	Ubiquitylation	Stability
M1K	0.38	0.38	0.25	0.38	0.38	0.22	0.02	0.22	0.28	0.28	0.28	0.20	0.28	0.05	0.21	0.38	0.11	0.12	0.25	0.07	0.16	0.00	0.00	0.00	0.00	0.04	0.00	0.00	0.00	0.00	0.20	0.04	0.00	0.28	0.12	0.19	0.11	0.00	0.00	0.00	0.04	0.00	0.00	0.00	0.05	0.02	0.03	0.00	0.14	0.00	0.00	0.00	0.00	0.00	0.00	0.00	0.00	0.00	0.02	0.00	0.00	0.00	0.00	0.00	0.03	0.05	0.00	0.00	0.05	0.21	0.08
M1R	0.31	0.31	0.26	0.31	0.31	0.14	0.02	0.14	0.27	0.27	0.27	0.26	0.27	0.05	0.17	0.31	0.08	0.08	0.26	0.07	0.17	0.00	0.00	0.00	0.00	0.03	0.00	0.00	0.00	0.00	0.26	0.03	0.00	0.27	0.12	0.21	0.13	0.00	0.00	0.00	0.04	0.00	0.00	0.00	0.05	0.02	0.03	0.00	0.00	0.17	0.00	0.00	0.00	0.00	0.00	0.00	0.00	0.00	0.01	0.00	0.00	0.00	0.00	0.00	0.03	0.07	0.00	0.00	0.00	0.00	0.02
M1T	0.31	0.31	0.28	0.31	0.31	0.13	0.01	0.13	0.23	0.23	0.23	0.19	0.23	0.04	0.05	0.31	0.08	0.08	0.28	0.07	0.18	0.00	0.00	0.00	0.00	0.03	0.00	0.00	0.00	0.00	0.12	0.02	0.00	0.23	0.13	0.19	0.08	0.00	0.00	0.00	0.03	0.00	0.00	0.00	0.04	0.02	0.04	0.00	0.00	0.00	0.00	0.00	0.00	0.00	0.00	0.00	0.00	0.00	0.00	0.00	0.00	0.00	0.01	0.00	0.05	0.04	0.00	0.00	0.00	0.00	0.03
R9W	0.39	0.39	0.29	0.20	0.20	0.24	0.00	0.24	0.30	0.30	0.30	0.19	0.30	0.15	0.11	0.20	0.13	0.39	0.29	0.20	0.19	0.00	0.00	0.00	0.00	0.05	0.00	0.00	0.00	0.00	0.11	0.04	0.00	0.30	0.11	0.19	0.24	0.00	0.00	0.00	0.01	0.00	0.00	0.03	0.04	0.08	0.15	0.11	0.00	0.11	0.00	0.00	0.00	0.00	0.00	0.00	0.00	0.00	0.01	0.00	0.00	0.00	0.00	0.00	0.06	0.02	0.00	0.00	0.00	0.00	0.02
A21E	0.32	0.31	0.26	0.13	0.13	0.19	0.00	0.19	0.32	0.31	0.31	0.14	0.31	0.31	0.10	0.10	0.13	0.31	0.25	0.26	0.25	0.00	0.00	0.00	0.00	0.06	0.00	0.00	0.00	0.32	0.05	0.18	0.00	0.31	0.10	0.14	0.31	0.00	0.00	0.00	0.03	0.00	0.00	0.15	0.17	0.31	0.31	0.27	0.00	0.10	0.00	0.00	0.00	0.00	0.00	0.00	0.00	0.00	0.04	0.00	0.00	0.00	0.00	0.00	0.00	0.00	0.00	0.00	0.00	0.00	0.01
A21V	0.28	0.28	0.27	0.11	0.11	0.20	0.00	0.20	0.28	0.28	0.28	0.14	0.28	0.28	0.09	0.08	0.11	0.26	0.26	0.27	0.25	0.00	0.00	0.00	0.00	0.05	0.00	0.00	0.00	0.27	0.05	0.14	0.00	0.28	0.10	0.14	0.28	0.00	0.00	0.00	0.03	0.00	0.00	0.15	0.14	0.28	0.26	0.14	0.00	0.09	0.00	0.00	0.00	0.00	0.00	0.00	0.00	0.00	0.04	0.00	0.00	0.00	0.00	0.00	0.00	0.00	0.00	0.00	0.00	0.00	0.00
G22A	0.30	0.30	0.29	0.11	0.11	0.20	0.00	0.20	0.30	0.25	0.25	0.17	0.25	0.29	0.10	0.07	0.11	0.29	0.26	0.29	0.25	0.00	0.00	0.00	0.00	0.05	0.00	0.00	0.00	0.25	0.05	0.14	0.00	0.25	0.10	0.17	0.30	0.00	0.00	0.00	0.03	0.00	0.00	0.14	0.14	0.25	0.29	0.20	0.00	0.10	0.00	0.00	0.00	0.00	0.00	0.00	0.00	0.00	0.04	0.00	0.00	0.00	0.00	0.00	0.00	0.00	0.00	0.00	0.00	0.00	0.01
E23D	0.39	0.32	0.25	0.12	0.12	0.18	0.00	0.18	0.39	0.26	0.26	0.15	0.26	0.32	0.10	0.08	0.12	0.31	0.25	0.25	0.25	0.00	0.00	0.00	0.00	0.05	0.00	0.00	0.00	0.39	0.05	0.14	0.00	0.26	0.10	0.15	0.27	0.00	0.00	0.00	0.03	0.00	0.00	0.08	0.12	0.26	0.32	0.14	0.00	0.10	0.00	0.00	0.00	0.00	0.00	0.00	0.00	0.00	0.04	0.00	0.00	0.00	0.00	0.00	0.00	0.00	0.00	0.00	0.00	0.00	0.00
E23K	0.60	0.60	0.26	0.12	0.12	0.17	0.00	0.17	0.60	0.24	0.24	0.14	0.24	0.60	0.59	0.08	0.12	0.28	0.26	0.25	0.26	0.00	0.00	0.00	0.00	0.05	0.00	0.00	0.00	0.43	0.12	0.14	0.00	0.24	0.11	0.14	0.28	0.00	0.00	0.00	0.03	0.00	0.00	0.53	0.10	0.31	0.42	0.60	0.59	0.10	0.00	0.00	0.00	0.00	0.00	0.00	0.00	0.00	0.23	0.00	0.00	0.00	0.00	0.00	0.00	0.00	0.00	0.00	0.07	0.08	0.01
I25F	0.36	0.36	0.27	0.14	0.14	0.13	0.00	0.13	0.36	0.25	0.25	0.14	0.25	0.29	0.10	0.08	0.14	0.28	0.24	0.27	0.25	0.00	0.00	0.00	0.00	0.04	0.00	0.00	0.00	0.27	0.04	0.05	0.00	0.25	0.08	0.14	0.36	0.00	0.00	0.00	0.03	0.00	0.00	0.07	0.09	0.27	0.29	0.21	0.00	0.10	0.00	0.00	0.00	0.00	0.00	0.00	0.00	0.00	0.02	0.00	0.00	0.00	0.00	0.00	0.00	0.00	0.00	0.00	0.00	0.00	0.02
I25T	0.34	0.34	0.27	0.15	0.15	0.14	0.00	0.14	0.34	0.29	0.29	0.15	0.29	0.34	0.10	0.14	0.15	0.31	0.23	0.27	0.25	0.00	0.00	0.00	0.00	0.04	0.00	0.00	0.00	0.29	0.04	0.06	0.00	0.29	0.08	0.15	0.31	0.00	0.00	0.00	0.03	0.00	0.00	0.07	0.11	0.34	0.25	0.23	0.00	0.10	0.00	0.00	0.00	0.00	0.00	0.00	0.00	0.00	0.02	0.00	0.00	0.00	0.00	0.00	0.03	0.00	0.00	0.00	0.00	0.00	0.04
R27P	0.37	0.37	0.27	0.17	0.17	0.16	0.00	0.16	0.37	0.31	0.31	0.14	0.31	0.37	0.12	0.11	0.17	0.26	0.16	0.27	0.23	0.00	0.00	0.00	0.00	0.04	0.00	0.00	0.00	0.34	0.03	0.05	0.00	0.31	0.08	0.14	0.26	0.00	0.00	0.00	0.03	0.00	0.00	0.12	0.13	0.37	0.25	0.14	0.00	0.12	0.00	0.00	0.00	0.00	0.00	0.00	0.00	0.00	0.02	0.00	0.00	0.00	0.00	0.00	0.00	0.00	0.00	0.00	0.00	0.00	0.03
P28L	0.35	0.32	0.29	0.15	0.15	0.19	0.00	0.14	0.35	0.28	0.28	0.12	0.28	0.29	0.24	0.09	0.15	0.32	0.22	0.29	0.14	0.00	0.00	0.00	0.00	0.03	0.00	0.00	0.00	0.35	0.05	0.05	0.00	0.28	0.09	0.12	0.25	0.00	0.00	0.00	0.03	0.00	0.00	0.05	0.10	0.24	0.29	0.26	0.24	0.10	0.00	0.00	0.00	0.00	0.00	0.00	0.00	0.00	0.17	0.00	0.00	0.00	0.00	0.00	0.00	0.00	0.00	0.00	0.09	0.08	0.00
A29G	0.29	0.29	0.28	0.16	0.16	0.17	0.00	0.17	0.29	0.26	0.26	0.10	0.26	0.29	0.24	0.11	0.16	0.29	0.16	0.28	0.14	0.00	0.00	0.00	0.00	0.01	0.00	0.00	0.00	0.14	0.03	0.04	0.00	0.26	0.09	0.10	0.23	0.00	0.00	0.00	0.01	0.00	0.00	0.29	0.05	0.13	0.13	0.09	0.24	0.10	0.00	0.00	0.00	0.00	0.00	0.00	0.00	0.00	0.17	0.00	0.00	0.00	0.00	0.00	0.00	0.00	0.00	0.00	0.09	0.08	0.07
A31C	0.34	0.30	0.17	0.15	0.15	0.15	0.00	0.15	0.34	0.34	0.34	0.10	0.34	0.30	0.25	0.09	0.15	0.25	0.15	0.17	0.14	0.00	0.00	0.00	0.00	0.00	0.00	0.00	0.00	0.16	0.02	0.04	0.00	0.34	0.09	0.10	0.26	0.00	0.00	0.00	0.01	0.00	0.00	0.30	0.04	0.14	0.13	0.24	0.25	0.10	0.00	0.00	0.00	0.00	0.00	0.00	0.00	0.00	0.19	0.00	0.00	0.00	0.00	0.00	0.00	0.00	0.00	0.00	0.09	0.08	0.00
I32V	0.31	0.31	0.21	0.15	0.15	0.10	0.00	0.10	0.31	0.28	0.28	0.10	0.28	0.31	0.23	0.09	0.15	0.24	0.21	0.12	0.18	0.00	0.00	0.00	0.00	0.00	0.00	0.00	0.00	0.14	0.02	0.04	0.00	0.28	0.09	0.10	0.24	0.00	0.00	0.00	0.00	0.00	0.00	0.31	0.04	0.13	0.11	0.21	0.23	0.11	0.00	0.00	0.00	0.00	0.00	0.00	0.00	0.00	0.18	0.00	0.00	0.00	0.00	0.00	0.00	0.00	0.00	0.00	0.10	0.08	0.04
M35N	0.35	0.27	0.25	0.16	0.16	0.07	0.00	0.07	0.35	0.35	0.35	0.10	0.35	0.27	0.24	0.11	0.16	0.20	0.25	0.05	0.20	0.00	0.00	0.00	0.00	0.00	0.00	0.00	0.00	0.16	0.02	0.02	0.00	0.35	0.10	0.10	0.25	0.00	0.00	0.00	0.00	0.00	0.00	0.27	0.07	0.12	0.20	0.27	0.24	0.02	0.00	0.00	0.00	0.00	0.00	0.00	0.00	0.00	0.18	0.00	0.00	0.00	0.00	0.00	0.00	0.00	0.00	0.00	0.10	0.09	0.05
M35R	0.33	0.33	0.25	0.14	0.14	0.06	0.00	0.06	0.33	0.29	0.29	0.09	0.29	0.33	0.23	0.11	0.14	0.18	0.25	0.05	0.20	0.00	0.00	0.00	0.00	0.00	0.00	0.00	0.00	0.14	0.03	0.02	0.00	0.29	0.09	0.09	0.24	0.00	0.00	0.00	0.00	0.00	0.00	0.33	0.06	0.10	0.18	0.21	0.23	0.06	0.00	0.00	0.00	0.00	0.00	0.00	0.00	0.00	0.17	0.00	0.00	0.00	0.00	0.00	0.00	0.00	0.00	0.00	0.11	0.08	0.04
I36N	0.34	0.32	0.25	0.20	0.20	0.07	0.00	0.07	0.34	0.34	0.34	0.09	0.34	0.32	0.23	0.14	0.20	0.25	0.25	0.09	0.21	0.00	0.00	0.00	0.00	0.00	0.00	0.00	0.00	0.21	0.02	0.05	0.00	0.34	0.09	0.09	0.30	0.00	0.00	0.00	0.00	0.00	0.00	0.32	0.27	0.26	0.20	0.23	0.23	0.02	0.00	0.00	0.00	0.00	0.00	0.00	0.00	0.00	0.18	0.00	0.00	0.00	0.00	0.00	0.00	0.00	0.00	0.00	0.09	0.09	0.03
E37K	0.53	0.53	0.25	0.15	0.15	0.06	0.00	0.06	0.53	0.27	0.27	0.09	0.27	0.53	0.28	0.07	0.15	0.18	0.25	0.09	0.20	0.00	0.00	0.00	0.00	0.00	0.00	0.00	0.00	0.17	0.04	0.04	0.00	0.27	0.09	0.09	0.25	0.00	0.00	0.00	0.00	0.00	0.00	0.53	0.24	0.19	0.18	0.27	0.28	0.02	0.00	0.00	0.00	0.00	0.00	0.00	0.00	0.00	0.17	0.00	0.00	0.00	0.00	0.00	0.00	0.00	0.00	0.00	0.09	0.09	0.02
N38D	0.41	0.41	0.25	0.16	0.16	0.06	0.00	0.06	0.41	0.31	0.31	0.10	0.31	0.41	0.24	0.09	0.16	0.26	0.25	0.09	0.20	0.00	0.00	0.00	0.00	0.01	0.00	0.00	0.00	0.17	0.01	0.11	0.00	0.31	0.09	0.10	0.28	0.00	0.00	0.00	0.00	0.00	0.00	0.30	0.25	0.20	0.26	0.41	0.24	0.02	0.00	0.00	0.00	0.00	0.00	0.00	0.00	0.00	0.16	0.00	0.00	0.00	0.00	0.00	0.00	0.01	0.00	0.00	0.10	0.12	0.01
N38H	0.54	0.54	0.25	0.16	0.16	0.05	0.00	0.05	0.54	0.36	0.36	0.09	0.36	0.54	0.23	0.08	0.16	0.28	0.25	0.10	0.20	0.00	0.00	0.00	0.00	0.01	0.00	0.00	0.00	0.17	0.01	0.08	0.00	0.36	0.09	0.09	0.26	0.00	0.00	0.00	0.04	0.00	0.00	0.30	0.40	0.21	0.21	0.54	0.23	0.02	0.00	0.00	0.00	0.00	0.00	0.00	0.00	0.00	0.18	0.00	0.00	0.00	0.00	0.00	0.00	0.00	0.00	0.00	0.10	0.10	0.02
N38K	0.45	0.45	0.25	0.16	0.16	0.05	0.00	0.05	0.45	0.30	0.30	0.09	0.30	0.45	0.25	0.10	0.16	0.25	0.25	0.09	0.20	0.00	0.00	0.00	0.00	0.01	0.00	0.00	0.00	0.16	0.02	0.10	0.00	0.30	0.09	0.09	0.25	0.00	0.00	0.00	0.00	0.00	0.00	0.45	0.24	0.21	0.21	0.25	0.25	0.02	0.00	0.00	0.00	0.00	0.00	0.00	0.00	0.00	0.17	0.00	0.00	0.00	0.00	0.00	0.00	0.00	0.00	0.00	0.10	0.10	0.02
N38S	0.32	0.32	0.25	0.16	0.16	0.05	0.00	0.05	0.32	0.27	0.27	0.09	0.27	0.32	0.22	0.11	0.16	0.25	0.25	0.09	0.20	0.00	0.00	0.00	0.00	0.01	0.00	0.00	0.00	0.18	0.01	0.08	0.00	0.27	0.09	0.09	0.29	0.00	0.00	0.00	0.00	0.00	0.00	0.32	0.25	0.21	0.24	0.21	0.22	0.02	0.00	0.00	0.00	0.00	0.00	0.00	0.00	0.00	0.17	0.00	0.00	0.00	0.00	0.00	0.04	0.00	0.00	0.00	0.10	0.11	0.02
C39R	0.55	0.55	0.26	0.17	0.17	0.07	0.00	0.07	0.55	0.28	0.28	0.15	0.28	0.55	0.16	0.16	0.17	0.26	0.26	0.10	0.20	0.00	0.00	0.00	0.00	0.02	0.00	0.00	0.00	0.15	0.04	0.10	0.00	0.28	0.07	0.15	0.28	0.00	0.00	0.00	0.00	0.00	0.00	0.34	0.24	0.27	0.25	0.55	0.12	0.16	0.00	0.00	0.00	0.00	0.00	0.00	0.00	0.00	0.09	0.00	0.00	0.00	0.00	0.00	0.05	0.01	0.00	0.00	0.09	0.13	0.03
D41G	0.82	0.82	0.25	0.16	0.16	0.10	0.00	0.10	0.82	0.32	0.32	0.08	0.32	0.82	0.10	0.07	0.16	0.29	0.25	0.19	0.20	0.00	0.00	0.00	0.00	0.06	0.00	0.00	0.00	0.17	0.03	0.08	0.00	0.32	0.07	0.08	0.26	0.00	0.00	0.00	0.00	0.00	0.00	0.82	0.33	0.27	0.51	0.74	0.10	0.02	0.00	0.00	0.00	0.00	0.00	0.00	0.00	0.00	0.07	0.00	0.00	0.00	0.00	0.00	0.06	0.00	0.00	0.00	0.07	0.10	0.02
D41H	0.52	0.52	0.25	0.17	0.17	0.10	0.00	0.10	0.52	0.31	0.31	0.08	0.31	0.52	0.11	0.07	0.17	0.28	0.25	0.19	0.20	0.00	0.00	0.00	0.00	0.06	0.00	0.00	0.00	0.15	0.03	0.08	0.00	0.31	0.07	0.08	0.26	0.00	0.00	0.00	0.02	0.00	0.00	0.26	0.52	0.26	0.41	0.25	0.10	0.02	0.00	0.00	0.00	0.00	0.00	0.00	0.00	0.00	0.07	0.00	0.00	0.00	0.00	0.00	0.06	0.00	0.00	0.00	0.07	0.11	0.01
A42V	0.28	0.28	0.25	0.17	0.17	0.10	0.00	0.10	0.28	0.27	0.27	0.08	0.27	0.28	0.10	0.08	0.17	0.26	0.25	0.19	0.20	0.00	0.00	0.00	0.00	0.06	0.00	0.00	0.00	0.16	0.02	0.09	0.00	0.27	0.07	0.08	0.26	0.00	0.00	0.00	0.00	0.00	0.00	0.27	0.24	0.28	0.27	0.26	0.10	0.02	0.00	0.00	0.00	0.00	0.00	0.00	0.00	0.00	0.07	0.00	0.00	0.00	0.00	0.00	0.06	0.00	0.00	0.00	0.08	0.10	0.02
S44F	0.42	0.42	0.25	0.19	0.19	0.10	0.00	0.10	0.42	0.30	0.30	0.06	0.30	0.42	0.17	0.08	0.19	0.29	0.25	0.20	0.20	0.00	0.00	0.00	0.00	0.06	0.00	0.00	0.00	0.15	0.02	0.08	0.00	0.30	0.07	0.06	0.17	0.00	0.00	0.00	0.00	0.00	0.00	0.19	0.27	0.31	0.42	0.16	0.17	0.00	0.00	0.00	0.00	0.00	0.00	0.00	0.00	0.00	0.07	0.00	0.00	0.00	0.00	0.00	0.06	0.00	0.00	0.00	0.08	0.10	0.00
S46I	0.35	0.35	0.23	0.18	0.18	0.10	0.00	0.10	0.28	0.26	0.26	0.05	0.26	0.28	0.11	0.08	0.18	0.35	0.23	0.19	0.19	0.00	0.00	0.00	0.00	0.08	0.00	0.00	0.00	0.15	0.02	0.08	0.00	0.26	0.06	0.05	0.18	0.00	0.00	0.00	0.00	0.00	0.00	0.26	0.26	0.28	0.28	0.12	0.11	0.00	0.00	0.00	0.00	0.00	0.00	0.00	0.00	0.00	0.07	0.00	0.00	0.00	0.00	0.00	0.06	0.00	0.00	0.00	0.07	0.10	0.02
Q48P	0.28	0.28	0.23	0.17	0.17	0.12	0.00	0.12	0.28	0.28	0.28	0.03	0.28	0.26	0.15	0.07	0.17	0.28	0.15	0.23	0.19	0.00	0.00	0.00	0.00	0.12	0.00	0.00	0.00	0.02	0.02	0.08	0.00	0.28	0.05	0.03	0.21	0.00	0.00	0.00	0.00	0.00	0.00	0.07	0.05	0.26	0.25	0.08	0.15	0.03	0.00	0.00	0.00	0.00	0.00	0.00	0.00	0.00	0.11	0.00	0.00	0.00	0.03	0.00	0.06	0.00	0.00	0.00	0.08	0.11	0.12
V49E	0.39	0.39	0.26	0.21	0.18	0.12	0.00	0.12	0.35	0.35	0.35	0.04	0.35	0.32	0.18	0.17	0.18	0.39	0.17	0.23	0.26	0.00	0.00	0.00	0.00	0.12	0.00	0.00	0.00	0.02	0.02	0.03	0.00	0.35	0.05	0.04	0.20	0.00	0.00	0.00	0.00	0.00	0.00	0.09	0.06	0.30	0.32	0.09	0.18	0.07	0.00	0.00	0.00	0.00	0.00	0.00	0.00	0.00	0.11	0.00	0.00	0.00	0.00	0.00	0.07	0.00	0.00	0.00	0.09	0.07	0.21
Q62K	0.42	0.39	0.26	0.19	0.19	0.10	0.00	0.10	0.42	0.29	0.29	0.11	0.29	0.39	0.27	0.13	0.19	0.25	0.09	0.26	0.25	0.00	0.00	0.00	0.00	0.10	0.00	0.00	0.00	0.42	0.03	0.15	0.00	0.29	0.05	0.11	0.28	0.00	0.00	0.00	0.01	0.00	0.00	0.39	0.18	0.25	0.24	0.29	0.27	0.00	0.00	0.00	0.00	0.00	0.00	0.00	0.00	0.00	0.11	0.00	0.00	0.00	0.00	0.00	0.08	0.02	0.00	0.00	0.08	0.10	0.07
D63E	0.43	0.43	0.25	0.18	0.18	0.08	0.00	0.08	0.43	0.28	0.28	0.11	0.28	0.43	0.06	0.14	0.18	0.28	0.09	0.25	0.25	0.00	0.00	0.00	0.00	0.08	0.00	0.00	0.00	0.26	0.02	0.16	0.00	0.28	0.05	0.11	0.27	0.00	0.00	0.00	0.01	0.00	0.00	0.43	0.18	0.27	0.41	0.25	0.00	0.05	0.00	0.00	0.00	0.00	0.00	0.00	0.00	0.00	0.00	0.00	0.00	0.00	0.00	0.00	0.06	0.02	0.00	0.00	0.00	0.00	0.02
D63N	0.40	0.40	0.26	0.19	0.19	0.10	0.00	0.10	0.40	0.28	0.28	0.11	0.28	0.40	0.07	0.13	0.19	0.24	0.09	0.26	0.25	0.00	0.00	0.00	0.00	0.10	0.00	0.00	0.00	0.26	0.03	0.16	0.00	0.28	0.05	0.11	0.26	0.00	0.00	0.00	0.01	0.00	0.00	0.40	0.19	0.26	0.34	0.33	0.00	0.00	0.00	0.00	0.00	0.00	0.00	0.00	0.00	0.00	0.00	0.00	0.00	0.00	0.00	0.00	0.07	0.02	0.00	0.00	0.00	0.00	0.03
N64S	0.36	0.36	0.26	0.18	0.18	0.07	0.00	0.07	0.36	0.30	0.30	0.11	0.30	0.36	0.12	0.17	0.18	0.25	0.19	0.26	0.25	0.00	0.00	0.00	0.00	0.05	0.00	0.00	0.00	0.29	0.02	0.15	0.00	0.30	0.05	0.11	0.29	0.00	0.00	0.00	0.02	0.00	0.00	0.36	0.17	0.24	0.30	0.27	0.00	0.12	0.00	0.00	0.00	0.00	0.00	0.00	0.00	0.00	0.00	0.00	0.00	0.00	0.02	0.00	0.08	0.03	0.00	0.00	0.00	0.00	0.01
G65D	0.48	0.48	0.25	0.19	0.19	0.07	0.00	0.07	0.48	0.27	0.27	0.14	0.27	0.48	0.12	0.15	0.19	0.25	0.19	0.25	0.25	0.00	0.00	0.00	0.00	0.05	0.00	0.00	0.00	0.30	0.02	0.15	0.00	0.27	0.05	0.14	0.26	0.00	0.00	0.00	0.01	0.00	0.00	0.48	0.23	0.26	0.41	0.27	0.06	0.12	0.00	0.00	0.00	0.00	0.00	0.00	0.00	0.00	0.04	0.00	0.00	0.00	0.00	0.00	0.06	0.02	0.00	0.00	0.08	0.10	0.02
G67E	0.36	0.36	0.26	0.18	0.18	0.07	0.00	0.07	0.36	0.28	0.28	0.11	0.28	0.36	0.12	0.16	0.18	0.26	0.19	0.26	0.25	0.00	0.00	0.00	0.00	0.03	0.00	0.00	0.00	0.29	0.01	0.16	0.00	0.28	0.05	0.11	0.28	0.00	0.00	0.00	0.02	0.00	0.00	0.24	0.22	0.27	0.36	0.31	0.06	0.12	0.00	0.00	0.00	0.00	0.00	0.00	0.00	0.00	0.04	0.00	0.00	0.00	0.00	0.00	0.06	0.02	0.00	0.00	0.10	0.09	0.00
G67R	0.32	0.32	0.26	0.18	0.18	0.07	0.00	0.07	0.32	0.28	0.28	0.11	0.28	0.32	0.12	0.13	0.18	0.25	0.23	0.26	0.26	0.00	0.00	0.00	0.00	0.02	0.00	0.00	0.00	0.28	0.03	0.19	0.00	0.28	0.06	0.11	0.28	0.00	0.00	0.00	0.02	0.00	0.00	0.24	0.23	0.24	0.32	0.24	0.06	0.12	0.00	0.00	0.00	0.00	0.00	0.00	0.00	0.00	0.04	0.00	0.00	0.00	0.00	0.00	0.06	0.02	0.00	0.00	0.11	0.09	0.00
G67W	0.39	0.39	0.27	0.19	0.19	0.06	0.00	0.06	0.39	0.30	0.30	0.13	0.30	0.39	0.12	0.14	0.19	0.26	0.20	0.27	0.26	0.00	0.00	0.00	0.00	0.03	0.00	0.00	0.00	0.31	0.02	0.17	0.00	0.30	0.10	0.13	0.33	0.00	0.00	0.00	0.02	0.00	0.00	0.39	0.22	0.23	0.33	0.24	0.07	0.12	0.00	0.00	0.00	0.00	0.00	0.00	0.00	0.00	0.04	0.00	0.00	0.00	0.00	0.00	0.06	0.02	0.00	0.00	0.08	0.10	0.00
I68N	0.38	0.31	0.25	0.27	0.27	0.07	0.00	0.07	0.38	0.38	0.38	0.10	0.38	0.31	0.12	0.25	0.27	0.26	0.20	0.15	0.25	0.00	0.00	0.00	0.00	0.02	0.00	0.00	0.00	0.34	0.01	0.16	0.00	0.38	0.05	0.10	0.28	0.00	0.00	0.00	0.02	0.00	0.00	0.25	0.24	0.31	0.27	0.25	0.06	0.12	0.00	0.00	0.00	0.00	0.00	0.00	0.00	0.00	0.05	0.00	0.00	0.00	0.00	0.00	0.07	0.02	0.00	0.00	0.08	0.10	0.06
L73P	0.33	0.33	0.20	0.21	0.21	0.08	0.00	0.08	0.33	0.26	0.26	0.04	0.26	0.33	0.13	0.21	0.21	0.22	0.20	0.05	0.19	0.00	0.00	0.00	0.00	0.03	0.00	0.00	0.00	0.04	0.00	0.07	0.00	0.26	0.04	0.04	0.30	0.00	0.00	0.00	0.02	0.00	0.00	0.18	0.24	0.07	0.33	0.20	0.06	0.13	0.00	0.00	0.00	0.00	0.00	0.00	0.00	0.00	0.05	0.00	0.00	0.00	0.00	0.00	0.00	0.02	0.00	0.00	0.09	0.10	0.12
C77R	0.39	0.28	0.26	0.16	0.16	0.08	0.00	0.08	0.39	0.39	0.39	0.12	0.39	0.28	0.08	0.16	0.15	0.15	0.26	0.07	0.21	0.00	0.00	0.00	0.00	0.02	0.00	0.00	0.00	0.05	0.02	0.21	0.00	0.39	0.10	0.12	0.28	0.00	0.00	0.00	0.02	0.00	0.00	0.21	0.23	0.07	0.28	0.21	0.00	0.08	0.00	0.00	0.00	0.00	0.00	0.00	0.00	0.00	0.02	0.00	0.00	0.00	0.01	0.00	0.05	0.02	0.00	0.00	0.00	0.00	0.01
C77Y	0.31	0.27	0.25	0.15	0.15	0.08	0.00	0.08	0.31	0.31	0.31	0.17	0.31	0.26	0.17	0.09	0.15	0.16	0.25	0.08	0.21	0.00	0.00	0.00	0.00	0.02	0.00	0.00	0.00	0.05	0.00	0.20	0.00	0.31	0.13	0.17	0.27	0.00	0.00	0.00	0.02	0.00	0.00	0.25	0.22	0.06	0.26	0.22	0.00	0.06	0.00	0.00	0.00	0.00	0.00	0.00	0.00	0.00	0.00	0.00	0.00	0.00	0.00	0.00	0.17	0.03	0.00	0.00	0.00	0.00	0.00
T82I	0.28	0.28	0.25	0.21	0.21	0.08	0.00	0.08	0.28	0.27	0.25	0.15	0.25	0.21	0.07	0.21	0.16	0.22	0.25	0.08	0.21	0.00	0.00	0.00	0.00	0.02	0.00	0.00	0.00	0.07	0.00	0.27	0.00	0.25	0.11	0.15	0.28	0.00	0.00	0.00	0.02	0.00	0.00	0.05	0.03	0.05	0.21	0.17	0.07	0.06	0.00	0.00	0.00	0.00	0.00	0.00	0.00	0.00	0.04	0.00	0.00	0.00	0.00	0.00	0.04	0.02	0.00	0.00	0.05	0.04	0.00
S83I	0.31	0.28	0.25	0.22	0.22	0.06	0.00	0.06	0.31	0.31	0.28	0.11	0.28	0.21	0.07	0.22	0.16	0.24	0.25	0.08	0.21	0.00	0.00	0.00	0.00	0.04	0.00	0.00	0.00	0.07	0.00	0.31	0.00	0.28	0.11	0.11	0.28	0.00	0.00	0.00	0.02	0.00	0.00	0.05	0.03	0.05	0.21	0.18	0.07	0.06	0.00	0.00	0.00	0.00	0.00	0.00	0.00	0.00	0.04	0.00	0.00	0.00	0.00	0.00	0.04	0.02	0.00	0.00	0.05	0.04	0.00
K84E	0.36	0.30	0.26	0.21	0.21	0.06	0.00	0.06	0.36	0.36	0.28	0.10	0.28	0.30	0.07	0.21	0.15	0.25	0.26	0.08	0.21	0.00	0.00	0.00	0.00	0.05	0.00	0.00	0.00	0.08	0.00	0.36	0.00	0.28	0.10	0.10	0.25	0.00	0.00	0.00	0.00	0.00	0.00	0.13	0.02	0.06	0.30	0.05	0.07	0.06	0.00	0.00	0.00	0.00	0.00	0.00	0.00	0.00	0.04	0.00	0.00	0.00	0.00	0.00	0.04	0.01	0.00	0.00	0.05	0.04	0.00
A92P	0.31	0.28	0.28	0.23	0.23	0.07	0.00	0.07	0.31	0.31	0.31	0.11	0.31	0.15	0.11	0.23	0.15	0.28	0.28	0.05	0.25	0.00	0.00	0.00	0.00	0.05	0.00	0.00	0.00	0.01	0.00	0.04	0.00	0.31	0.22	0.11	0.18	0.00	0.00	0.00	0.00	0.00	0.00	0.07	0.04	0.10	0.15	0.11	0.00	0.03	0.00	0.00	0.00	0.00	0.00	0.00	0.00	0.00	0.00	0.00	0.00	0.00	0.02	0.00	0.11	0.03	0.00	0.00	0.00	0.00	0.10
S93G	0.33	0.30	0.26	0.20	0.20	0.07	0.00	0.07	0.33	0.33	0.33	0.11	0.33	0.16	0.11	0.20	0.12	0.30	0.26	0.05	0.25	0.00	0.00	0.00	0.00	0.05	0.00	0.00	0.00	0.02	0.00	0.04	0.00	0.33	0.22	0.11	0.14	0.00	0.00	0.00	0.00	0.00	0.00	0.05	0.04	0.09	0.16	0.11	0.00	0.03	0.00	0.00	0.00	0.00	0.00	0.00	0.00	0.00	0.00	0.00	0.00	0.00	0.02	0.00	0.11	0.03	0.00	0.00	0.00	0.00	0.04
S95A	0.31	0.31	0.27	0.15	0.15	0.07	0.00	0.07	0.29	0.29	0.29	0.14	0.29	0.16	0.11	0.15	0.12	0.31	0.27	0.05	0.26	0.00	0.00	0.00	0.00	0.05	0.00	0.00	0.00	0.25	0.00	0.04	0.00	0.29	0.23	0.14	0.28	0.00	0.00	0.00	0.00	0.00	0.00	0.05	0.04	0.11	0.16	0.12	0.00	0.06	0.00	0.00	0.00	0.00	0.00	0.00	0.00	0.00	0.02	0.00	0.00	0.00	0.02	0.00	0.11	0.03	0.00	0.00	0.00	0.00	0.02
G98R	0.36	0.28	0.27	0.14	0.14	0.07	0.00	0.07	0.36	0.36	0.36	0.15	0.36	0.23	0.11	0.11	0.14	0.28	0.27	0.09	0.25	0.00	0.00	0.00	0.00	0.06	0.00	0.00	0.00	0.27	0.02	0.09	0.00	0.36	0.22	0.15	0.26	0.00	0.00	0.00	0.02	0.00	0.00	0.23	0.03	0.11	0.18	0.04	0.00	0.09	0.00	0.00	0.00	0.00	0.00	0.00	0.00	0.00	0.02	0.00	0.00	0.00	0.02	0.00	0.11	0.02	0.00	0.00	0.00	0.00	0.01
G98S	0.29	0.27	0.25	0.14	0.14	0.07	0.00	0.07	0.29	0.29	0.29	0.15	0.29	0.22	0.11	0.14	0.14	0.26	0.25	0.09	0.25	0.00	0.00	0.00	0.00	0.06	0.00	0.00	0.00	0.25	0.00	0.05	0.00	0.29	0.21	0.15	0.27	0.00	0.00	0.00	0.02	0.00	0.00	0.20	0.03	0.12	0.22	0.04	0.00	0.06	0.00	0.00	0.00	0.00	0.00	0.00	0.00	0.00	0.02	0.00	0.00	0.00	0.02	0.00	0.11	0.02	0.00	0.00	0.00	0.00	0.02
F99L	0.32	0.30	0.26	0.15	0.15	0.07	0.00	0.07	0.32	0.32	0.32	0.14	0.32	0.20	0.11	0.13	0.15	0.28	0.26	0.09	0.25	0.00	0.00	0.00	0.00	0.05	0.00	0.00	0.00	0.28	0.00	0.04	0.00	0.32	0.21	0.14	0.30	0.00	0.00	0.00	0.02	0.00	0.00	0.20	0.03	0.11	0.18	0.04	0.00	0.06	0.00	0.00	0.00	0.00	0.00	0.00	0.00	0.00	0.02	0.00	0.00	0.00	0.02	0.00	0.11	0.02	0.00	0.00	0.00	0.00	0.02
R100Q	0.32	0.32	0.26	0.14	0.14	0.07	0.00	0.07	0.32	0.29	0.29	0.14	0.29	0.19	0.11	0.12	0.14	0.27	0.26	0.09	0.26	0.00	0.00	0.00	0.00	0.05	0.00	0.00	0.00	0.30	0.00	0.04	0.00	0.29	0.22	0.14	0.32	0.00	0.00	0.00	0.02	0.00	0.00	0.19	0.04	0.12	0.19	0.04	0.00	0.07	0.00	0.00	0.00	0.00	0.00	0.00	0.00	0.00	0.02	0.00	0.00	0.00	0.02	0.00	0.11	0.02	0.00	0.00	0.00	0.00	0.00
G101S	0.31	0.27	0.25	0.14	0.14	0.07	0.00	0.07	0.31	0.31	0.31	0.14	0.31	0.21	0.11	0.14	0.14	0.27	0.25	0.09	0.25	0.00	0.00	0.00	0.00	0.03	0.00	0.00	0.00	0.27	0.00	0.04	0.00	0.31	0.21	0.14	0.25	0.00	0.00	0.00	0.02	0.00	0.00	0.20	0.03	0.11	0.21	0.04	0.00	0.06	0.00	0.00	0.00	0.00	0.00	0.00	0.00	0.00	0.02	0.00	0.00	0.00	0.01	0.00	0.11	0.04	0.00	0.00	0.00	0.00	0.00
G101V	0.30	0.30	0.26	0.15	0.15	0.09	0.00	0.09	0.30	0.27	0.27	0.14	0.27	0.21	0.11	0.12	0.15	0.26	0.25	0.09	0.26	0.00	0.00	0.00	0.00	0.03	0.00	0.00	0.00	0.29	0.01	0.05	0.00	0.27	0.21	0.14	0.30	0.00	0.00	0.00	0.02	0.00	0.00	0.21	0.03	0.11	0.20	0.05	0.00	0.06	0.00	0.00	0.00	0.00	0.00	0.00	0.00	0.00	0.02	0.00	0.00	0.00	0.01	0.00	0.11	0.03	0.00	0.00	0.00	0.00	0.00
A103P	0.30	0.30	0.27	0.17	0.17	0.07	0.00	0.07	0.30	0.28	0.28	0.14	0.28	0.21	0.06	0.14	0.17	0.29	0.27	0.13	0.22	0.00	0.00	0.00	0.00	0.03	0.00	0.00	0.00	0.26	0.01	0.04	0.00	0.28	0.13	0.14	0.30	0.00	0.00	0.00	0.02	0.00	0.00	0.21	0.03	0.12	0.19	0.04	0.00	0.06	0.00	0.00	0.00	0.00	0.00	0.00	0.00	0.00	0.02	0.00	0.00	0.00	0.01	0.00	0.02	0.02	0.00	0.00	0.00	0.00	0.02
I107R	0.29	0.29	0.26	0.19	0.19	0.05	0.00	0.05	0.29	0.25	0.25	0.05	0.25	0.29	0.11	0.19	0.15	0.07	0.26	0.25	0.15	0.00	0.00	0.00	0.00	0.00	0.00	0.00	0.00	0.28	0.03	0.02	0.00	0.25	0.09	0.05	0.23	0.00	0.00	0.00	0.05	0.00	0.00	0.29	0.23	0.11	0.21	0.13	0.00	0.11	0.00	0.00	0.00	0.00	0.00	0.00	0.00	0.00	0.00	0.00	0.00	0.00	0.00	0.00	0.02	0.00	0.00	0.00	0.00	0.00	0.09
H109P	0.30	0.28	0.25	0.12	0.12	0.04	0.00	0.04	0.30	0.30	0.30	0.02	0.30	0.28	0.07	0.10	0.12	0.07	0.22	0.25	0.16	0.00	0.00	0.00	0.00	0.00	0.00	0.00	0.00	0.13	0.02	0.02	0.00	0.30	0.09	0.01	0.08	0.00	0.00	0.00	0.05	0.00	0.00	0.06	0.28	0.11	0.16	0.14	0.00	0.00	0.00	0.00	0.00	0.00	0.00	0.00	0.00	0.00	0.00	0.00	0.00	0.00	0.03	0.00	0.07	0.00	0.00	0.00	0.00	0.00	0.02
H109Q	0.29	0.29	0.25	0.11	0.11	0.04	0.00	0.04	0.29	0.27	0.27	0.02	0.27	0.29	0.03	0.10	0.11	0.08	0.22	0.25	0.15	0.00	0.00	0.00	0.00	0.00	0.00	0.00	0.00	0.11	0.02	0.03	0.00	0.27	0.09	0.01	0.07	0.00	0.00	0.00	0.05	0.00	0.00	0.06	0.29	0.11	0.16	0.14	0.00	0.00	0.00	0.00	0.00	0.00	0.00	0.00	0.00	0.00	0.00	0.00	0.00	0.00	0.03	0.00	0.03	0.00	0.00	0.00	0.00	0.00	0.02
A111P	0.29	0.27	0.25	0.12	0.12	0.04	0.00	0.04	0.29	0.29	0.29	0.02	0.29	0.27	0.05	0.12	0.12	0.07	0.19	0.25	0.16	0.00	0.00	0.00	0.00	0.00	0.00	0.00	0.00	0.12	0.02	0.03	0.00	0.29	0.09	0.01	0.08	0.00	0.00	0.00	0.05	0.00	0.00	0.06	0.27	0.12	0.17	0.16	0.00	0.00	0.00	0.00	0.00	0.00	0.00	0.00	0.00	0.00	0.00	0.00	0.00	0.00	0.05	0.00	0.03	0.00	0.00	0.00	0.00	0.00	0.08
A111V	0.25	0.25	0.25	0.12	0.12	0.05	0.00	0.05	0.25	0.25	0.25	0.02	0.25	0.23	0.04	0.11	0.12	0.07	0.19	0.25	0.15	0.00	0.00	0.00	0.00	0.00	0.00	0.00	0.00	0.11	0.02	0.03	0.00	0.25	0.09	0.02	0.07	0.00	0.00	0.00	0.05	0.00	0.00	0.07	0.23	0.11	0.16	0.13	0.00	0.00	0.00	0.00	0.00	0.00	0.00	0.00	0.00	0.00	0.00	0.00	0.00	0.00	0.04	0.00	0.03	0.00	0.00	0.00	0.00	0.00	0.02
V113D	0.44	0.44	0.25	0.20	0.20	0.04	0.00	0.04	0.44	0.31	0.31	0.03	0.31	0.44	0.11	0.20	0.17	0.14	0.20	0.25	0.11	0.00	0.00	0.00	0.00	0.03	0.00	0.00	0.00	0.02	0.02	0.04	0.00	0.31	0.09	0.03	0.05	0.00	0.00	0.00	0.06	0.00	0.00	0.13	0.40	0.19	0.13	0.44	0.10	0.00	0.00	0.00	0.00	0.00	0.00	0.00	0.00	0.00	0.09	0.00	0.00	0.00	0.04	0.00	0.04	0.00	0.00	0.00	0.04	0.11	0.11
T116K	0.26	0.26	0.25	0.19	0.19	0.06	0.00	0.06	0.24	0.24	0.24	0.06	0.24	0.24	0.10	0.16	0.19	0.26	0.07	0.25	0.25	0.00	0.00	0.00	0.00	0.06	0.00	0.00	0.00	0.00	0.06	0.04	0.00	0.24	0.09	0.02	0.05	0.00	0.00	0.00	0.05	0.00	0.00	0.06	0.24	0.11	0.24	0.17	0.10	0.00	0.00	0.00	0.00	0.00	0.00	0.00	0.00	0.00	0.09	0.00	0.00	0.00	0.04	0.00	0.03	0.01	0.00	0.00	0.04	0.10	0.17
T116R	0.26	0.26	0.26	0.19	0.19	0.06	0.00	0.06	0.25	0.24	0.24	0.07	0.24	0.25	0.13	0.15	0.19	0.25	0.07	0.26	0.25	0.00	0.00	0.00	0.00	0.06	0.00	0.00	0.00	0.00	0.07	0.05	0.00	0.24	0.09	0.02	0.05	0.00	0.00	0.00	0.05	0.00	0.00	0.06	0.24	0.11	0.25	0.17	0.10	0.13	0.00	0.00	0.00	0.00	0.00	0.00	0.00	0.00	0.09	0.00	0.00	0.00	0.04	0.00	0.03	0.01	0.00	0.00	0.05	0.10	0.10
T117M	0.26	0.25	0.25	0.19	0.19	0.13	0.00	0.13	0.26	0.26	0.26	0.04	0.26	0.23	0.11	0.15	0.19	0.25	0.08	0.25	0.25	0.00	0.00	0.00	0.00	0.13	0.00	0.00	0.00	0.00	0.04	0.04	0.00	0.26	0.09	0.01	0.04	0.00	0.00	0.00	0.05	0.00	0.00	0.06	0.23	0.10	0.23	0.18	0.11	0.00	0.00	0.00	0.00	0.00	0.00	0.00	0.00	0.00	0.09	0.00	0.00	0.00	0.04	0.00	0.03	0.01	0.00	0.00	0.05	0.10	0.04
A120V	0.34	0.28	0.26	0.20	0.20	0.16	0.00	0.16	0.34	0.34	0.34	0.04	0.34	0.25	0.12	0.16	0.20	0.28	0.10	0.25	0.26	0.00	0.00	0.00	0.00	0.16	0.00	0.00	0.00	0.00	0.04	0.05	0.00	0.34	0.05	0.03	0.03	0.00	0.00	0.00	0.01	0.00	0.00	0.03	0.06	0.06	0.25	0.24	0.12	0.00	0.00	0.00	0.00	0.14	0.00	0.00	0.00	0.00	0.11	0.00	0.00	0.00	0.04	0.00	0.02	0.01	0.00	0.00	0.05	0.10	0.01
Y126C	0.34	0.34	0.26	0.21	0.21	0.17	0.00	0.17	0.34	0.31	0.31	0.05	0.31	0.34	0.30	0.21	0.18	0.26	0.11	0.26	0.25	0.00	0.00	0.00	0.00	0.17	0.00	0.00	0.00	0.00	0.04	0.02	0.00	0.31	0.22	0.05	0.09	0.00	0.00	0.00	0.01	0.00	0.00	0.03	0.06	0.05	0.24	0.34	0.11	0.12	0.00	0.00	0.00	0.17	0.00	0.00	0.00	0.00	0.11	0.00	0.00	0.00	0.02	0.00	0.30	0.03	0.00	0.00	0.03	0.07	0.05
Y126N	0.35	0.33	0.26	0.26	0.26	0.17	0.00	0.17	0.35	0.35	0.35	0.05	0.35	0.32	0.30	0.26	0.18	0.33	0.10	0.25	0.26	0.00	0.00	0.00	0.00	0.17	0.00	0.00	0.00	0.00	0.04	0.04	0.00	0.35	0.21	0.05	0.09	0.00	0.00	0.00	0.02	0.00	0.00	0.03	0.06	0.09	0.32	0.21	0.11	0.12	0.00	0.00	0.00	0.18	0.00	0.00	0.00	0.00	0.11	0.00	0.00	0.00	0.02	0.00	0.30	0.03	0.00	0.00	0.02	0.08	0.12
A128P	0.32	0.30	0.25	0.30	0.30	0.17	0.00	0.17	0.32	0.32	0.32	0.05	0.32	0.17	0.21	0.30	0.21	0.26	0.10	0.24	0.25	0.00	0.00	0.00	0.00	0.17	0.00	0.00	0.00	0.00	0.04	0.01	0.00	0.32	0.19	0.05	0.13	0.00	0.00	0.00	0.01	0.00	0.00	0.03	0.03	0.06	0.16	0.17	0.12	0.12	0.00	0.00	0.00	0.13	0.00	0.00	0.00	0.00	0.11	0.00	0.00	0.00	0.03	0.00	0.21	0.03	0.00	0.00	0.02	0.07	0.14
Y130C	0.28	0.26	0.26	0.26	0.26	0.19	0.00	0.19	0.28	0.28	0.28	0.05	0.28	0.16	0.24	0.26	0.20	0.17	0.04	0.25	0.26	0.00	0.00	0.00	0.00	0.19	0.00	0.00	0.00	0.00	0.04	0.01	0.00	0.28	0.19	0.05	0.10	0.00	0.00	0.00	0.01	0.00	0.00	0.04	0.03	0.08	0.16	0.12	0.20	0.12	0.00	0.00	0.00	0.02	0.00	0.00	0.00	0.00	0.08	0.00	0.00	0.00	0.02	0.00	0.24	0.03	0.00	0.00	0.05	0.05	0.12
Y130H	0.39	0.33	0.25	0.33	0.33	0.19	0.00	0.19	0.39	0.39	0.39	0.05	0.39	0.16	0.24	0.33	0.22	0.18	0.03	0.25	0.25	0.00	0.00	0.00	0.00	0.19	0.00	0.00	0.00	0.00	0.04	0.01	0.00	0.39	0.19	0.05	0.10	0.00	0.00	0.00	0.03	0.00	0.00	0.04	0.11	0.08	0.16	0.08	0.19	0.12	0.00	0.00	0.00	0.00	0.00	0.00	0.00	0.00	0.08	0.00	0.00	0.00	0.02	0.00	0.24	0.03	0.00	0.00	0.05	0.05	0.23
D132H	0.30	0.26	0.25	0.26	0.26	0.20	0.00	0.20	0.30	0.30	0.30	0.06	0.30	0.09	0.20	0.26	0.22	0.19	0.06	0.24	0.25	0.00	0.00	0.00	0.00	0.20	0.00	0.00	0.00	0.00	0.06	0.01	0.00	0.30	0.13	0.05	0.09	0.00	0.00	0.00	0.04	0.00	0.00	0.04	0.05	0.07	0.09	0.06	0.20	0.12	0.00	0.00	0.00	0.00	0.00	0.00	0.00	0.00	0.08	0.00	0.00	0.00	0.03	0.00	0.19	0.03	0.00	0.00	0.07	0.08	0.02
L135V	0.27	0.27	0.25	0.25	0.25	0.21	0.00	0.21	0.25	0.25	0.25	0.04	0.25	0.09	0.20	0.25	0.23	0.27	0.10	0.24	0.25	0.00	0.00	0.00	0.00	0.21	0.00	0.00	0.00	0.01	0.04	0.03	0.00	0.25	0.10	0.04	0.10	0.00	0.00	0.00	0.01	0.00	0.00	0.03	0.05	0.09	0.08	0.05	0.20	0.00	0.00	0.00	0.00	0.00	0.00	0.00	0.00	0.00	0.10	0.00	0.00	0.00	0.00	0.00	0.18	0.02	0.00	0.00	0.07	0.08	0.00
P141A	0.31	0.31	0.24	0.28	0.28	0.24	0.00	0.24	0.31	0.27	0.27	0.04	0.27	0.31	0.15	0.28	0.25	0.30	0.11	0.13	0.24	0.00	0.00	0.00	0.00	0.24	0.00	0.00	0.00	0.05	0.02	0.08	0.00	0.27	0.05	0.04	0.12	0.00	0.00	0.00	0.04	0.00	0.00	0.06	0.08	0.12	0.31	0.25	0.15	0.00	0.00	0.00	0.00	0.14	0.00	0.00	0.00	0.00	0.10	0.00	0.00	0.00	0.00	0.00	0.00	0.01	0.00	0.00	0.07	0.10	0.02
G147R	0.32	0.31	0.27	0.19	0.19	0.13	0.00	0.13	0.32	0.32	0.32	0.07	0.32	0.31	0.14	0.19	0.19	0.29	0.08	0.19	0.27	0.00	0.00	0.00	0.00	0.12	0.00	0.00	0.00	0.17	0.03	0.11	0.00	0.32	0.07	0.07	0.31	0.00	0.00	0.00	0.04	0.00	0.00	0.08	0.08	0.19	0.31	0.23	0.00	0.14	0.00	0.00	0.00	0.15	0.00	0.00	0.00	0.00	0.00	0.00	0.00	0.00	0.03	0.00	0.03	0.02	0.00	0.00	0.00	0.00	0.01
Q149H	0.64	0.64	0.26	0.18	0.18	0.13	0.00	0.13	0.64	0.28	0.28	0.14	0.28	0.64	0.04	0.16	0.18	0.29	0.26	0.25	0.26	0.00	0.00	0.00	0.00	0.13	0.00	0.00	0.00	0.15	0.02	0.12	0.00	0.28	0.06	0.14	0.28	0.00	0.00	0.00	0.14	0.00	0.00	0.22	0.18	0.19	0.27	0.64	0.00	0.04	0.00	0.00	0.00	0.00	0.00	0.00	0.00	0.00	0.00	0.00	0.00	0.00	0.02	0.00	0.03	0.02	0.00	0.00	0.00	0.00	0.06
L155R	0.33	0.28	0.25	0.11	0.11	0.19	0.00	0.19	0.33	0.33	0.33	0.33	0.24	0.28	0.14	0.11	0.10	0.27	0.25	0.25	0.14	0.00	0.00	0.00	0.00	0.19	0.00	0.00	0.00	0.06	0.10	0.19	0.00	0.24	0.22	0.33	0.18	0.00	0.00	0.00	0.05	0.00	0.00	0.22	0.12	0.17	0.20	0.28	0.00	0.08	0.00	0.00	0.00	0.00	0.00	0.00	0.00	0.00	0.02	0.00	0.00	0.00	0.00	0.00	0.14	0.02	0.00	0.00	0.00	0.00	0.05
A160V	0.36	0.26	0.24	0.20	0.20	0.19	0.00	0.19	0.36	0.36	0.36	0.36	0.25	0.13	0.13	0.20	0.16	0.23	0.24	0.09	0.14	0.00	0.00	0.00	0.00	0.19	0.00	0.00	0.00	0.10	0.05	0.24	0.00	0.25	0.21	0.36	0.26	0.00	0.00	0.00	0.02	0.00	0.00	0.05	0.05	0.08	0.13	0.00	0.04	0.09	0.00	0.00	0.00	0.00	0.00	0.00	0.00	0.00	0.13	0.00	0.00	0.00	0.00	0.00	0.13	0.05	0.00	0.00	0.06	0.11	0.00
L166F	0.28	0.26	0.24	0.23	0.23	0.14	0.00	0.14	0.28	0.28	0.28	0.26	0.28	0.12	0.17	0.23	0.22	0.23	0.24	0.04	0.18	0.00	0.00	0.00	0.00	0.13	0.00	0.00	0.00	0.10	0.04	0.28	0.00	0.28	0.10	0.26	0.26	0.00	0.00	0.00	0.01	0.00	0.00	0.01	0.02	0.04	0.12	0.03	0.17	0.09	0.00	0.00	0.00	0.00	0.00	0.00	0.00	0.00	0.13	0.00	0.00	0.00	0.00	0.00	0.08	0.04	0.00	0.00	0.06	0.11	0.03
P169L	0.31	0.31	0.27	0.26	0.26	0.15	0.00	0.15	0.28	0.28	0.28	0.19	0.28	0.19	0.18	0.26	0.25	0.31	0.27	0.04	0.18	0.00	0.00	0.00	0.00	0.11	0.00	0.00	0.00	0.05	0.06	0.25	0.00	0.28	0.15	0.19	0.17	0.00	0.00	0.00	0.00	0.00	0.00	0.09	0.06	0.08	0.19	0.16	0.13	0.03	0.00	0.00	0.00	0.00	0.00	0.00	0.00	0.00	0.13	0.00	0.00	0.00	0.00	0.00	0.18	0.01	0.00	0.00	0.06	0.11	0.00
V180G	0.32	0.26	0.25	0.16	0.16	0.07	0.00	0.07	0.32	0.32	0.32	0.08	0.32	0.09	0.23	0.16	0.15	0.24	0.25	0.24	0.22	0.00	0.00	0.00	0.00	0.04	0.00	0.00	0.00	0.15	0.05	0.06	0.00	0.32	0.16	0.08	0.26	0.00	0.00	0.00	0.02	0.00	0.00	0.08	0.06	0.04	0.09	0.05	0.23	0.09	0.00	0.00	0.00	0.00	0.00	0.00	0.00	0.00	0.09	0.00	0.00	0.00	0.00	0.00	0.11	0.03	0.00	0.00	0.04	0.10	0.14
R182G	0.52	0.52	0.27	0.13	0.13	0.04	0.00	0.04	0.52	0.33	0.33	0.06	0.33	0.28	0.11	0.08	0.13	0.23	0.27	0.25	0.24	0.00	0.00	0.00	0.00	0.03	0.00	0.00	0.00	0.16	0.06	0.10	0.00	0.33	0.19	0.06	0.52	0.00	0.00	0.00	0.03	0.00	0.00	0.07	0.28	0.10	0.22	0.10	0.00	0.10	0.00	0.00	0.00	0.00	0.00	0.00	0.00	0.00	0.03	0.00	0.00	0.00	0.00	0.00	0.11	0.03	0.00	0.00	0.00	0.00	0.04
R182K	0.52	0.30	0.25	0.11	0.11	0.05	0.00	0.05	0.52	0.27	0.27	0.06	0.27	0.28	0.52	0.08	0.11	0.23	0.25	0.24	0.24	0.00	0.00	0.00	0.00	0.04	0.00	0.00	0.00	0.16	0.06	0.10	0.00	0.27	0.16	0.05	0.30	0.00	0.00	0.00	0.02	0.00	0.00	0.09	0.28	0.11	0.24	0.12	0.52	0.10	0.00	0.00	0.00	0.00	0.00	0.00	0.00	0.00	0.06	0.00	0.00	0.00	0.00	0.00	0.11	0.03	0.00	0.00	0.04	0.06	0.03
V185G	0.31	0.28	0.25	0.27	0.18	0.04	0.00	0.04	0.31	0.31	0.31	0.06	0.31	0.28	0.12	0.15	0.18	0.23	0.25	0.24	0.24	0.00	0.00	0.00	0.00	0.03	0.00	0.00	0.00	0.16	0.06	0.08	0.00	0.31	0.16	0.04	0.27	0.00	0.00	0.00	0.02	0.00	0.00	0.06	0.28	0.10	0.22	0.11	0.00	0.09	0.00	0.00	0.00	0.00	0.00	0.00	0.00	0.00	0.03	0.00	0.00	0.00	0.02	0.00	0.12	0.02	0.00	0.00	0.00	0.00	0.27
S191I	0.39	0.25	0.25	0.19	0.19	0.06	0.00	0.06	0.39	0.39	0.39	0.06	0.39	0.24	0.11	0.19	0.19	0.23	0.15	0.24	0.25	0.00	0.00	0.00	0.00	0.06	0.00	0.00	0.00	0.01	0.06	0.12	0.00	0.39	0.08	0.04	0.16	0.00	0.00	0.00	0.02	0.00	0.00	0.06	0.24	0.10	0.24	0.11	0.11	0.00	0.00	0.00	0.00	0.00	0.00	0.00	0.00	0.00	0.06	0.00	0.00	0.00	0.00	0.00	0.03	0.01	0.00	0.00	0.07	0.06	0.02
S193P	0.29	0.26	0.26	0.21	0.19	0.10	0.00	0.10	0.29	0.29	0.29	0.06	0.29	0.10	0.11	0.18	0.19	0.22	0.03	0.24	0.26	0.00	0.00	0.00	0.00	0.10	0.00	0.00	0.00	0.00	0.06	0.12	0.00	0.29	0.07	0.02	0.16	0.00	0.00	0.00	0.00	0.00	0.00	0.00	0.03	0.02	0.10	0.02	0.11	0.00	0.00	0.00	0.00	0.00	0.00	0.00	0.00	0.00	0.06	0.00	0.00	0.00	0.00	0.00	0.04	0.01	0.00	0.00	0.09	0.06	0.21
E199Q	0.26	0.26	0.26	0.19	0.19	0.22	0.00	0.22	0.12	0.12	0.12	0.07	0.12	0.05	0.12	0.17	0.19	0.15	0.06	0.26	0.25	0.00	0.00	0.00	0.00	0.22	0.00	0.00	0.00	0.00	0.07	0.10	0.00	0.12	0.06	0.02	0.05	0.00	0.00	0.00	0.00	0.00	0.00	0.01	0.03	0.01	0.05	0.04	0.11	0.08	0.00	0.00	0.00	0.00	0.00	0.00	0.00	0.00	0.06	0.00	0.00	0.00	0.01	0.00	0.03	0.12	0.00	0.00	0.07	0.06	0.01
V213L	0.27	0.27	0.27	0.15	0.15	0.25	0.00	0.25	0.27	0.27	0.27	0.16	0.27	0.18	0.15	0.11	0.15	0.15	0.27	0.05	0.25	0.00	0.00	0.00	0.00	0.25	0.00	0.00	0.00	0.00	0.02	0.10	0.00	0.27	0.03	0.16	0.21	0.00	0.00	0.00	0.02	0.00	0.00	0.05	0.08	0.08	0.18	0.13	0.00	0.15	0.00	0.00	0.00	0.00	0.00	0.00	0.00	0.00	0.01	0.00	0.00	0.00	0.04	0.00	0.09	0.02	0.00	0.00	0.00	0.00	0.03
V213M	0.29	0.29	0.29	0.16	0.16	0.23	0.00	0.23	0.27	0.27	0.27	0.16	0.27	0.19	0.15	0.14	0.16	0.15	0.29	0.05	0.25	0.00	0.00	0.00	0.00	0.23	0.00	0.00	0.00	0.00	0.02	0.10	0.00	0.27	0.03	0.16	0.22	0.00	0.00	0.00	0.02	0.00	0.00	0.05	0.08	0.08	0.19	0.13	0.00	0.15	0.00	0.00	0.00	0.00	0.00	0.00	0.00	0.00	0.01	0.00	0.00	0.00	0.04	0.00	0.10	0.02	0.00	0.00	0.00	0.00	0.03
N215S	0.28	0.26	0.26	0.15	0.15	0.24	0.00	0.24	0.28	0.28	0.28	0.13	0.28	0.18	0.15	0.15	0.14	0.15	0.26	0.17	0.26	0.00	0.00	0.00	0.00	0.24	0.00	0.00	0.00	0.00	0.02	0.10	0.00	0.28	0.11	0.13	0.25	0.00	0.00	0.00	0.03	0.00	0.00	0.05	0.08	0.08	0.18	0.13	0.00	0.15	0.00	0.00	0.00	0.00	0.00	0.00	0.00	0.00	0.01	0.00	0.00	0.00	0.05	0.00	0.09	0.02	0.00	0.00	0.00	0.00	0.03
I216S	0.32	0.28	0.28	0.23	0.23	0.26	0.00	0.26	0.32	0.32	0.32	0.14	0.32	0.24	0.15	0.23	0.18	0.16	0.28	0.17	0.11	0.00	0.00	0.00	0.00	0.26	0.00	0.00	0.00	0.00	0.02	0.11	0.00	0.32	0.11	0.14	0.25	0.00	0.00	0.00	0.02	0.00	0.00	0.05	0.09	0.10	0.24	0.13	0.00	0.15	0.00	0.00	0.00	0.00	0.00	0.00	0.00	0.00	0.01	0.00	0.00	0.00	0.04	0.00	0.10	0.03	0.00	0.00	0.00	0.00	0.17
R217C	0.36	0.25	0.25	0.12	0.12	0.25	0.00	0.25	0.36	0.36	0.36	0.15	0.36	0.23	0.19	0.10	0.12	0.22	0.25	0.16	0.09	0.00	0.00	0.00	0.00	0.25	0.00	0.00	0.00	0.00	0.02	0.11	0.00	0.36	0.11	0.15	0.25	0.00	0.00	0.00	0.02	0.00	0.00	0.05	0.08	0.09	0.21	0.23	0.00	0.19	0.00	0.00	0.00	0.00	0.00	0.00	0.00	0.00	0.01	0.00	0.00	0.00	0.00	0.00	0.08	0.02	0.00	0.00	0.00	0.00	0.01
I219L	0.32	0.29	0.25	0.11	0.11	0.20	0.00	0.20	0.32	0.32	0.32	0.14	0.32	0.21	0.15	0.08	0.11	0.22	0.25	0.17	0.10	0.00	0.00	0.00	0.00	0.20	0.00	0.00	0.00	0.00	0.02	0.11	0.00	0.32	0.11	0.14	0.29	0.00	0.00	0.00	0.02	0.00	0.00	0.05	0.08	0.09	0.21	0.13	0.00	0.15	0.00	0.00	0.00	0.00	0.00	0.00	0.00	0.00	0.01	0.00	0.00	0.00	0.00	0.00	0.04	0.02	0.00	0.00	0.00	0.00	0.02
I219V	0.29	0.29	0.25	0.11	0.11	0.20	0.00	0.20	0.29	0.28	0.28	0.15	0.28	0.21	0.16	0.08	0.11	0.20	0.25	0.17	0.10	0.00	0.00	0.00	0.00	0.20	0.00	0.00	0.00	0.00	0.02	0.11	0.00	0.28	0.11	0.15	0.29	0.00	0.00	0.00	0.02	0.00	0.00	0.06	0.08	0.08	0.21	0.13	0.00	0.16	0.00	0.00	0.00	0.00	0.00	0.00	0.00	0.00	0.01	0.00	0.00	0.00	0.00	0.00	0.04	0.03	0.00	0.00	0.00	0.00	0.03
R226L	0.29	0.26	0.26	0.11	0.11	0.20	0.00	0.20	0.29	0.29	0.29	0.07	0.29	0.21	0.18	0.05	0.11	0.20	0.21	0.26	0.19	0.00	0.00	0.00	0.00	0.20	0.00	0.00	0.00	0.00	0.02	0.12	0.00	0.29	0.07	0.07	0.25	0.00	0.00	0.00	0.01	0.00	0.00	0.02	0.03	0.04	0.21	0.08	0.00	0.18	0.00	0.00	0.00	0.00	0.00	0.00	0.00	0.00	0.00	0.00	0.00	0.00	0.00	0.00	0.02	0.00	0.00	0.00	0.00	0.00	0.00
R226Q	0.29	0.25	0.25	0.11	0.11	0.23	0.00	0.23	0.29	0.29	0.29	0.06	0.29	0.21	0.18	0.05	0.11	0.21	0.20	0.25	0.18	0.00	0.00	0.00	0.00	0.23	0.00	0.00	0.00	0.00	0.02	0.13	0.00	0.29	0.07	0.06	0.25	0.00	0.00	0.00	0.01	0.00	0.00	0.02	0.03	0.05	0.21	0.08	0.00	0.18	0.00	0.00	0.00	0.00	0.00	0.00	0.00	0.00	0.00	0.00	0.00	0.00	0.00	0.00	0.02	0.00	0.00	0.00	0.00	0.00	0.01
E234G	0.28	0.28	0.28	0.17	0.17	0.11	0.00	0.11	0.24	0.15	0.15	0.02	0.15	0.24	0.08	0.05	0.17	0.15	0.22	0.28	0.25	0.00	0.00	0.00	0.00	0.11	0.00	0.00	0.00	0.00	0.01	0.00	0.00	0.15	0.07	0.02	0.03	0.00	0.00	0.00	0.00	0.00	0.00	0.02	0.02	0.04	0.10	0.24	0.07	0.04	0.00	0.00	0.00	0.02	0.00	0.00	0.00	0.00	0.01	0.00	0.00	0.00	0.00	0.00	0.02	0.00	0.00	0.00	0.08	0.08	0.07
G244D	0.28	0.26	0.26	0.12	0.12	0.10	0.00	0.10	0.28	0.28	0.28	0.12	0.28	0.08	0.21	0.07	0.12	0.18	0.02	0.26	0.21	0.00	0.00	0.00	0.00	0.10	0.00	0.00	0.00	0.00	0.03	0.13	0.00	0.28	0.17	0.12	0.03	0.00	0.00	0.00	0.00	0.00	0.00	0.03	0.05	0.02	0.08	0.04	0.07	0.00	0.00	0.00	0.00	0.00	0.00	0.00	0.00	0.00	0.03	0.00	0.00	0.00	0.00	0.00	0.21	0.02	0.00	0.00	0.04	0.04	0.12
G244V	0.29	0.26	0.26	0.12	0.12	0.09	0.00	0.09	0.29	0.29	0.29	0.11	0.29	0.04	0.16	0.06	0.12	0.16	0.02	0.26	0.20	0.00	0.00	0.00	0.00	0.09	0.00	0.00	0.00	0.00	0.03	0.10	0.00	0.29	0.17	0.11	0.03	0.00	0.00	0.00	0.00	0.00	0.00	0.02	0.03	0.02	0.04	0.01	0.05	0.00	0.00	0.00	0.00	0.00	0.00	0.00	0.00	0.00	0.03	0.00	0.00	0.00	0.00	0.00	0.16	0.01	0.00	0.00	0.05	0.04	0.05
S247P	0.30	0.26	0.26	0.13	0.13	0.08	0.00	0.08	0.30	0.30	0.30	0.11	0.30	0.04	0.17	0.06	0.13	0.14	0.02	0.26	0.20	0.00	0.00	0.00	0.00	0.08	0.00	0.00	0.00	0.00	0.04	0.14	0.00	0.30	0.18	0.11	0.03	0.00	0.00	0.00	0.00	0.00	0.00	0.02	0.04	0.02	0.04	0.01	0.00	0.00	0.00	0.00	0.00	0.00	0.00	0.00	0.00	0.00	0.00	0.00	0.00	0.00	0.00	0.00	0.17	0.01	0.00	0.00	0.00	0.00	0.03
L260F	0.29	0.23	0.23	0.09	0.09	0.10	0.00	0.10	0.29	0.29	0.29	0.15	0.29	0.08	0.06	0.02	0.09	0.09	0.11	0.23	0.23	0.00	0.00	0.00	0.00	0.10	0.00	0.00	0.00	0.18	0.04	0.16	0.00	0.29	0.14	0.15	0.22	0.00	0.00	0.00	0.02	0.00	0.00	0.06	0.08	0.05	0.06	0.05	0.03	0.06	0.00	0.00	0.00	0.02	0.00	0.00	0.00	0.00	0.03	0.00	0.00	0.00	0.00	0.00	0.00	0.03	0.00	0.00	0.04	0.04	0.06
L260R	0.37	0.27	0.24	0.10	0.09	0.10	0.00	0.10	0.37	0.37	0.37	0.14	0.37	0.07	0.07	0.04	0.09	0.15	0.11	0.24	0.22	0.00	0.00	0.00	0.00	0.10	0.00	0.00	0.00	0.17	0.07	0.19	0.00	0.37	0.14	0.14	0.27	0.00	0.00	0.00	0.02	0.00	0.00	0.07	0.07	0.05	0.07	0.06	0.06	0.07	0.00	0.00	0.00	0.02	0.00	0.00	0.00	0.00	0.03	0.00	0.00	0.00	0.00	0.00	0.00	0.03	0.00	0.00	0.05	0.04	0.10
N263T	0.30	0.24	0.24	0.12	0.12	0.09	0.00	0.09	0.30	0.30	0.30	0.13	0.30	0.10	0.06	0.11	0.12	0.11	0.16	0.23	0.24	0.00	0.00	0.00	0.00	0.09	0.00	0.00	0.00	0.18	0.04	0.16	0.00	0.30	0.14	0.13	0.21	0.00	0.00	0.00	0.02	0.00	0.00	0.06	0.07	0.09	0.10	0.05	0.00	0.06	0.00	0.00	0.00	0.00	0.00	0.00	0.00	0.00	0.00	0.00	0.00	0.00	0.00	0.00	0.03	0.04	0.00	0.00	0.00	0.00	0.05
H264R	0.31	0.26	0.24	0.14	0.14	0.10	0.00	0.10	0.31	0.31	0.31	0.15	0.31	0.16	0.09	0.14	0.13	0.11	0.16	0.23	0.24	0.00	0.00	0.00	0.00	0.10	0.00	0.00	0.00	0.18	0.07	0.22	0.00	0.31	0.14	0.15	0.26	0.00	0.00	0.00	0.02	0.00	0.00	0.06	0.08	0.09	0.16	0.05	0.00	0.09	0.00	0.00	0.00	0.00	0.00	0.00	0.00	0.00	0.00	0.00	0.00	0.00	0.00	0.00	0.00	0.04	0.00	0.00	0.00	0.00	0.02
H264Y	0.26	0.23	0.23	0.15	0.15	0.09	0.00	0.09	0.26	0.26	0.26	0.23	0.26	0.16	0.07	0.15	0.13	0.11	0.16	0.23	0.23	0.00	0.00	0.00	0.00	0.09	0.00	0.00	0.00	0.19	0.04	0.17	0.00	0.26	0.26	0.23	0.21	0.00	0.00	0.00	0.02	0.00	0.00	0.06	0.08	0.09	0.16	0.05	0.00	0.07	0.00	0.00	0.00	0.00	0.00	0.00	0.00	0.00	0.00	0.00	0.00	0.00	0.00	0.00	0.05	0.04	0.00	0.00	0.00	0.00	0.01
R265C	0.42	0.42	0.25	0.17	0.17	0.10	0.00	0.10	0.42	0.28	0.28	0.14	0.28	0.42	0.07	0.17	0.14	0.12	0.25	0.23	0.24	0.00	0.00	0.00	0.00	0.10	0.00	0.00	0.00	0.21	0.04	0.18	0.00	0.28	0.15	0.14	0.26	0.00	0.00	0.00	0.02	0.00	0.00	0.06	0.07	0.11	0.16	0.42	0.00	0.07	0.00	0.00	0.00	0.00	0.00	0.00	0.00	0.00	0.00	0.00	0.00	0.00	0.00	0.00	0.02	0.03	0.00	0.00	0.00	0.00	0.02
R265H	0.39	0.39	0.25	0.18	0.18	0.10	0.00	0.10	0.39	0.28	0.28	0.15	0.28	0.39	0.07	0.18	0.14	0.14	0.25	0.24	0.24	0.00	0.00	0.00	0.00	0.10	0.00	0.00	0.00	0.20	0.04	0.16	0.00	0.28	0.14	0.15	0.24	0.00	0.00	0.00	0.05	0.00	0.00	0.09	0.21	0.11	0.17	0.39	0.00	0.07	0.00	0.00	0.00	0.00	0.00	0.00	0.00	0.00	0.00	0.00	0.00	0.00	0.00	0.00	0.02	0.03	0.00	0.00	0.00	0.00	0.04
R265S	0.32	0.26	0.25	0.19	0.19	0.11	0.00	0.11	0.32	0.32	0.32	0.14	0.32	0.21	0.07	0.19	0.14	0.18	0.25	0.23	0.24	0.00	0.00	0.00	0.00	0.11	0.00	0.00	0.00	0.18	0.04	0.16	0.00	0.32	0.15	0.14	0.26	0.00	0.00	0.00	0.02	0.00	0.00	0.06	0.09	0.11	0.21	0.10	0.00	0.07	0.00	0.00	0.00	0.00	0.00	0.00	0.00	0.00	0.00	0.00	0.00	0.00	0.00	0.00	0.02	0.03	0.00	0.00	0.00	0.00	0.03
V267R	0.35	0.27	0.26	0.27	0.27	0.10	0.00	0.10	0.35	0.35	0.35	0.15	0.35	0.18	0.06	0.27	0.17	0.16	0.26	0.24	0.24	0.00	0.00	0.00	0.00	0.10	0.00	0.00	0.00	0.29	0.06	0.22	0.00	0.35	0.14	0.15	0.21	0.00	0.00	0.00	0.02	0.00	0.00	0.09	0.07	0.10	0.18	0.05	0.00	0.06	0.00	0.00	0.00	0.00	0.00	0.00	0.00	0.00	0.00	0.00	0.00	0.00	0.00	0.00	0.03	0.03	0.00	0.00	0.00	0.00	0.04
E268G	0.36	0.25	0.25	0.16	0.16	0.11	0.00	0.11	0.36	0.36	0.36	0.13	0.36	0.16	0.12	0.16	0.15	0.12	0.25	0.23	0.24	0.00	0.00	0.00	0.00	0.11	0.00	0.00	0.00	0.21	0.05	0.17	0.00	0.36	0.14	0.13	0.21	0.00	0.00	0.00	0.02	0.00	0.00	0.06	0.07	0.09	0.16	0.05	0.00	0.12	0.00	0.00	0.00	0.00	0.00	0.00	0.00	0.00	0.00	0.00	0.00	0.00	0.00	0.00	0.02	0.03	0.00	0.00	0.00	0.00	0.04
L272V	0.28	0.25	0.25	0.15	0.15	0.11	0.00	0.11	0.28	0.28	0.28	0.07	0.28	0.17	0.13	0.15	0.15	0.14	0.25	0.22	0.24	0.00	0.00	0.00	0.00	0.11	0.00	0.00	0.00	0.00	0.02	0.14	0.00	0.28	0.14	0.07	0.10	0.00	0.00	0.00	0.02	0.00	0.00	0.05	0.04	0.09	0.17	0.05	0.04	0.13	0.00	0.00	0.00	0.00	0.00	0.00	0.00	0.00	0.04	0.00	0.00	0.00	0.00	0.00	0.02	0.02	0.00	0.00	0.04	0.12	0.04
Y280D	0.35	0.25	0.25	0.14	0.14	0.21	0.00	0.21	0.35	0.35	0.35	0.09	0.35	0.12	0.13	0.13	0.14	0.13	0.25	0.06	0.18	0.00	0.00	0.00	0.00	0.21	0.00	0.00	0.00	0.00	0.01	0.06	0.00	0.25	0.35	0.09	0.23	0.00	0.00	0.00	0.02	0.00	0.00	0.02	0.05	0.09	0.12	0.06	0.00	0.04	0.00	0.00	0.00	0.00	0.00	0.00	0.00	0.00	0.00	0.00	0.00	0.00	0.00	0.00	0.13	0.02	0.00	0.00	0.00	0.00	0.01
A281V	0.27	0.26	0.26	0.16	0.16	0.16	0.00	0.16	0.27	0.27	0.27	0.09	0.27	0.07	0.11	0.08	0.16	0.09	0.26	0.06	0.21	0.00	0.00	0.00	0.00	0.16	0.00	0.00	0.00	0.00	0.01	0.04	0.00	0.27	0.24	0.09	0.21	0.00	0.00	0.00	0.02	0.00	0.00	0.01	0.04	0.07	0.06	0.06	0.06	0.03	0.00	0.00	0.00	0.00	0.00	0.00	0.00	0.00	0.03	0.00	0.00	0.00	0.00	0.00	0.11	0.02	0.00	0.00	0.04	0.05	0.00
A282G	0.29	0.29	0.29	0.17	0.17	0.16	0.00	0.16	0.25	0.25	0.25	0.09	0.25	0.11	0.12	0.07	0.17	0.11	0.29	0.06	0.22	0.00	0.00	0.00	0.00	0.16	0.00	0.00	0.00	0.01	0.01	0.04	0.00	0.25	0.25	0.09	0.22	0.00	0.00	0.00	0.02	0.00	0.00	0.02	0.04	0.07	0.11	0.06	0.07	0.03	0.00	0.00	0.00	0.00	0.00	0.00	0.00	0.00	0.03	0.00	0.00	0.00	0.00	0.00	0.12	0.02	0.00	0.00	0.04	0.05	0.06
K286Q	0.27	0.27	0.25	0.16	0.16	0.15	0.00	0.15	0.27	0.25	0.25	0.08	0.25	0.27	0.06	0.06	0.16	0.10	0.25	0.25	0.23	0.00	0.00	0.00	0.00	0.15	0.00	0.00	0.00	0.00	0.00	0.06	0.00	0.25	0.21	0.08	0.14	0.00	0.00	0.00	0.02	0.00	0.00	0.14	0.27	0.09	0.19	0.08	0.06	0.00	0.00	0.00	0.00	0.00	0.00	0.00	0.00	0.00	0.03	0.00	0.00	0.00	0.00	0.00	0.06	0.01	0.00	0.00	0.04	0.05	0.02
L292P	0.48	0.48	0.26	0.48	0.17	0.25	0.00	0.25	0.30	0.30	0.30	0.05	0.30	0.29	0.05	0.11	0.17	0.22	0.03	0.26	0.20	0.00	0.00	0.00	0.00	0.25	0.00	0.00	0.00	0.01	0.00	0.06	0.00	0.30	0.10	0.05	0.17	0.00	0.00	0.00	0.02	0.00	0.00	0.14	0.29	0.09	0.18	0.08	0.00	0.03	0.00	0.00	0.00	0.00	0.00	0.00	0.00	0.00	0.00	0.00	0.00	0.00	0.00	0.00	0.05	0.00	0.00	0.00	0.00	0.00	0.48
Y293D	0.28	0.28	0.26	0.15	0.15	0.26	0.00	0.26	0.28	0.26	0.26	0.04	0.26	0.28	0.05	0.10	0.15	0.26	0.02	0.26	0.20	0.00	0.00	0.00	0.00	0.26	0.00	0.00	0.00	0.01	0.00	0.07	0.00	0.26	0.11	0.04	0.14	0.00	0.00	0.00	0.02	0.00	0.00	0.15	0.28	0.09	0.24	0.11	0.00	0.03	0.00	0.00	0.00	0.00	0.00	0.00	0.00	0.00	0.00	0.00	0.00	0.00	0.00	0.00	0.05	0.00	0.00	0.00	0.00	0.00	0.06
S295G	0.30	0.26	0.26	0.22	0.14	0.20	0.00	0.20	0.30	0.30	0.30	0.04	0.30	0.18	0.05	0.10	0.14	0.21	0.03	0.26	0.26	0.00	0.00	0.00	0.00	0.20	0.00	0.00	0.00	0.02	0.00	0.03	0.00	0.30	0.10	0.04	0.12	0.00	0.00	0.00	0.00	0.00	0.00	0.06	0.05	0.05	0.18	0.07	0.00	0.02	0.00	0.00	0.00	0.00	0.00	0.00	0.00	0.00	0.00	0.00	0.00	0.00	0.00	0.00	0.05	0.00	0.00	0.00	0.00	0.00	0.22
S295N	0.27	0.27	0.27	0.14	0.14	0.23	0.00	0.23	0.25	0.25	0.25	0.05	0.25	0.17	0.06	0.10	0.14	0.20	0.03	0.27	0.27	0.00	0.00	0.00	0.00	0.23	0.00	0.00	0.00	0.01	0.00	0.03	0.00	0.25	0.10	0.05	0.12	0.00	0.00	0.00	0.00	0.00	0.00	0.07	0.05	0.05	0.17	0.07	0.00	0.02	0.00	0.00	0.00	0.00	0.00	0.00	0.00	0.00	0.00	0.00	0.00	0.00	0.00	0.00	0.06	0.00	0.00	0.00	0.00	0.00	0.09
S295R	0.29	0.26	0.26	0.14	0.14	0.23	0.00	0.23	0.29	0.29	0.29	0.05	0.29	0.18	0.09	0.10	0.14	0.22	0.03	0.26	0.26	0.00	0.00	0.00	0.00	0.23	0.00	0.00	0.00	0.01	0.00	0.03	0.00	0.29	0.11	0.05	0.13	0.00	0.00	0.00	0.00	0.00	0.00	0.06	0.06	0.05	0.18	0.07	0.00	0.09	0.00	0.00	0.00	0.00	0.00	0.00	0.00	0.00	0.00	0.00	0.00	0.00	0.00	0.00	0.06	0.00	0.00	0.00	0.00	0.00	0.07
S295T	0.28	0.27	0.27	0.14	0.14	0.21	0.00	0.21	0.28	0.28	0.28	0.04	0.28	0.18	0.05	0.10	0.14	0.21	0.03	0.27	0.25	0.00	0.00	0.00	0.00	0.21	0.00	0.00	0.00	0.01	0.00	0.03	0.00	0.28	0.10	0.04	0.12	0.00	0.00	0.00	0.00	0.00	0.00	0.06	0.06	0.05	0.18	0.07	0.00	0.02	0.00	0.00	0.00	0.00	0.00	0.00	0.00	0.00	0.00	0.00	0.00	0.00	0.00	0.00	0.05	0.00	0.00	0.00	0.00	0.00	0.12
E297K	0.26	0.26	0.26	0.14	0.14	0.21	0.00	0.21	0.26	0.26	0.26	0.04	0.26	0.19	0.08	0.12	0.14	0.24	0.03	0.26	0.26	0.00	0.00	0.00	0.00	0.21	0.00	0.00	0.00	0.02	0.00	0.03	0.00	0.26	0.10	0.04	0.13	0.00	0.00	0.00	0.00	0.00	0.00	0.07	0.06	0.05	0.19	0.08	0.04	0.02	0.00	0.00	0.00	0.00	0.00	0.00	0.00	0.00	0.04	0.00	0.00	0.00	0.00	0.00	0.06	0.00	0.00	0.00	0.07	0.08	0.07
V303E	0.32	0.32	0.26	0.32	0.32	0.21	0.00	0.21	0.30	0.28	0.28	0.08	0.28	0.30	0.06	0.32	0.21	0.21	0.03	0.25	0.26	0.00	0.00	0.00	0.00	0.21	0.00	0.00	0.00	0.11	0.00	0.04	0.00	0.28	0.07	0.08	0.15	0.00	0.00	0.00	0.07	0.00	0.00	0.22	0.29	0.06	0.13	0.30	0.00	0.06	0.00	0.00	0.00	0.00	0.00	0.00	0.00	0.00	0.00	0.00	0.00	0.00	0.00	0.00	0.03	0.02	0.00	0.00	0.00	0.00	0.28
D304G	0.36	0.36	0.26	0.36	0.17	0.15	0.00	0.15	0.33	0.33	0.33	0.08	0.33	0.29	0.03	0.17	0.15	0.22	0.03	0.26	0.25	0.00	0.00	0.00	0.00	0.15	0.00	0.00	0.00	0.11	0.00	0.04	0.00	0.33	0.08	0.08	0.15	0.00	0.00	0.00	0.07	0.00	0.00	0.21	0.29	0.07	0.14	0.27	0.00	0.00	0.00	0.00	0.00	0.00	0.00	0.00	0.00	0.00	0.00	0.00	0.00	0.00	0.00	0.00	0.03	0.02	0.00	0.00	0.00	0.00	0.36
D304V	0.40	0.30	0.26	0.18	0.18	0.16	0.00	0.16	0.40	0.40	0.40	0.08	0.40	0.30	0.03	0.18	0.15	0.23	0.03	0.26	0.26	0.00	0.00	0.00	0.00	0.16	0.00	0.00	0.00	0.11	0.00	0.04	0.00	0.40	0.08	0.08	0.15	0.00	0.00	0.00	0.07	0.00	0.00	0.20	0.30	0.06	0.15	0.28	0.00	0.00	0.00	0.00	0.00	0.00	0.00	0.00	0.00	0.00	0.00	0.00	0.00	0.00	0.00	0.00	0.03	0.02	0.00	0.00	0.00	0.00	0.09
N306K	0.27	0.27	0.25	0.20	0.20	0.08	0.00	0.08	0.27	0.27	0.27	0.10	0.27	0.27	0.24	0.20	0.16	0.16	0.08	0.25	0.24	0.00	0.00	0.00	0.00	0.08	0.00	0.00	0.00	0.11	0.00	0.08	0.00	0.27	0.09	0.10	0.15	0.00	0.00	0.00	0.07	0.00	0.00	0.20	0.22	0.07	0.14	0.27	0.08	0.00	0.00	0.00	0.00	0.00	0.00	0.00	0.00	0.00	0.02	0.00	0.00	0.00	0.01	0.00	0.02	0.02	0.00	0.00	0.24	0.08	0.03
P309S	0.41	0.41	0.26	0.23	0.23	0.04	0.00	0.04	0.41	0.26	0.26	0.08	0.26	0.41	0.23	0.23	0.16	0.06	0.08	0.26	0.18	0.00	0.00	0.00	0.00	0.03	0.00	0.00	0.00	0.10	0.00	0.08	0.00	0.26	0.08	0.08	0.15	0.00	0.00	0.00	0.09	0.00	0.00	0.21	0.41	0.07	0.16	0.30	0.06	0.02	0.00	0.00	0.00	0.00	0.00	0.00	0.00	0.00	0.02	0.00	0.00	0.00	0.01	0.00	0.04	0.02	0.00	0.00	0.23	0.05	0.03
L317M	0.25	0.25	0.25	0.23	0.23	0.07	0.00	0.04	0.22	0.10	0.10	0.04	0.10	0.22	0.03	0.23	0.14	0.06	0.23	0.25	0.17	0.00	0.00	0.00	0.00	0.02	0.00	0.00	0.00	0.01	0.00	0.02	0.00	0.10	0.07	0.04	0.07	0.00	0.00	0.00	0.04	0.00	0.00	0.19	0.22	0.05	0.05	0.22	0.00	0.02	0.00	0.00	0.00	0.00	0.00	0.00	0.00	0.00	0.00	0.00	0.00	0.00	0.00	0.00	0.03	0.00	0.00	0.00	0.00	0.00	0.04
E319K	0.28	0.28	0.28	0.21	0.21	0.08	0.00	0.04	0.21	0.08	0.08	0.04	0.08	0.21	0.11	0.21	0.14	0.06	0.28	0.25	0.17	0.00	0.00	0.00	0.00	0.02	0.00	0.00	0.00	0.00	0.01	0.02	0.00	0.08	0.06	0.04	0.05	0.00	0.00	0.00	0.03	0.00	0.00	0.05	0.21	0.04	0.04	0.16	0.10	0.02	0.00	0.00	0.00	0.00	0.00	0.00	0.00	0.00	0.01	0.00	0.00	0.00	0.00	0.00	0.04	0.00	0.00	0.00	0.11	0.04	0.01
E320D	0.25	0.25	0.25	0.21	0.21	0.07	0.00	0.05	0.22	0.08	0.08	0.04	0.08	0.22	0.07	0.21	0.14	0.06	0.23	0.25	0.17	0.00	0.00	0.00	0.00	0.02	0.00	0.00	0.00	0.00	0.00	0.02	0.00	0.08	0.07	0.04	0.03	0.00	0.00	0.00	0.03	0.00	0.00	0.05	0.22	0.04	0.07	0.21	0.00	0.07	0.00	0.00	0.00	0.00	0.00	0.00	0.00	0.00	0.00	0.00	0.00	0.00	0.00	0.00	0.05	0.00	0.00	0.00	0.00	0.00	0.03
S321I	0.26	0.26	0.26	0.24	0.24	0.07	0.00	0.04	0.20	0.09	0.09	0.07	0.09	0.20	0.07	0.24	0.15	0.07	0.22	0.26	0.17	0.00	0.00	0.00	0.00	0.02	0.00	0.00	0.00	0.00	0.00	0.01	0.00	0.09	0.07	0.07	0.04	0.00	0.00	0.00	0.03	0.00	0.00	0.05	0.12	0.04	0.06	0.20	0.00	0.07	0.00	0.00	0.00	0.00	0.00	0.00	0.00	0.00	0.00	0.00	0.00	0.00	0.00	0.00	0.04	0.00	0.00	0.00	0.00	0.00	0.00
R325Q	0.24	0.24	0.03	0.24	0.24	0.13	0.00	0.03	0.07	0.07	0.07	0.07	0.07	0.05	0.07	0.24	0.14	0.07	0.03	0.00	0.02	0.00	0.00	0.00	0.00	0.03	0.00	0.00	0.00	0.00	0.02	0.00	0.00	0.07	0.03	0.07	0.04	0.00	0.00	0.00	0.00	0.00	0.00	0.02	0.05	0.03	0.04	0.05	0.00	0.07	0.00	0.00	0.00	0.00	0.00	0.00	0.00	0.00	0.00	0.00	0.00	0.00	0.00	0.00	0.03	0.00	0.00	0.00	0.00	0.00	0.03
V326A	0.26	0.26	0.03	0.26	0.26	0.07	0.00	0.04	0.13	0.13	0.13	0.13	0.05	0.04	0.07	0.26	0.13	0.10	0.03	0.00	0.02	0.00	0.00	0.00	0.00	0.04	0.00	0.00	0.00	0.00	0.03	0.00	0.00	0.05	0.03	0.13	0.04	0.00	0.00	0.00	0.00	0.00	0.00	0.01	0.04	0.01	0.03	0.04	0.00	0.07	0.00	0.00	0.00	0.00	0.00	0.00	0.00	0.00	0.00	0.00	0.00	0.00	0.00	0.00	0.03	0.00	0.00	0.00	0.00	0.00	0.18
H329N	0.25	0.25	0.03	0.25	0.25	0.07	0.00	0.05	0.19	0.12	0.12	0.12	0.09	0.05	0.19	0.25	0.15	0.13	0.03	0.02	0.02	0.00	0.00	0.00	0.00	0.05	0.00	0.00	0.00	0.00	0.04	0.00	0.00	0.09	0.03	0.12	0.05	0.00	0.00	0.00	0.00	0.00	0.00	0.01	0.04	0.00	0.04	0.05	0.19	0.07	0.00	0.00	0.00	0.00	0.00	0.00	0.00	0.00	0.03	0.00	0.00	0.00	0.00	0.00	0.04	0.00	0.00	0.00	0.09	0.11	0.02
H329P	0.25	0.25	0.04	0.25	0.25	0.07	0.00	0.06	0.19	0.12	0.12	0.12	0.06	0.05	0.19	0.25	0.15	0.11	0.04	0.02	0.02	0.00	0.00	0.00	0.00	0.06	0.00	0.00	0.00	0.00	0.04	0.00	0.00	0.06	0.03	0.12	0.04	0.00	0.00	0.00	0.00	0.00	0.00	0.01	0.04	0.00	0.03	0.05	0.19	0.07	0.00	0.00	0.00	0.00	0.00	0.00	0.00	0.00	0.03	0.00	0.00	0.00	0.00	0.00	0.04	0.00	0.00	0.00	0.09	0.11	0.03
N338S	0.34	0.34	0.26	0.34	0.34	0.07	0.00	0.07	0.22	0.19	0.19	0.19	0.05	0.01	0.22	0.34	0.25	0.02	0.25	0.06	0.26	0.00	0.00	0.00	0.00	0.07	0.00	0.00	0.00	0.00	0.04	0.00	0.00	0.02	0.05	0.19	0.02	0.00	0.00	0.00	0.00	0.00	0.00	0.00	0.00	0.01	0.00	0.00	0.19	0.16	0.00	0.00	0.00	0.00	0.00	0.00	0.00	0.00	0.02	0.00	0.00	0.00	0.02	0.00	0.22	0.05	0.00	0.00	0.09	0.10	0.00
Q346R	0.30	0.30	0.30	0.25	0.25	0.14	0.00	0.14	0.21	0.20	0.20	0.20	0.05	0.00	0.21	0.25	0.15	0.00	0.29	0.18	0.30	0.00	0.00	0.00	0.00	0.14	0.00	0.00	0.00	0.00	0.07	0.00	0.00	0.02	0.05	0.20	0.02	0.00	0.00	0.00	0.00	0.00	0.00	0.00	0.00	0.00	0.00	0.00	0.00	0.18	0.00	0.00	0.00	0.00	0.00	0.00	0.00	0.00	0.01	0.00	0.00	0.00	0.09	0.00	0.21	0.06	0.00	0.00	0.00	0.00	0.00
T347N	0.27	0.27	0.25	0.27	0.27	0.17	0.00	0.17	0.21	0.19	0.19	0.19	0.05	0.00	0.21	0.27	0.16	0.00	0.25	0.18	0.23	0.00	0.00	0.00	0.00	0.17	0.00	0.00	0.00	0.00	0.03	0.00	0.00	0.03	0.05	0.19	0.00	0.00	0.00	0.00	0.00	0.00	0.00	0.00	0.00	0.00	0.00	0.00	0.00	0.00	0.00	0.00	0.00	0.00	0.00	0.00	0.00	0.00	0.00	0.00	0.00	0.00	0.09	0.00	0.21	0.04	0.00	0.00	0.00	0.00	0.00
A353V	0.29	0.29	0.28	0.29	0.29	0.13	0.00	0.13	0.18	0.17	0.17	0.17	0.01	0.00	0.18	0.29	0.22	0.00	0.11	0.17	0.28	0.00	0.00	0.00	0.00	0.13	0.00	0.00	0.00	0.00	0.02	0.00	0.00	0.01	0.00	0.17	0.00	0.00	0.00	0.00	0.00	0.00	0.00	0.00	0.00	0.00	0.00	0.00	0.00	0.09	0.00	0.00	0.00	0.00	0.00	0.00	0.00	0.00	0.00	0.00	0.00	0.00	0.05	0.00	0.18	0.05	0.00	0.00	0.00	0.00	0.00
T364A	0.38	0.38	0.38	0.23	0.23	0.21	0.00	0.21	0.29	0.16	0.16	0.16	0.04	0.01	0.29	0.00	0.23	0.02	0.08	0.11	0.38	0.00	0.00	0.00	0.00	0.21	0.00	0.00	0.00	0.00	0.02	0.00	0.00	0.04	0.01	0.16	0.00	0.00	0.00	0.00	0.00	0.00	0.00	0.00	0.00	0.00	0.01	0.00	0.07	0.00	0.00	0.00	0.00	0.00	0.00	0.00	0.00	0.00	0.06	0.00	0.00	0.00	0.28	0.00	0.29	0.11	0.00	0.00	0.18	0.22	0.00
H381Y	0.87	0.24	0.24	0.18	0.18	0.10	0.00	0.10	0.87	0.39	0.39	0.39	0.04	0.01	0.87	0.07	0.18	0.00	0.19	0.14	0.24	0.00	0.00	0.00	0.00	0.10	0.00	0.00	0.00	0.00	0.05	0.00	0.00	0.02	0.04	0.39	0.00	0.00	0.00	0.00	0.00	0.00	0.00	0.00	0.01	0.00	0.00	0.00	0.09	0.12	0.00	0.00	0.00	0.00	0.00	0.00	0.00	0.00	0.08	0.00	0.00	0.00	0.02	0.00	0.87	0.18	0.00	0.00	0.10	0.16	0.00
V384D	0.26	0.26	0.26	0.22	0.22	0.14	0.00	0.14	0.26	0.26	0.26	0.26	0.03	0.01	0.22	0.00	0.22	0.00	0.20	0.14	0.26	0.00	0.00	0.00	0.00	0.14	0.00	0.00	0.00	0.00	0.05	0.00	0.00	0.01	0.03	0.26	0.00	0.00	0.00	0.00	0.00	0.00	0.00	0.00	0.01	0.00	0.00	0.00	0.00	0.15	0.00	0.00	0.00	0.00	0.00	0.00	0.00	0.00	0.00	0.00	0.00	0.00	0.02	0.00	0.20	0.22	0.00	0.00	0.00	0.00	0.01
R385C	0.26	0.25	0.25	0.21	0.21	0.10	0.00	0.10	0.26	0.26	0.26	0.26	0.02	0.01	0.23	0.21	0.19	0.00	0.19	0.14	0.25	0.00	0.00	0.00	0.00	0.10	0.00	0.00	0.00	0.00	0.05	0.00	0.00	0.00	0.02	0.26	0.00	0.00	0.00	0.00	0.00	0.00	0.00	0.00	0.01	0.00	0.00	0.00	0.00	0.15	0.00	0.00	0.00	0.05	0.00	0.00	0.00	0.00	0.00	0.00	0.00	0.00	0.02	0.00	0.21	0.23	0.00	0.00	0.00	0.00	0.00
R385P	0.27	0.27	0.27	0.19	0.19	0.14	0.00	0.14	0.23	0.23	0.23	0.23	0.02	0.02	0.22	0.00	0.19	0.00	0.20	0.15	0.27	0.00	0.00	0.00	0.00	0.14	0.00	0.00	0.00	0.00	0.05	0.00	0.00	0.00	0.02	0.23	0.00	0.00	0.00	0.00	0.00	0.00	0.00	0.00	0.02	0.00	0.00	0.00	0.00	0.15	0.00	0.00	0.00	0.00	0.00	0.00	0.00	0.00	0.00	0.00	0.00	0.00	0.06	0.00	0.21	0.22	0.00	0.00	0.00	0.00	0.00
R389Q	0.29	0.29	0.29	0.21	0.21	0.10	0.00	0.10	0.23	0.20	0.20	0.20	0.02	0.00	0.23	0.00	0.21	0.00	0.29	0.13	0.25	0.00	0.00	0.00	0.00	0.10	0.00	0.00	0.00	0.00	0.05	0.00	0.00	0.00	0.02	0.20	0.00	0.00	0.00	0.00	0.00	0.00	0.00	0.00	0.00	0.00	0.00	0.00	0.10	0.18	0.00	0.00	0.00	0.00	0.00	0.00	0.00	0.00	0.03	0.00	0.00	0.00	0.03	0.00	0.23	0.22	0.00	0.00	0.18	0.14	0.00
R389W	0.49	0.49	0.30	0.49	0.49	0.10	0.00	0.10	0.22	0.22	0.22	0.22	0.03	0.00	0.21	0.49	0.21	0.00	0.30	0.15	0.25	0.00	0.00	0.00	0.00	0.10	0.00	0.00	0.00	0.00	0.05	0.00	0.00	0.01	0.03	0.22	0.00	0.00	0.00	0.00	0.00	0.00	0.00	0.00	0.00	0.00	0.00	0.00	0.10	0.18	0.00	0.00	0.00	0.00	0.00	0.00	0.00	0.00	0.03	0.00	0.00	0.00	0.02	0.00	0.18	0.21	0.00	0.00	0.18	0.13	0.00
L393P	0.31	0.31	0.31	0.23	0.23	0.09	0.00	0.09	0.21	0.21	0.21	0.21	0.01	0.00	0.19	0.00	0.23	0.00	0.31	0.10	0.27	0.00	0.00	0.00	0.00	0.09	0.00	0.00	0.00	0.00	0.05	0.00	0.00	0.01	0.01	0.21	0.00	0.00	0.00	0.00	0.00	0.00	0.00	0.00	0.00	0.00	0.00	0.00	0.09	0.15	0.00	0.00	0.00	0.00	0.00	0.00	0.00	0.00	0.03	0.00	0.00	0.00	0.00	0.00	0.18	0.13	0.00	0.00	0.19	0.14	0.04
L400V	0.27	0.27	0.27	0.21	0.21	0.05	0.00	0.05	0.26	0.21	0.21	0.21	0.01	0.00	0.26	0.00	0.21	0.00	0.26	0.09	0.27	0.00	0.00	0.00	0.00	0.05	0.00	0.00	0.00	0.00	0.03	0.00	0.00	0.01	0.01	0.21	0.00	0.00	0.00	0.00	0.00	0.00	0.00	0.00	0.00	0.00	0.00	0.00	0.07	0.00	0.00	0.00	0.00	0.00	0.00	0.00	0.00	0.00	0.03	0.00	0.00	0.00	0.03	0.00	0.26	0.09	0.00	0.00	0.13	0.16	0.00
P403S	0.47	0.26	0.26	0.23	0.23	0.08	0.00	0.08	0.47	0.16	0.16	0.16	0.01	0.00	0.47	0.00	0.23	0.00	0.06	0.06	0.26	0.00	0.00	0.00	0.00	0.08	0.00	0.00	0.00	0.00	0.03	0.00	0.00	0.01	0.00	0.16	0.00	0.00	0.00	0.00	0.00	0.00	0.00	0.00	0.00	0.00	0.00	0.00	0.07	0.00	0.00	0.00	0.00	0.00	0.00	0.00	0.00	0.00	0.03	0.00	0.00	0.00	0.03	0.00	0.47	0.10	0.00	0.00	0.13	0.16	0.00
S406N	0.46	0.25	0.25	0.23	0.23	0.07	0.00	0.07	0.46	0.20	0.20	0.20	0.01	0.00	0.46	0.23	0.22	0.00	0.06	0.07	0.25	0.00	0.00	0.00	0.00	0.07	0.00	0.00	0.00	0.00	0.01	0.00	0.00	0.01	0.01	0.20	0.00	0.00	0.00	0.00	0.00	0.00	0.00	0.00	0.00	0.00	0.00	0.00	0.07	0.00	0.00	0.00	0.00	0.00	0.00	0.00	0.00	0.00	0.03	0.00	0.00	0.00	0.03	0.00	0.46	0.09	0.00	0.00	0.13	0.15	0.00
K416E	0.28	0.20	0.20	0.20	0.20	0.15	0.00	0.15	0.28	0.22	0.22	0.22	0.01	0.00	0.28	0.00	0.20	0.00	0.09	0.10	0.20	0.00	0.00	0.00	0.00	0.15	0.00	0.00	0.00	0.00	0.02	0.00	0.00	0.00	0.00	0.22	0.00	0.00	0.00	0.00	0.00	0.00	0.00	0.00	0.00	0.00	0.00	0.00	0.07	0.10	0.00	0.00	0.00	0.00	0.00	0.00	0.00	0.00	0.05	0.00	0.00	0.00	0.12	0.00	0.27	0.12	0.00	0.00	0.28	0.26	0.00
S420C	0.72	0.20	0.19	0.20	0.20	0.15	0.00	0.15	0.72	0.22	0.22	0.22	0.01	0.01	0.72	0.00	0.20	0.00	0.16	0.09	0.19	0.00	0.00	0.00	0.00	0.15	0.00	0.00	0.00	0.00	0.01	0.00	0.00	0.00	0.01	0.22	0.00	0.00	0.00	0.00	0.00	0.00	0.00	0.00	0.00	0.00	0.00	0.00	0.07	0.17	0.00	0.00	0.00	0.06	0.00	0.00	0.00	0.00	0.05	0.00	0.00	0.00	0.12	0.00	0.72	0.13	0.00	0.00	0.22	0.21	0.00
E433Q	0.24	0.24	0.24	0.22	0.22	0.14	0.00	0.14	0.16	0.16	0.16	0.16	0.01	0.00	0.09	0.00	0.22	0.00	0.24	0.07	0.17	0.00	0.00	0.00	0.00	0.14	0.00	0.00	0.00	0.00	0.00	0.00	0.00	0.00	0.00	0.16	0.00	0.00	0.00	0.00	0.00	0.00	0.00	0.00	0.00	0.00	0.00	0.00	0.00	0.06	0.00	0.00	0.00	0.00	0.00	0.00	0.00	0.00	0.00	0.00	0.00	0.00	0.00	0.00	0.00	0.09	0.00	0.00	0.00	0.00	0.00
P435L	0.30	0.30	0.30	0.20	0.20	0.14	0.00	0.14	0.21	0.21	0.21	0.21	0.01	0.00	0.10	0.00	0.20	0.00	0.30	0.08	0.12	0.00	0.00	0.00	0.00	0.14	0.00	0.00	0.00	0.00	0.00	0.00	0.00	0.00	0.00	0.21	0.00	0.00	0.00	0.00	0.00	0.00	0.00	0.00	0.00	0.00	0.00	0.00	0.00	0.09	0.00	0.00	0.00	0.00	0.00	0.00	0.00	0.00	0.00	0.00	0.00	0.00	0.00	0.00	0.00	0.10	0.00	0.00	0.00	0.00	0.00
A441T	0.25	0.25	0.25	0.17	0.17	0.07	0.00	0.07	0.25	0.15	0.15	0.15	0.01	0.00	0.25	0.00	0.17	0.00	0.25	0.09	0.19	0.00	0.00	0.00	0.00	0.07	0.00	0.00	0.00	0.00	0.02	0.00	0.00	0.00	0.00	0.15	0.00	0.00	0.00	0.00	0.00	0.00	0.00	0.00	0.00	0.00	0.00	0.00	0.09	0.09	0.00	0.00	0.00	0.00	0.00	0.00	0.00	0.00	0.05	0.00	0.00	0.00	0.22	0.00	0.24	0.10	0.00	0.00	0.19	0.25	0.00
K443Q	0.37	0.26	0.26	0.18	0.18	0.06	0.00	0.06	0.37	0.13	0.13	0.13	0.01	0.00	0.37	0.00	0.18	0.00	0.26	0.08	0.19	0.00	0.00	0.00	0.00	0.06	0.00	0.00	0.00	0.00	0.02	0.00	0.00	0.01	0.00	0.13	0.00	0.00	0.00	0.00	0.00	0.00	0.00	0.00	0.00	0.00	0.00	0.00	0.10	0.09	0.00	0.00	0.00	0.00	0.00	0.00	0.00	0.00	0.05	0.00	0.00	0.00	0.03	0.00	0.27	0.11	0.00	0.00	0.25	0.37	0.00
G454R	0.30	0.25	0.25	0.23	0.23	0.11	0.00	0.11	0.30	0.09	0.09	0.09	0.02	0.01	0.30	0.00	0.23	0.01	0.25	0.10	0.24	0.00	0.00	0.00	0.00	0.11	0.00	0.00	0.00	0.00	0.09	0.00	0.00	0.02	0.00	0.05	0.00	0.00	0.00	0.00	0.00	0.00	0.00	0.00	0.00	0.00	0.00	0.00	0.11	0.20	0.00	0.00	0.00	0.00	0.00	0.00	0.00	0.00	0.04	0.00	0.00	0.00	0.05	0.00	0.30	0.13	0.00	0.00	0.20	0.16	0.00
N468D	0.30	0.27	0.27	0.24	0.24	0.09	0.00	0.09	0.30	0.09	0.09	0.09	0.03	0.01	0.30	0.00	0.24	0.00	0.27	0.09	0.24	0.00	0.00	0.00	0.00	0.09	0.00	0.00	0.00	0.00	0.09	0.00	0.00	0.03	0.00	0.04	0.00	0.00	0.00	0.00	0.00	0.00	0.00	0.00	0.00	0.00	0.01	0.00	0.07	0.17	0.00	0.00	0.00	0.00	0.00	0.00	0.00	0.00	0.03	0.00	0.00	0.00	0.07	0.00	0.30	0.09	0.00	0.00	0.20	0.12	0.00
R472I	0.33	0.28	0.28	0.24	0.24	0.09	0.00	0.09	0.33	0.09	0.09	0.09	0.02	0.01	0.33	0.00	0.24	0.00	0.28	0.09	0.24	0.00	0.00	0.00	0.00	0.09	0.00	0.00	0.00	0.00	0.09	0.00	0.00	0.02	0.00	0.06	0.00	0.00	0.00	0.00	0.00	0.00	0.00	0.00	0.00	0.00	0.01	0.00	0.07	0.21	0.00	0.00	0.00	0.00	0.00	0.00	0.00	0.00	0.03	0.00	0.00	0.00	0.02	0.00	0.33	0.14	0.00	0.00	0.17	0.13	0.00
R474Q	0.49	0.26	0.26	0.22	0.22	0.08	0.00	0.08	0.49	0.07	0.07	0.07	0.01	0.01	0.49	0.00	0.22	0.00	0.26	0.10	0.20	0.00	0.00	0.00	0.00	0.08	0.00	0.00	0.00	0.00	0.07	0.00	0.00	0.01	0.00	0.04	0.00	0.00	0.00	0.00	0.00	0.00	0.00	0.00	0.00	0.00	0.01	0.00	0.07	0.17	0.00	0.00	0.00	0.00	0.00	0.00	0.00	0.00	0.03	0.00	0.00	0.00	0.00	0.00	0.49	0.12	0.00	0.00	0.17	0.12	0.00
R474W	0.63	0.29	0.29	0.24	0.24	0.07	0.00	0.07	0.63	0.07	0.07	0.07	0.01	0.01	0.63	0.00	0.24	0.00	0.29	0.10	0.21	0.00	0.00	0.00	0.00	0.07	0.00	0.00	0.00	0.00	0.07	0.00	0.00	0.01	0.01	0.06	0.00	0.00	0.00	0.00	0.00	0.00	0.00	0.00	0.00	0.00	0.01	0.00	0.07	0.17	0.00	0.00	0.00	0.00	0.00	0.00	0.00	0.00	0.03	0.00	0.00	0.00	0.00	0.00	0.63	0.13	0.00	0.00	0.17	0.11	0.00
D485E	0.25	0.25	0.25	0.22	0.22	0.05	0.00	0.05	0.23	0.05	0.05	0.05	0.01	0.01	0.23	0.01	0.22	0.00	0.25	0.13	0.12	0.00	0.00	0.00	0.00	0.05	0.00	0.00	0.00	0.00	0.04	0.00	0.00	0.01	0.00	0.05	0.00	0.00	0.00	0.00	0.00	0.00	0.00	0.00	0.00	0.00	0.00	0.00	0.04	0.18	0.00	0.00	0.00	0.00	0.00	0.00	0.00	0.00	0.04	0.00	0.00	0.00	0.00	0.00	0.16	0.23	0.00	0.00	0.19	0.17	0.00
D485H	0.26	0.26	0.26	0.25	0.25	0.05	0.00	0.05	0.22	0.06	0.06	0.06	0.01	0.01	0.22	0.13	0.25	0.00	0.26	0.15	0.12	0.00	0.00	0.00	0.00	0.05	0.00	0.00	0.00	0.00	0.06	0.00	0.00	0.01	0.00	0.04	0.00	0.00	0.00	0.00	0.00	0.00	0.00	0.00	0.01	0.00	0.00	0.01	0.04	0.18	0.00	0.00	0.00	0.00	0.00	0.00	0.00	0.00	0.04	0.00	0.00	0.00	0.00	0.00	0.16	0.22	0.00	0.00	0.17	0.18	0.00
R487Q	0.29	0.29	0.29	0.24	0.24	0.06	0.00	0.06	0.23	0.06	0.06	0.06	0.02	0.01	0.23	0.24	0.23	0.00	0.29	0.14	0.15	0.00	0.00	0.00	0.00	0.06	0.00	0.00	0.00	0.00	0.06	0.00	0.00	0.02	0.00	0.05	0.00	0.00	0.00	0.00	0.00	0.00	0.00	0.00	0.00	0.00	0.00	0.00	0.08	0.23	0.00	0.00	0.00	0.00	0.00	0.00	0.00	0.00	0.04	0.00	0.00	0.00	0.04	0.00	0.19	0.20	0.00	0.00	0.18	0.17	0.00
A492T	0.30	0.30	0.27	0.30	0.30	0.05	0.00	0.05	0.21	0.10	0.10	0.10	0.02	0.00	0.21	0.30	0.21	0.00	0.27	0.04	0.15	0.00	0.00	0.00	0.00	0.05	0.00	0.00	0.00	0.00	0.10	0.00	0.00	0.02	0.01	0.10	0.00	0.00	0.00	0.00	0.00	0.00	0.00	0.00	0.00	0.00	0.00	0.00	0.04	0.18	0.00	0.00	0.00	0.04	0.00	0.00	0.00	0.00	0.04	0.00	0.00	0.00	0.05	0.00	0.21	0.09	0.00	0.00	0.17	0.17	0.00
P496R	0.30	0.30	0.28	0.30	0.30	0.03	0.00	0.03	0.26	0.23	0.23	0.23	0.03	0.00	0.26	0.30	0.14	0.00	0.28	0.08	0.17	0.00	0.00	0.00	0.00	0.02	0.00	0.00	0.00	0.00	0.23	0.00	0.00	0.03	0.01	0.20	0.00	0.00	0.00	0.00	0.00	0.00	0.00	0.00	0.00	0.00	0.00	0.00	0.00	0.15	0.00	0.00	0.00	0.04	0.00	0.00	0.00	0.00	0.00	0.00	0.00	0.00	0.04	0.00	0.26	0.12	0.00	0.00	0.00	0.00	0.00
V506A	0.25	0.25	0.24	0.25	0.25	0.07	0.00	0.07	0.16	0.16	0.16	0.16	0.04	0.00	0.13	0.25	0.16	0.02	0.24	0.04	0.17	0.00	0.00	0.00	0.00	0.07	0.00	0.00	0.00	0.00	0.09	0.00	0.00	0.04	0.02	0.16	0.00	0.00	0.00	0.00	0.00	0.00	0.00	0.00	0.00	0.00	0.00	0.00	0.00	0.06	0.00	0.00	0.00	0.00	0.00	0.00	0.00	0.00	0.00	0.00	0.00	0.00	0.02	0.00	0.13	0.09	0.00	0.00	0.00	0.00	0.06
L509F	0.24	0.24	0.22	0.24	0.24	0.08	0.00	0.08	0.12	0.12	0.12	0.12	0.04	0.01	0.11	0.24	0.18	0.02	0.22	0.02	0.04	0.00	0.00	0.00	0.00	0.08	0.00	0.00	0.00	0.00	0.05	0.00	0.00	0.04	0.03	0.12	0.00	0.00	0.00	0.00	0.00	0.00	0.00	0.00	0.00	0.00	0.00	0.00	0.00	0.06	0.00	0.00	0.00	0.00	0.00	0.00	0.00	0.00	0.00	0.00	0.00	0.00	0.01	0.00	0.11	0.09	0.00	0.00	0.00	0.00	0.02
R522Q	0.26	0.26	0.26	0.22	0.22	0.10	0.00	0.10	0.11	0.09	0.09	0.03	0.09	0.11	0.09	0.22	0.15	0.00	0.26	0.01	0.26	0.00	0.00	0.00	0.00	0.10	0.00	0.00	0.00	0.00	0.00	0.00	0.00	0.09	0.03	0.03	0.02	0.00	0.00	0.00	0.03	0.00	0.00	0.03	0.11	0.04	0.03	0.08	0.00	0.09	0.00	0.00	0.00	0.00	0.00	0.00	0.00	0.00	0.00	0.00	0.00	0.00	0.00	0.00	0.00	0.02	0.00	0.00	0.00	0.00	0.02
E523D	0.26	0.26	0.26	0.20	0.20	0.10	0.00	0.10	0.09	0.09	0.09	0.02	0.09	0.09	0.09	0.20	0.14	0.01	0.25	0.03	0.26	0.00	0.00	0.00	0.00	0.10	0.00	0.00	0.00	0.00	0.00	0.00	0.00	0.09	0.05	0.02	0.04	0.00	0.00	0.00	0.03	0.00	0.00	0.04	0.09	0.04	0.03	0.07	0.00	0.09	0.00	0.00	0.00	0.00	0.00	0.00	0.00	0.00	0.00	0.00	0.00	0.00	0.00	0.00	0.00	0.06	0.00	0.00	0.00	0.00	0.04
A539D	0.27	0.27	0.27	0.13	0.13	0.06	0.00	0.06	0.18	0.18	0.18	0.01	0.18	0.07	0.01	0.06	0.13	0.05	0.14	0.27	0.24	0.00	0.00	0.00	0.00	0.06	0.00	0.00	0.00	0.00	0.00	0.02	0.00	0.18	0.17	0.00	0.03	0.00	0.00	0.00	0.00	0.00	0.00	0.04	0.07	0.02	0.04	0.02	0.00	0.00	0.00	0.00	0.00	0.00	0.00	0.00	0.00	0.00	0.00	0.00	0.00	0.00	0.00	0.00	0.00	0.00	0.00	0.00	0.00	0.00	0.03
Q542L	0.26	0.26	0.26	0.14	0.14	0.07	0.00	0.07	0.17	0.17	0.17	0.01	0.17	0.08	0.05	0.06	0.14	0.04	0.15	0.26	0.25	0.00	0.00	0.00	0.00	0.07	0.00	0.00	0.00	0.00	0.00	0.02	0.00	0.14	0.17	0.01	0.03	0.00	0.00	0.00	0.00	0.00	0.00	0.04	0.08	0.02	0.03	0.03	0.04	0.00	0.00	0.00	0.00	0.00	0.00	0.00	0.00	0.00	0.00	0.00	0.00	0.00	0.00	0.00	0.00	0.00	0.00	0.00	0.02	0.05	0.00
Q542P	0.27	0.27	0.27	0.14	0.14	0.07	0.00	0.07	0.17	0.17	0.17	0.01	0.17	0.10	0.05	0.06	0.14	0.05	0.15	0.25	0.27	0.00	0.00	0.00	0.00	0.07	0.00	0.00	0.00	0.00	0.00	0.02	0.00	0.14	0.17	0.00	0.03	0.00	0.00	0.00	0.00	0.00	0.00	0.04	0.10	0.02	0.03	0.03	0.04	0.00	0.00	0.00	0.00	0.00	0.00	0.00	0.00	0.00	0.00	0.00	0.00	0.00	0.00	0.00	0.00	0.00	0.00	0.00	0.02	0.05	0.03
T545A	0.27	0.27	0.27	0.13	0.13	0.07	0.00	0.07	0.18	0.18	0.18	0.01	0.18	0.07	0.06	0.07	0.13	0.04	0.16	0.27	0.25	0.00	0.00	0.00	0.00	0.07	0.00	0.00	0.00	0.01	0.01	0.02	0.00	0.10	0.18	0.00	0.04	0.00	0.00	0.00	0.00	0.00	0.00	0.04	0.07	0.02	0.03	0.02	0.05	0.00	0.00	0.00	0.00	0.00	0.00	0.00	0.00	0.00	0.00	0.00	0.00	0.00	0.00	0.00	0.05	0.00	0.00	0.00	0.02	0.06	0.02
L549P	0.28	0.28	0.28	0.26	0.17	0.08	0.00	0.08	0.19	0.19	0.19	0.01	0.19	0.13	0.07	0.16	0.17	0.06	0.25	0.28	0.26	0.00	0.00	0.00	0.00	0.08	0.00	0.00	0.00	0.00	0.00	0.02	0.00	0.17	0.19	0.00	0.04	0.00	0.00	0.00	0.00	0.00	0.00	0.01	0.13	0.02	0.04	0.02	0.04	0.00	0.00	0.00	0.00	0.00	0.00	0.00	0.00	0.00	0.01	0.00	0.00	0.00	0.00	0.00	0.05	0.00	0.00	0.00	0.02	0.07	0.26
L550P	0.75	0.75	0.28	0.75	0.19	0.07	0.00	0.07	0.19	0.19	0.19	0.01	0.19	0.14	0.07	0.17	0.19	0.05	0.25	0.28	0.26	0.00	0.00	0.00	0.00	0.07	0.00	0.00	0.00	0.00	0.00	0.01	0.00	0.15	0.19	0.00	0.05	0.00	0.00	0.00	0.00	0.00	0.00	0.01	0.14	0.02	0.04	0.01	0.04	0.00	0.00	0.00	0.00	0.00	0.00	0.00	0.00	0.00	0.01	0.00	0.00	0.00	0.00	0.00	0.05	0.00	0.00	0.00	0.02	0.07	0.75
N551T	0.25	0.25	0.25	0.18	0.18	0.04	0.00	0.04	0.16	0.16	0.16	0.01	0.16	0.09	0.07	0.09	0.18	0.03	0.23	0.25	0.24	0.00	0.00	0.00	0.00	0.04	0.00	0.00	0.00	0.00	0.00	0.01	0.00	0.11	0.16	0.01	0.04	0.00	0.00	0.00	0.00	0.00	0.00	0.01	0.09	0.02	0.04	0.00	0.04	0.00	0.00	0.00	0.00	0.00	0.00	0.00	0.00	0.00	0.02	0.00	0.00	0.00	0.01	0.00	0.05	0.01	0.00	0.00	0.02	0.07	0.02
L555P	0.26	0.26	0.25	0.26	0.26	0.07	0.00	0.07	0.13	0.13	0.13	0.05	0.13	0.09	0.07	0.19	0.26	0.04	0.25	0.25	0.08	0.00	0.00	0.00	0.00	0.07	0.00	0.00	0.00	0.00	0.00	0.00	0.00	0.13	0.12	0.05	0.05	0.00	0.00	0.00	0.00	0.00	0.00	0.03	0.09	0.02	0.04	0.00	0.02	0.03	0.00	0.00	0.00	0.00	0.00	0.00	0.00	0.00	0.02	0.00	0.00	0.00	0.00	0.00	0.00	0.00	0.00	0.00	0.01	0.07	0.10
S556I	0.22	0.22	0.22	0.20	0.20	0.08	0.00	0.08	0.20	0.20	0.20	0.12	0.20	0.09	0.07	0.09	0.20	0.03	0.22	0.16	0.06	0.00	0.00	0.00	0.00	0.08	0.00	0.00	0.00	0.00	0.00	0.01	0.00	0.11	0.20	0.12	0.05	0.00	0.00	0.00	0.00	0.00	0.00	0.03	0.09	0.01	0.04	0.00	0.03	0.02	0.00	0.00	0.00	0.00	0.00	0.00	0.00	0.00	0.01	0.00	0.00	0.00	0.00	0.00	0.06	0.01	0.00	0.00	0.02	0.07	0.00
L559P	0.21	0.20	0.05	0.20	0.20	0.12	0.00	0.12	0.21	0.21	0.21	0.20	0.21	0.03	0.07	0.14	0.20	0.04	0.05	0.01	0.02	0.00	0.00	0.00	0.00	0.12	0.00	0.00	0.00	0.00	0.00	0.02	0.00	0.11	0.21	0.20	0.07	0.00	0.00	0.00	0.00	0.00	0.00	0.03	0.02	0.00	0.01	0.00	0.03	0.02	0.00	0.00	0.00	0.00	0.00	0.00	0.00	0.00	0.01	0.00	0.00	0.00	0.00	0.00	0.06	0.01	0.00	0.00	0.01	0.07	0.10
Y561H	0.26	0.17	0.04	0.17	0.17	0.08	0.00	0.08	0.26	0.26	0.26	0.21	0.26	0.05	0.06	0.13	0.17	0.03	0.04	0.01	0.02	0.00	0.00	0.00	0.00	0.08	0.00	0.00	0.00	0.00	0.00	0.02	0.00	0.08	0.26	0.21	0.05	0.00	0.00	0.00	0.01	0.00	0.00	0.05	0.05	0.00	0.02	0.03	0.00	0.02	0.00	0.00	0.00	0.00	0.00	0.00	0.00	0.00	0.00	0.00	0.00	0.00	0.00	0.00	0.06	0.01	0.00	0.00	0.00	0.00	0.01
I565F	0.25	0.25	0.25	0.08	0.08	0.09	0.00	0.09	0.21	0.21	0.21	0.20	0.21	0.02	0.06	0.00	0.08	0.01	0.25	0.01	0.17	0.00	0.00	0.00	0.00	0.09	0.00	0.00	0.00	0.00	0.00	0.01	0.00	0.08	0.21	0.20	0.05	0.00	0.00	0.00	0.00	0.00	0.00	0.02	0.00	0.00	0.02	0.00	0.00	0.00	0.00	0.00	0.00	0.00	0.00	0.00	0.00	0.00	0.00	0.00	0.00	0.00	0.00	0.00	0.06	0.03	0.00	0.00	0.00	0.00	0.02
F568I	0.25	0.25	0.25	0.08	0.08	0.08	0.00	0.08	0.22	0.22	0.22	0.22	0.16	0.02	0.07	0.00	0.08	0.01	0.25	0.09	0.23	0.00	0.00	0.00	0.00	0.08	0.00	0.00	0.00	0.00	0.00	0.00	0.00	0.08	0.16	0.22	0.02	0.00	0.00	0.00	0.00	0.00	0.00	0.00	0.00	0.00	0.02	0.00	0.00	0.00	0.00	0.00	0.00	0.00	0.00	0.00	0.00	0.00	0.00	0.00	0.00	0.00	0.00	0.00	0.07	0.03	0.00	0.00	0.00	0.00	0.00
F571L	0.27	0.27	0.27	0.12	0.12	0.15	0.00	0.15	0.16	0.16	0.16	0.11	0.16	0.02	0.10	0.05	0.12	0.01	0.25	0.27	0.22	0.00	0.00	0.00	0.00	0.15	0.00	0.00	0.00	0.00	0.00	0.00	0.00	0.06	0.16	0.11	0.05	0.00	0.00	0.00	0.00	0.00	0.00	0.00	0.00	0.00	0.02	0.00	0.00	0.10	0.00	0.00	0.00	0.00	0.00	0.00	0.00	0.00	0.00	0.00	0.00	0.00	0.00	0.00	0.06	0.04	0.00	0.00	0.00	0.00	0.00
L574P	0.28	0.28	0.28	0.19	0.19	0.25	0.00	0.25	0.11	0.10	0.10	0.08	0.10	0.02	0.11	0.11	0.19	0.01	0.28	0.26	0.22	0.00	0.00	0.00	0.00	0.25	0.00	0.00	0.00	0.00	0.00	0.00	0.00	0.10	0.07	0.08	0.08	0.00	0.00	0.00	0.00	0.00	0.00	0.00	0.00	0.01	0.02	0.00	0.00	0.11	0.00	0.00	0.00	0.00	0.00	0.00	0.00	0.00	0.00	0.00	0.00	0.00	0.00	0.00	0.05	0.04	0.00	0.00	0.00	0.00	0.07
E578G	0.28	0.28	0.25	0.17	0.17	0.28	0.00	0.28	0.11	0.07	0.07	0.06	0.07	0.01	0.11	0.07	0.17	0.02	0.25	0.25	0.18	0.00	0.00	0.00	0.00	0.28	0.00	0.00	0.00	0.00	0.00	0.00	0.00	0.06	0.07	0.06	0.05	0.00	0.00	0.00	0.00	0.00	0.00	0.00	0.00	0.00	0.01	0.00	0.00	0.11	0.00	0.00	0.00	0.00	0.00	0.00	0.00	0.00	0.00	0.00	0.00	0.00	0.00	0.00	0.06	0.04	0.00	0.00	0.00	0.00	0.03
P581L	0.27	0.27	0.25	0.18	0.18	0.27	0.00	0.27	0.08	0.08	0.08	0.08	0.06	0.03	0.05	0.07	0.18	0.02	0.25	0.20	0.18	0.00	0.00	0.00	0.00	0.27	0.00	0.00	0.00	0.00	0.00	0.00	0.00	0.06	0.05	0.08	0.07	0.00	0.00	0.00	0.00	0.00	0.00	0.00	0.03	0.00	0.01	0.00	0.00	0.05	0.00	0.00	0.00	0.00	0.00	0.00	0.00	0.00	0.00	0.00	0.00	0.00	0.00	0.00	0.05	0.05	0.00	0.00	0.00	0.00	0.00
L582F	0.27	0.27	0.24	0.18	0.18	0.27	0.00	0.27	0.07	0.07	0.07	0.07	0.06	0.03	0.05	0.07	0.18	0.02	0.24	0.07	0.18	0.00	0.00	0.00	0.00	0.27	0.00	0.00	0.00	0.00	0.00	0.00	0.00	0.06	0.05	0.07	0.07	0.00	0.00	0.00	0.00	0.00	0.00	0.00	0.03	0.00	0.02	0.00	0.00	0.05	0.00	0.00	0.00	0.00	0.00	0.00	0.00	0.00	0.00	0.00	0.00	0.00	0.00	0.00	0.05	0.03	0.00	0.00	0.00	0.00	0.01
L582P	0.29	0.29	0.26	0.24	0.24	0.29	0.00	0.29	0.09	0.09	0.09	0.06	0.09	0.04	0.05	0.14	0.24	0.02	0.26	0.07	0.18	0.00	0.00	0.00	0.00	0.29	0.00	0.00	0.00	0.00	0.00	0.00	0.00	0.09	0.04	0.06	0.08	0.00	0.00	0.00	0.00	0.00	0.00	0.00	0.04	0.00	0.02	0.00	0.00	0.05	0.00	0.00	0.00	0.00	0.00	0.00	0.00	0.00	0.00	0.00	0.00	0.00	0.00	0.00	0.05	0.04	0.00	0.00	0.00	0.00	0.06
L582V	0.25	0.25	0.25	0.18	0.18	0.24	0.00	0.24	0.08	0.06	0.06	0.06	0.06	0.03	0.05	0.07	0.18	0.02	0.25	0.07	0.18	0.00	0.00	0.00	0.00	0.24	0.00	0.00	0.00	0.00	0.00	0.00	0.00	0.06	0.04	0.06	0.08	0.00	0.00	0.00	0.00	0.00	0.00	0.00	0.03	0.00	0.01	0.00	0.00	0.05	0.00	0.00	0.00	0.00	0.00	0.00	0.00	0.00	0.00	0.00	0.00	0.00	0.00	0.00	0.05	0.04	0.00	0.00	0.00	0.00	0.01
L585R	0.30	0.30	0.23	0.16	0.16	0.30	0.00	0.30	0.11	0.06	0.06	0.06	0.06	0.03	0.10	0.14	0.16	0.02	0.23	0.04	0.06	0.00	0.00	0.00	0.00	0.30	0.00	0.00	0.00	0.00	0.00	0.00	0.00	0.06	0.05	0.06	0.11	0.00	0.00	0.00	0.00	0.00	0.00	0.00	0.03	0.00	0.01	0.00	0.00	0.10	0.00	0.00	0.00	0.00	0.00	0.00	0.00	0.00	0.00	0.00	0.00	0.00	0.00	0.00	0.00	0.04	0.00	0.00	0.00	0.00	0.05
A586D	0.36	0.36	0.24	0.17	0.17	0.36	0.00	0.36	0.10	0.10	0.10	0.08	0.10	0.05	0.09	0.17	0.16	0.03	0.24	0.03	0.07	0.00	0.00	0.00	0.00	0.36	0.00	0.00	0.00	0.00	0.00	0.00	0.00	0.10	0.04	0.08	0.07	0.00	0.00	0.00	0.00	0.00	0.00	0.01	0.04	0.01	0.05	0.03	0.00	0.00	0.00	0.00	0.00	0.00	0.00	0.00	0.00	0.00	0.00	0.00	0.00	0.00	0.00	0.00	0.00	0.09	0.00	0.00	0.00	0.00	0.02
A586P	0.30	0.30	0.27	0.17	0.17	0.30	0.00	0.30	0.11	0.11	0.11	0.07	0.11	0.04	0.09	0.17	0.16	0.02	0.27	0.03	0.12	0.00	0.00	0.00	0.00	0.30	0.00	0.00	0.00	0.00	0.00	0.00	0.00	0.11	0.04	0.07	0.07	0.00	0.00	0.00	0.00	0.00	0.00	0.00	0.04	0.01	0.04	0.02	0.00	0.00	0.00	0.00	0.00	0.00	0.00	0.00	0.00	0.00	0.00	0.00	0.00	0.00	0.00	0.00	0.00	0.09	0.00	0.00	0.00	0.00	0.03
M587T	0.35	0.35	0.26	0.22	0.22	0.35	0.00	0.35	0.12	0.12	0.12	0.06	0.12	0.05	0.10	0.22	0.20	0.02	0.26	0.02	0.14	0.00	0.00	0.00	0.00	0.35	0.00	0.00	0.00	0.00	0.00	0.00	0.00	0.12	0.04	0.06	0.07	0.00	0.00	0.00	0.00	0.00	0.00	0.00	0.03	0.01	0.05	0.02	0.00	0.00	0.00	0.00	0.00	0.00	0.00	0.00	0.00	0.00	0.00	0.00	0.00	0.00	0.00	0.00	0.10	0.09	0.00	0.00	0.00	0.00	0.04
L588P	0.33	0.33	0.27	0.33	0.33	0.32	0.00	0.32	0.13	0.12	0.12	0.06	0.12	0.05	0.13	0.33	0.21	0.02	0.27	0.04	0.15	0.00	0.00	0.00	0.00	0.32	0.00	0.00	0.00	0.00	0.00	0.00	0.00	0.12	0.04	0.06	0.09	0.00	0.00	0.00	0.00	0.00	0.00	0.00	0.04	0.01	0.05	0.02	0.00	0.00	0.00	0.00	0.00	0.00	0.00	0.00	0.00	0.00	0.00	0.00	0.00	0.00	0.00	0.00	0.13	0.09	0.00	0.00	0.00	0.00	0.21
A589D	0.37	0.37	0.26	0.29	0.29	0.37	0.00	0.37	0.13	0.12	0.12	0.07	0.12	0.06	0.13	0.29	0.24	0.03	0.26	0.04	0.15	0.00	0.00	0.00	0.00	0.37	0.00	0.00	0.00	0.00	0.00	0.00	0.00	0.12	0.04	0.07	0.07	0.00	0.00	0.00	0.00	0.00	0.00	0.01	0.03	0.02	0.06	0.04	0.00	0.04	0.00	0.00	0.00	0.00	0.00	0.00	0.00	0.00	0.00	0.00	0.00	0.00	0.00	0.00	0.13	0.09	0.00	0.00	0.00	0.00	0.02
E600G	0.28	0.28	0.26	0.28	0.28	0.27	0.00	0.27	0.21	0.09	0.09	0.09	0.08	0.07	0.21	0.28	0.25	0.05	0.23	0.08	0.26	0.00	0.00	0.00	0.00	0.27	0.00	0.00	0.00	0.00	0.00	0.00	0.00	0.08	0.07	0.09	0.02	0.00	0.00	0.00	0.00	0.00	0.00	0.02	0.02	0.02	0.07	0.03	0.05	0.06	0.00	0.00	0.00	0.00	0.00	0.00	0.00	0.00	0.04	0.00	0.00	0.00	0.03	0.00	0.06	0.08	0.00	0.00	0.11	0.21	0.01
D601G	0.29	0.29	0.27	0.27	0.27	0.29	0.00	0.29	0.19	0.13	0.13	0.13	0.08	0.07	0.19	0.27	0.27	0.05	0.23	0.08	0.27	0.00	0.00	0.00	0.00	0.29	0.00	0.00	0.00	0.00	0.00	0.00	0.00	0.08	0.06	0.13	0.02	0.00	0.00	0.00	0.00	0.00	0.00	0.02	0.02	0.02	0.07	0.03	0.04	0.06	0.00	0.00	0.00	0.00	0.00	0.00	0.00	0.00	0.05	0.00	0.00	0.00	0.00	0.00	0.06	0.07	0.00	0.00	0.11	0.19	0.00
P603R	0.28	0.28	0.25	0.27	0.27	0.28	0.00	0.28	0.21	0.21	0.21	0.21	0.08	0.06	0.20	0.27	0.27	0.06	0.25	0.08	0.25	0.00	0.00	0.00	0.00	0.28	0.00	0.00	0.00	0.00	0.00	0.01	0.00	0.08	0.03	0.21	0.02	0.00	0.00	0.00	0.00	0.00	0.00	0.02	0.02	0.02	0.06	0.03	0.04	0.20	0.00	0.00	0.00	0.00	0.00	0.00	0.00	0.00	0.04	0.00	0.00	0.00	0.00	0.00	0.06	0.07	0.00	0.00	0.11	0.19	0.02
L607H	0.31	0.31	0.24	0.29	0.29	0.31	0.00	0.31	0.24	0.21	0.21	0.21	0.14	0.08	0.24	0.29	0.25	0.10	0.23	0.03	0.24	0.00	0.00	0.00	0.00	0.31	0.00	0.00	0.00	0.00	0.00	0.00	0.00	0.14	0.05	0.21	0.02	0.00	0.00	0.00	0.00	0.00	0.00	0.02	0.08	0.01	0.03	0.06	0.04	0.05	0.00	0.00	0.00	0.00	0.00	0.00	0.00	0.00	0.04	0.00	0.00	0.00	0.00	0.00	0.24	0.04	0.00	0.00	0.11	0.20	0.11
K618A	0.22	0.22	0.05	0.22	0.22	0.05	0.00	0.04	0.19	0.19	0.19	0.13	0.19	0.10	0.16	0.11	0.22	0.05	0.05	0.02	0.02	0.00	0.00	0.00	0.00	0.04	0.00	0.00	0.00	0.00	0.00	0.00	0.00	0.19	0.05	0.13	0.09	0.00	0.00	0.00	0.01	0.00	0.00	0.10	0.03	0.03	0.04	0.03	0.15	0.03	0.00	0.00	0.00	0.00	0.00	0.00	0.00	0.00	0.05	0.00	0.00	0.00	0.00	0.00	0.00	0.00	0.00	0.00	0.16	0.12	0.02
K618E	0.21	0.21	0.05	0.21	0.21	0.05	0.00	0.04	0.18	0.18	0.18	0.13	0.18	0.09	0.16	0.11	0.21	0.05	0.05	0.02	0.02	0.00	0.00	0.00	0.00	0.04	0.00	0.00	0.00	0.00	0.00	0.00	0.00	0.18	0.05	0.13	0.09	0.00	0.00	0.00	0.01	0.00	0.00	0.09	0.03	0.03	0.05	0.03	0.15	0.06	0.00	0.00	0.00	0.00	0.00	0.00	0.00	0.00	0.05	0.00	0.00	0.00	0.00	0.00	0.00	0.00	0.00	0.00	0.16	0.11	0.01
K618R	0.22	0.22	0.05	0.22	0.22	0.05	0.00	0.05	0.18	0.18	0.18	0.13	0.18	0.10	0.16	0.11	0.22	0.05	0.05	0.02	0.02	0.00	0.00	0.00	0.00	0.05	0.00	0.00	0.00	0.00	0.00	0.00	0.00	0.18	0.06	0.13	0.09	0.00	0.00	0.00	0.01	0.00	0.00	0.10	0.03	0.03	0.04	0.03	0.15	0.10	0.00	0.00	0.00	0.00	0.00	0.00	0.00	0.00	0.05	0.00	0.00	0.00	0.00	0.00	0.00	0.00	0.00	0.00	0.16	0.10	0.01
K618T	0.22	0.22	0.05	0.22	0.22	0.05	0.00	0.04	0.21	0.21	0.21	0.13	0.21	0.10	0.16	0.11	0.22	0.05	0.05	0.02	0.02	0.00	0.00	0.00	0.00	0.04	0.00	0.00	0.00	0.00	0.00	0.00	0.00	0.21	0.05	0.13	0.09	0.00	0.00	0.00	0.01	0.00	0.00	0.10	0.03	0.03	0.05	0.03	0.15	0.03	0.00	0.00	0.00	0.00	0.00	0.00	0.00	0.00	0.05	0.00	0.00	0.00	0.00	0.00	0.02	0.00	0.00	0.00	0.16	0.11	0.01
A619P	0.24	0.24	0.08	0.24	0.24	0.05	0.00	0.04	0.17	0.17	0.17	0.13	0.17	0.13	0.15	0.15	0.24	0.05	0.08	0.04	0.05	0.00	0.00	0.00	0.00	0.02	0.00	0.00	0.00	0.02	0.00	0.00	0.00	0.17	0.08	0.13	0.10	0.00	0.00	0.00	0.01	0.00	0.00	0.10	0.06	0.05	0.13	0.07	0.15	0.02	0.00	0.00	0.00	0.00	0.00	0.00	0.00	0.00	0.05	0.00	0.00	0.00	0.00	0.00	0.00	0.01	0.00	0.00	0.14	0.09	0.02
L622H	0.25	0.25	0.25	0.20	0.20	0.05	0.00	0.04	0.23	0.23	0.23	0.04	0.23	0.17	0.21	0.17	0.20	0.04	0.25	0.22	0.20	0.00	0.00	0.00	0.00	0.03	0.00	0.00	0.00	0.04	0.00	0.02	0.00	0.23	0.14	0.04	0.19	0.00	0.00	0.00	0.02	0.00	0.00	0.16	0.17	0.09	0.14	0.11	0.09	0.02	0.00	0.00	0.00	0.00	0.00	0.00	0.00	0.00	0.05	0.00	0.00	0.00	0.00	0.00	0.21	0.01	0.00	0.00	0.14	0.09	0.07
L622P	0.25	0.25	0.25	0.22	0.22	0.05	0.00	0.05	0.22	0.21	0.21	0.04	0.21	0.15	0.22	0.17	0.22	0.04	0.25	0.21	0.22	0.00	0.00	0.00	0.00	0.03	0.00	0.00	0.00	0.03	0.00	0.02	0.00	0.21	0.14	0.04	0.20	0.00	0.00	0.00	0.01	0.00	0.00	0.11	0.09	0.09	0.15	0.07	0.08	0.02	0.00	0.00	0.00	0.00	0.00	0.00	0.00	0.00	0.05	0.00	0.00	0.00	0.00	0.00	0.22	0.01	0.00	0.00	0.14	0.10	0.12
A623S	0.26	0.26	0.26	0.19	0.19	0.05	0.00	0.04	0.24	0.24	0.24	0.04	0.24	0.16	0.19	0.14	0.19	0.06	0.26	0.21	0.21	0.00	0.00	0.00	0.00	0.02	0.00	0.00	0.00	0.04	0.00	0.03	0.00	0.24	0.14	0.04	0.19	0.00	0.00	0.00	0.01	0.00	0.00	0.11	0.06	0.10	0.16	0.09	0.05	0.02	0.00	0.00	0.00	0.00	0.00	0.00	0.00	0.00	0.05	0.00	0.00	0.00	0.00	0.00	0.19	0.01	0.00	0.00	0.14	0.09	0.04
F626S	0.26	0.26	0.26	0.24	0.24	0.23	0.00	0.05	0.22	0.22	0.22	0.04	0.22	0.20	0.20	0.24	0.18	0.07	0.26	0.22	0.21	0.00	0.00	0.00	0.00	0.05	0.00	0.00	0.00	0.04	0.00	0.02	0.00	0.22	0.14	0.04	0.19	0.00	0.00	0.00	0.01	0.00	0.00	0.12	0.08	0.11	0.20	0.10	0.00	0.03	0.00	0.00	0.00	0.00	0.00	0.00	0.00	0.00	0.00	0.00	0.00	0.00	0.00	0.00	0.20	0.01	0.00	0.00	0.00	0.00	0.04
S627T	0.25	0.25	0.25	0.20	0.20	0.06	0.00	0.04	0.22	0.22	0.22	0.04	0.22	0.14	0.17	0.14	0.20	0.09	0.25	0.21	0.21	0.00	0.00	0.00	0.00	0.04	0.00	0.00	0.00	0.03	0.00	0.02	0.00	0.22	0.14	0.04	0.19	0.00	0.00	0.00	0.01	0.00	0.00	0.10	0.06	0.08	0.14	0.07	0.00	0.03	0.00	0.00	0.00	0.00	0.00	0.00	0.00	0.00	0.00	0.00	0.00	0.00	0.00	0.00	0.17	0.01	0.00	0.00	0.00	0.00	0.04
D631A	0.25	0.25	0.25	0.22	0.22	0.05	0.00	0.04	0.15	0.12	0.12	0.04	0.12	0.15	0.03	0.14	0.22	0.09	0.16	0.25	0.25	0.00	0.00	0.00	0.00	0.04	0.00	0.00	0.00	0.00	0.00	0.02	0.00	0.12	0.08	0.04	0.14	0.00	0.00	0.00	0.00	0.00	0.00	0.06	0.03	0.07	0.15	0.05	0.00	0.03	0.00	0.00	0.00	0.00	0.00	0.00	0.00	0.00	0.00	0.00	0.00	0.00	0.00	0.00	0.02	0.00	0.00	0.00	0.00	0.00	0.03
N635K	0.25	0.25	0.25	0.21	0.21	0.04	0.00	0.04	0.14	0.14	0.14	0.03	0.14	0.14	0.11	0.15	0.21	0.09	0.24	0.25	0.24	0.00	0.00	0.00	0.00	0.04	0.00	0.00	0.00	0.00	0.00	0.00	0.00	0.14	0.04	0.03	0.08	0.00	0.00	0.00	0.00	0.00	0.00	0.06	0.01	0.05	0.14	0.04	0.05	0.03	0.00	0.00	0.00	0.00	0.00	0.00	0.00	0.00	0.04	0.00	0.00	0.00	0.00	0.00	0.00	0.00	0.00	0.00	0.07	0.11	0.02
N635S	0.26	0.26	0.26	0.20	0.20	0.04	0.00	0.04	0.16	0.14	0.14	0.03	0.14	0.16	0.03	0.19	0.20	0.09	0.24	0.26	0.25	0.00	0.00	0.00	0.00	0.04	0.00	0.00	0.00	0.00	0.00	0.00	0.00	0.14	0.04	0.03	0.08	0.00	0.00	0.00	0.00	0.00	0.00	0.06	0.01	0.05	0.16	0.05	0.00	0.03	0.00	0.00	0.00	0.00	0.00	0.00	0.00	0.00	0.00	0.00	0.00	0.00	0.00	0.00	0.01	0.00	0.00	0.00	0.00	0.00	0.02
L636P	0.29	0.29	0.29	0.24	0.24	0.04	0.00	0.04	0.20	0.20	0.20	0.03	0.20	0.15	0.04	0.20	0.24	0.10	0.29	0.27	0.26	0.00	0.00	0.00	0.00	0.04	0.00	0.00	0.00	0.00	0.00	0.00	0.00	0.20	0.04	0.03	0.09	0.00	0.00	0.00	0.00	0.00	0.00	0.06	0.01	0.05	0.15	0.04	0.00	0.04	0.00	0.00	0.00	0.00	0.00	0.00	0.00	0.00	0.00	0.00	0.00	0.00	0.00	0.00	0.00	0.00	0.00	0.00	0.00	0.00	0.15
P640L	0.28	0.28	0.28	0.15	0.15	0.03	0.00	0.03	0.15	0.15	0.15	0.05	0.15	0.09	0.00	0.08	0.15	0.05	0.28	0.27	0.23	0.00	0.00	0.00	0.00	0.03	0.00	0.00	0.00	0.00	0.00	0.00	0.00	0.15	0.13	0.05	0.08	0.00	0.00	0.00	0.00	0.00	0.00	0.02	0.00	0.05	0.09	0.00	0.00	0.00	0.00	0.00	0.00	0.00	0.00	0.00	0.00	0.00	0.00	0.00	0.00	0.00	0.00	0.00	0.00	0.00	0.00	0.00	0.00	0.00	0.00
P640S	0.26	0.26	0.26	0.15	0.15	0.03	0.00	0.03	0.14	0.14	0.14	0.05	0.14	0.12	0.01	0.10	0.15	0.07	0.26	0.26	0.23	0.00	0.00	0.00	0.00	0.03	0.00	0.00	0.00	0.00	0.00	0.00	0.00	0.14	0.13	0.05	0.08	0.00	0.00	0.00	0.00	0.00	0.00	0.02	0.00	0.05	0.12	0.00	0.00	0.00	0.00	0.00	0.00	0.00	0.00	0.00	0.00	0.00	0.00	0.00	0.00	0.00	0.00	0.00	0.01	0.00	0.00	0.00	0.00	0.00	0.01
N645S	0.27	0.27	0.27	0.16	0.16	0.05	0.00	0.05	0.16	0.16	0.16	0.06	0.16	0.05	0.04	0.03	0.16	0.05	0.27	0.14	0.24	0.00	0.00	0.00	0.00	0.05	0.00	0.00	0.00	0.00	0.00	0.01	0.00	0.11	0.16	0.06	0.10	0.00	0.00	0.00	0.00	0.00	0.00	0.02	0.00	0.01	0.05	0.00	0.00	0.00	0.00	0.00	0.00	0.00	0.00	0.00	0.00	0.00	0.00	0.00	0.00	0.00	0.00	0.00	0.04	0.00	0.00	0.00	0.00	0.00	0.06
Y646C	0.26	0.26	0.26	0.16	0.16	0.05	0.00	0.05	0.18	0.18	0.18	0.06	0.18	0.05	0.07	0.02	0.16	0.05	0.26	0.12	0.24	0.00	0.00	0.00	0.00	0.05	0.00	0.00	0.00	0.00	0.00	0.01	0.00	0.11	0.18	0.06	0.10	0.00	0.00	0.00	0.00	0.00	0.00	0.02	0.00	0.01	0.05	0.02	0.00	0.07	0.00	0.00	0.00	0.00	0.00	0.00	0.00	0.00	0.00	0.00	0.00	0.00	0.00	0.00	0.04	0.00	0.00	0.00	0.00	0.00	0.02
V647M	0.26	0.26	0.26	0.18	0.18	0.05	0.00	0.05	0.16	0.16	0.16	0.06	0.16	0.05	0.07	0.04	0.18	0.05	0.26	0.13	0.24	0.00	0.00	0.00	0.00	0.05	0.00	0.00	0.00	0.00	0.00	0.01	0.00	0.11	0.16	0.06	0.10	0.00	0.00	0.00	0.00	0.00	0.00	0.02	0.00	0.02	0.05	0.00	0.00	0.07	0.00	0.00	0.00	0.00	0.00	0.00	0.00	0.00	0.00	0.00	0.00	0.00	0.00	0.00	0.04	0.00	0.00	0.00	0.00	0.00	0.01
P648S	0.27	0.27	0.27	0.17	0.17	0.07	0.00	0.07	0.16	0.16	0.16	0.06	0.16	0.06	0.07	0.02	0.17	0.07	0.27	0.11	0.24	0.00	0.00	0.00	0.00	0.07	0.00	0.00	0.00	0.00	0.00	0.01	0.00	0.11	0.16	0.06	0.10	0.00	0.00	0.00	0.00	0.00	0.00	0.02	0.00	0.02	0.06	0.00	0.00	0.07	0.00	0.00	0.00	0.00	0.00	0.00	0.00	0.00	0.00	0.00	0.00	0.00	0.00	0.00	0.04	0.00	0.00	0.00	0.00	0.00	0.01
P654L	0.28	0.28	0.28	0.17	0.17	0.07	0.00	0.07	0.11	0.11	0.11	0.08	0.11	0.02	0.10	0.02	0.17	0.05	0.28	0.06	0.10	0.00	0.00	0.00	0.00	0.07	0.00	0.00	0.00	0.00	0.00	0.01	0.00	0.11	0.11	0.08	0.04	0.00	0.00	0.00	0.00	0.00	0.00	0.00	0.00	0.00	0.02	0.00	0.00	0.10	0.00	0.00	0.00	0.00	0.00	0.00	0.00	0.00	0.00	0.00	0.00	0.00	0.00	0.00	0.00	0.04	0.00	0.00	0.00	0.00	0.00
I655T	0.25	0.25	0.25	0.18	0.18	0.07	0.00	0.07	0.11	0.11	0.11	0.07	0.11	0.02	0.10	0.03	0.18	0.07	0.25	0.06	0.15	0.00	0.00	0.00	0.00	0.07	0.00	0.00	0.00	0.00	0.00	0.01	0.00	0.10	0.11	0.07	0.06	0.00	0.00	0.00	0.00	0.00	0.00	0.00	0.00	0.00	0.02	0.00	0.00	0.10	0.00	0.00	0.00	0.00	0.00	0.00	0.00	0.00	0.00	0.00	0.00	0.00	0.00	0.00	0.02	0.03	0.00	0.00	0.00	0.00	0.03
I655V	0.25	0.25	0.25	0.17	0.17	0.07	0.00	0.07	0.12	0.11	0.11	0.07	0.11	0.02	0.12	0.02	0.17	0.05	0.25	0.06	0.15	0.00	0.00	0.00	0.00	0.07	0.00	0.00	0.00	0.00	0.00	0.01	0.00	0.09	0.11	0.07	0.05	0.00	0.00	0.00	0.00	0.00	0.00	0.00	0.00	0.00	0.02	0.00	0.00	0.12	0.00	0.00	0.00	0.00	0.00	0.00	0.00	0.00	0.00	0.00	0.00	0.00	0.00	0.00	0.00	0.03	0.00	0.00	0.00	0.00	0.00
F656S	0.25	0.25	0.25	0.16	0.16	0.10	0.00	0.10	0.13	0.13	0.13	0.07	0.13	0.03	0.11	0.04	0.16	0.09	0.25	0.06	0.15	0.00	0.00	0.00	0.00	0.10	0.00	0.00	0.00	0.00	0.00	0.02	0.00	0.13	0.12	0.07	0.05	0.00	0.00	0.00	0.00	0.00	0.00	0.00	0.00	0.01	0.03	0.01	0.00	0.11	0.00	0.00	0.00	0.00	0.00	0.00	0.00	0.00	0.00	0.00	0.00	0.00	0.00	0.00	0.01	0.03	0.00	0.00	0.00	0.00	0.05
R659L	0.27	0.27	0.27	0.09	0.09	0.07	0.00	0.07	0.12	0.12	0.12	0.07	0.12	0.02	0.11	0.04	0.09	0.04	0.25	0.02	0.27	0.00	0.00	0.00	0.00	0.07	0.00	0.00	0.00	0.00	0.00	0.00	0.00	0.09	0.12	0.07	0.04	0.00	0.00	0.00	0.00	0.00	0.00	0.00	0.01	0.00	0.02	0.02	0.00	0.11	0.00	0.00	0.00	0.00	0.00	0.00	0.00	0.00	0.00	0.00	0.00	0.00	0.00	0.00	0.00	0.03	0.00	0.00	0.00	0.00	0.00
R659P	0.28	0.28	0.28	0.10	0.10	0.08	0.00	0.08	0.12	0.12	0.12	0.07	0.12	0.03	0.11	0.04	0.10	0.05	0.26	0.02	0.28	0.00	0.00	0.00	0.00	0.08	0.00	0.00	0.00	0.00	0.00	0.00	0.00	0.09	0.12	0.07	0.04	0.00	0.00	0.00	0.00	0.00	0.00	0.00	0.02	0.00	0.02	0.03	0.00	0.11	0.00	0.00	0.00	0.00	0.00	0.00	0.00	0.00	0.00	0.00	0.00	0.00	0.00	0.00	0.00	0.03	0.00	0.00	0.00	0.00	0.02
R659Q	0.27	0.27	0.27	0.10	0.10	0.07	0.00	0.07	0.12	0.12	0.12	0.07	0.12	0.03	0.11	0.04	0.10	0.05	0.25	0.02	0.27	0.00	0.00	0.00	0.00	0.07	0.00	0.00	0.00	0.00	0.00	0.00	0.00	0.08	0.12	0.07	0.04	0.00	0.00	0.00	0.00	0.00	0.00	0.00	0.02	0.00	0.02	0.03	0.00	0.11	0.00	0.00	0.00	0.00	0.00	0.00	0.00	0.00	0.00	0.00	0.00	0.00	0.00	0.00	0.00	0.03	0.00	0.00	0.00	0.00	0.01
T662P	0.26	0.26	0.26	0.17	0.17	0.03	0.00	0.03	0.15	0.15	0.15	0.07	0.15	0.03	0.12	0.16	0.17	0.05	0.26	0.17	0.26	0.00	0.00	0.00	0.00	0.03	0.00	0.00	0.00	0.00	0.00	0.01	0.00	0.07	0.15	0.07	0.10	0.00	0.00	0.00	0.00	0.00	0.00	0.00	0.02	0.02	0.02	0.03	0.00	0.12	0.00	0.00	0.00	0.00	0.00	0.00	0.00	0.00	0.00	0.00	0.00	0.00	0.00	0.00	0.00	0.03	0.00	0.00	0.00	0.00	0.02
E663D	0.26	0.26	0.26	0.20	0.20	0.03	0.00	0.03	0.15	0.15	0.15	0.06	0.15	0.03	0.10	0.17	0.20	0.06	0.26	0.17	0.25	0.00	0.00	0.00	0.00	0.02	0.00	0.00	0.00	0.00	0.00	0.01	0.00	0.06	0.15	0.06	0.09	0.00	0.00	0.00	0.00	0.00	0.00	0.00	0.02	0.02	0.02	0.03	0.00	0.10	0.00	0.00	0.00	0.00	0.00	0.00	0.00	0.00	0.00	0.00	0.00	0.00	0.00	0.00	0.00	0.04	0.00	0.00	0.00	0.00	0.02
E663G	0.28	0.28	0.28	0.20	0.20	0.03	0.00	0.03	0.16	0.16	0.16	0.05	0.16	0.02	0.10	0.17	0.20	0.06	0.26	0.18	0.28	0.00	0.00	0.00	0.00	0.02	0.00	0.00	0.00	0.00	0.00	0.01	0.00	0.06	0.16	0.05	0.09	0.00	0.00	0.00	0.00	0.00	0.00	0.00	0.02	0.01	0.02	0.02	0.00	0.10	0.00	0.00	0.00	0.00	0.00	0.00	0.00	0.00	0.00	0.00	0.00	0.00	0.00	0.00	0.00	0.03	0.00	0.00	0.00	0.00	0.04
W666R	0.33	0.33	0.27	0.33	0.33	0.13	0.00	0.13	0.16	0.16	0.16	0.04	0.16	0.08	0.11	0.33	0.26	0.14	0.26	0.17	0.27	0.00	0.00	0.00	0.00	0.13	0.00	0.00	0.00	0.00	0.00	0.01	0.00	0.13	0.16	0.04	0.08	0.00	0.00	0.00	0.00	0.00	0.00	0.05	0.02	0.02	0.02	0.08	0.11	0.06	0.00	0.00	0.00	0.00	0.00	0.00	0.00	0.00	0.01	0.00	0.00	0.00	0.00	0.00	0.01	0.01	0.00	0.00	0.10	0.05	0.06
L676P	0.28	0.28	0.20	0.28	0.28	0.12	0.00	0.12	0.24	0.15	0.15	0.03	0.15	0.24	0.06	0.28	0.23	0.15	0.20	0.02	0.04	0.00	0.00	0.00	0.00	0.12	0.00	0.00	0.00	0.00	0.01	0.00	0.00	0.15	0.06	0.03	0.06	0.00	0.00	0.00	0.00	0.00	0.00	0.00	0.02	0.02	0.01	0.24	0.06	0.06	0.00	0.00	0.00	0.10	0.00	0.00	0.00	0.00	0.01	0.00	0.00	0.00	0.00	0.00	0.02	0.00	0.00	0.00	0.06	0.05	0.17
L676R	0.27	0.27	0.16	0.27	0.27	0.14	0.00	0.14	0.27	0.12	0.12	0.03	0.12	0.27	0.14	0.27	0.19	0.15	0.16	0.02	0.04	0.00	0.00	0.00	0.00	0.14	0.00	0.00	0.00	0.00	0.02	0.01	0.00	0.12	0.06	0.03	0.05	0.00	0.00	0.00	0.00	0.00	0.00	0.00	0.02	0.02	0.01	0.27	0.06	0.14	0.00	0.00	0.00	0.10	0.00	0.00	0.00	0.00	0.01	0.00	0.00	0.00	0.00	0.00	0.02	0.02	0.00	0.00	0.07	0.05	0.12
S677N	0.20	0.20	0.16	0.20	0.20	0.08	0.00	0.08	0.17	0.09	0.09	0.02	0.09	0.17	0.06	0.20	0.17	0.11	0.16	0.02	0.03	0.00	0.00	0.00	0.00	0.08	0.00	0.00	0.00	0.00	0.01	0.00	0.00	0.09	0.07	0.02	0.05	0.00	0.00	0.00	0.00	0.00	0.00	0.00	0.02	0.00	0.02	0.17	0.06	0.04	0.00	0.00	0.00	0.10	0.00	0.00	0.00	0.00	0.00	0.00	0.00	0.00	0.00	0.00	0.02	0.00	0.00	0.00	0.06	0.05	0.03
C680G	0.25	0.25	0.25	0.24	0.24	0.05	0.00	0.05	0.18	0.15	0.15	0.15	0.15	0.06	0.18	0.24	0.21	0.04	0.25	0.02	0.21	0.00	0.00	0.00	0.00	0.05	0.00	0.00	0.00	0.00	0.02	0.00	0.00	0.07	0.15	0.15	0.03	0.00	0.00	0.00	0.00	0.00	0.00	0.00	0.01	0.01	0.02	0.06	0.06	0.03	0.00	0.00	0.00	0.00	0.00	0.00	0.00	0.00	0.02	0.00	0.00	0.00	0.00	0.00	0.18	0.08	0.00	0.00	0.06	0.07	0.14
C680R	0.24	0.24	0.24	0.24	0.24	0.06	0.00	0.06	0.18	0.15	0.15	0.12	0.15	0.06	0.18	0.24	0.19	0.04	0.24	0.02	0.21	0.00	0.00	0.00	0.00	0.06	0.00	0.00	0.00	0.00	0.04	0.00	0.00	0.07	0.15	0.12	0.03	0.00	0.00	0.00	0.00	0.00	0.00	0.00	0.00	0.01	0.02	0.06	0.07	0.09	0.00	0.00	0.00	0.00	0.00	0.00	0.00	0.00	0.01	0.00	0.00	0.00	0.01	0.00	0.18	0.08	0.00	0.00	0.08	0.05	0.04
A681T	0.25	0.25	0.25	0.17	0.17	0.03	0.00	0.03	0.15	0.15	0.15	0.15	0.15	0.06	0.15	0.17	0.16	0.02	0.25	0.02	0.21	0.00	0.00	0.00	0.00	0.03	0.00	0.00	0.00	0.00	0.02	0.00	0.00	0.06	0.15	0.15	0.03	0.00	0.00	0.00	0.00	0.00	0.00	0.00	0.00	0.01	0.02	0.06	0.06	0.03	0.00	0.00	0.00	0.00	0.00	0.00	0.00	0.00	0.00	0.00	0.00	0.00	0.00	0.00	0.15	0.07	0.00	0.00	0.06	0.05	0.03
A681V	0.25	0.25	0.25	0.16	0.16	0.03	0.00	0.03	0.15	0.15	0.15	0.15	0.15	0.06	0.15	0.15	0.16	0.02	0.25	0.02	0.21	0.00	0.00	0.00	0.00	0.03	0.00	0.00	0.00	0.00	0.02	0.00	0.00	0.06	0.15	0.15	0.03	0.00	0.00	0.00	0.00	0.00	0.00	0.00	0.00	0.01	0.02	0.06	0.06	0.03	0.00	0.00	0.00	0.00	0.00	0.00	0.00	0.00	0.00	0.00	0.00	0.00	0.00	0.00	0.15	0.07	0.00	0.00	0.07	0.05	0.02
Y684C	0.25	0.25	0.25	0.15	0.15	0.02	0.00	0.02	0.20	0.20	0.20	0.20	0.17	0.08	0.18	0.15	0.13	0.02	0.25	0.02	0.23	0.00	0.00	0.00	0.00	0.02	0.00	0.00	0.00	0.00	0.02	0.00	0.00	0.05	0.17	0.20	0.03	0.00	0.00	0.00	0.00	0.00	0.00	0.00	0.00	0.01	0.02	0.08	0.01	0.11	0.00	0.00	0.00	0.01	0.00	0.00	0.00	0.00	0.02	0.00	0.00	0.00	0.00	0.00	0.18	0.07	0.00	0.00	0.08	0.07	0.01
R687W	0.29	0.29	0.25	0.29	0.29	0.04	0.00	0.04	0.21	0.21	0.21	0.18	0.21	0.02	0.18	0.29	0.14	0.02	0.25	0.04	0.24	0.00	0.00	0.00	0.00	0.04	0.00	0.00	0.00	0.00	0.02	0.00	0.00	0.06	0.21	0.18	0.04	0.00	0.00	0.00	0.00	0.00	0.00	0.00	0.00	0.01	0.02	0.00	0.02	0.12	0.00	0.00	0.00	0.00	0.00	0.00	0.00	0.00	0.02	0.00	0.00	0.00	0.00	0.00	0.18	0.08	0.00	0.00	0.08	0.07	0.03
Q689R	0.25	0.25	0.24	0.25	0.25	0.05	0.00	0.05	0.20	0.20	0.20	0.20	0.15	0.02	0.18	0.25	0.18	0.03	0.24	0.04	0.24	0.00	0.00	0.00	0.00	0.05	0.00	0.00	0.00	0.00	0.03	0.00	0.00	0.05	0.15	0.20	0.03	0.00	0.00	0.00	0.00	0.00	0.00	0.00	0.00	0.01	0.02	0.01	0.02	0.18	0.00	0.00	0.00	0.00	0.00	0.00	0.00	0.00	0.03	0.00	0.00	0.00	0.00	0.00	0.17	0.08	0.00	0.00	0.10	0.07	0.02
Q701H	0.26	0.26	0.25	0.26	0.26	0.08	0.00	0.08	0.15	0.05	0.05	0.04	0.05	0.01	0.15	0.26	0.20	0.03	0.24	0.17	0.25	0.00	0.00	0.00	0.00	0.08	0.00	0.00	0.00	0.00	0.00	0.00	0.00	0.05	0.02	0.04	0.00	0.00	0.00	0.00	0.00	0.00	0.00	0.00	0.00	0.00	0.00	0.00	0.00	0.05	0.00	0.00	0.00	0.00	0.00	0.00	0.00	0.00	0.00	0.00	0.00	0.00	0.05	0.00	0.15	0.04	0.00	0.00	0.00	0.00	0.00
Q701K	0.26	0.26	0.25	0.26	0.26	0.07	0.00	0.07	0.26	0.05	0.05	0.04	0.05	0.00	0.26	0.26	0.20	0.03	0.25	0.17	0.24	0.00	0.00	0.00	0.00	0.07	0.00	0.00	0.00	0.00	0.01	0.00	0.00	0.05	0.02	0.04	0.00	0.00	0.00	0.00	0.00	0.00	0.00	0.00	0.00	0.00	0.00	0.00	0.02	0.06	0.00	0.00	0.00	0.00	0.00	0.00	0.00	0.00	0.06	0.00	0.00	0.00	0.05	0.00	0.16	0.05	0.00	0.00	0.26	0.21	0.00
W712R	0.32	0.32	0.32	0.28	0.28	0.03	0.00	0.03	0.16	0.14	0.14	0.14	0.13	0.07	0.16	0.28	0.18	0.10	0.32	0.05	0.25	0.00	0.00	0.00	0.00	0.02	0.00	0.00	0.00	0.01	0.08	0.01	0.00	0.13	0.13	0.14	0.04	0.00	0.00	0.00	0.01	0.00	0.00	0.02	0.03	0.00	0.02	0.07	0.09	0.16	0.00	0.00	0.00	0.00	0.00	0.00	0.00	0.00	0.00	0.00	0.00	0.00	0.02	0.00	0.13	0.03	0.00	0.00	0.07	0.06	0.05
V716M	0.28	0.28	0.28	0.12	0.12	0.03	0.00	0.03	0.18	0.15	0.15	0.14	0.15	0.18	0.09	0.10	0.12	0.10	0.28	0.05	0.19	0.00	0.00	0.00	0.00	0.02	0.00	0.00	0.00	0.01	0.08	0.02	0.00	0.12	0.15	0.14	0.07	0.00	0.00	0.00	0.03	0.00	0.00	0.06	0.18	0.00	0.02	0.18	0.09	0.02	0.00	0.00	0.00	0.00	0.00	0.00	0.00	0.00	0.00	0.00	0.00	0.00	0.00	0.00	0.05	0.02	0.00	0.00	0.06	0.06	0.00
H718P	0.28	0.28	0.28	0.09	0.09	0.03	0.00	0.03	0.21	0.17	0.17	0.14	0.17	0.21	0.11	0.04	0.09	0.11	0.28	0.05	0.11	0.00	0.00	0.00	0.00	0.03	0.00	0.00	0.00	0.01	0.08	0.03	0.00	0.17	0.15	0.14	0.10	0.00	0.00	0.00	0.03	0.00	0.00	0.07	0.21	0.00	0.02	0.21	0.11	0.03	0.00	0.00	0.00	0.00	0.00	0.00	0.00	0.00	0.01	0.00	0.00	0.00	0.00	0.00	0.05	0.02	0.00	0.00	0.05	0.07	0.01
H718Y	0.28	0.28	0.28	0.09	0.09	0.03	0.00	0.03	0.23	0.23	0.23	0.23	0.19	0.21	0.11	0.04	0.09	0.10	0.28	0.05	0.11	0.00	0.00	0.00	0.00	0.02	0.00	0.00	0.00	0.01	0.08	0.03	0.00	0.14	0.19	0.23	0.07	0.00	0.00	0.00	0.03	0.00	0.00	0.07	0.21	0.00	0.02	0.21	0.11	0.02	0.00	0.00	0.00	0.00	0.00	0.00	0.00	0.00	0.01	0.00	0.00	0.00	0.00	0.00	0.09	0.03	0.00	0.00	0.05	0.06	0.00
V720G	0.26	0.26	0.26	0.16	0.10	0.04	0.00	0.04	0.17	0.15	0.15	0.14	0.15	0.17	0.13	0.08	0.10	0.06	0.26	0.04	0.09	0.00	0.00	0.00	0.00	0.02	0.00	0.00	0.00	0.01	0.08	0.03	0.00	0.11	0.15	0.14	0.07	0.00	0.00	0.00	0.04	0.00	0.00	0.06	0.17	0.00	0.02	0.17	0.13	0.09	0.00	0.00	0.00	0.00	0.00	0.00	0.00	0.00	0.00	0.00	0.00	0.00	0.00	0.00	0.05	0.01	0.00	0.00	0.04	0.04	0.16
Y721C	0.33	0.33	0.25	0.09	0.09	0.05	0.00	0.05	0.33	0.17	0.17	0.16	0.17	0.33	0.11	0.06	0.09	0.05	0.25	0.03	0.12	0.00	0.00	0.00	0.00	0.01	0.00	0.00	0.00	0.01	0.08	0.03	0.00	0.12	0.17	0.16	0.07	0.00	0.00	0.00	0.03	0.00	0.00	0.06	0.17	0.00	0.02	0.33	0.11	0.09	0.00	0.00	0.00	0.00	0.00	0.00	0.00	0.00	0.00	0.00	0.00	0.00	0.00	0.00	0.05	0.01	0.00	0.00	0.05	0.04	0.00
L724M	0.26	0.26	0.26	0.13	0.13	0.06	0.00	0.06	0.22	0.22	0.22	0.11	0.22	0.04	0.11	0.13	0.12	0.05	0.26	0.04	0.24	0.00	0.00	0.00	0.00	0.01	0.00	0.00	0.00	0.00	0.09	0.03	0.00	0.22	0.15	0.11	0.07	0.00	0.00	0.00	0.01	0.00	0.00	0.00	0.03	0.02	0.04	0.02	0.11	0.09	0.00	0.00	0.00	0.00	0.00	0.00	0.00	0.00	0.00	0.00	0.00	0.00	0.00	0.00	0.05	0.01	0.00	0.00	0.05	0.04	0.02
R725C	0.28	0.28	0.28	0.16	0.16	0.07	0.00	0.07	0.22	0.22	0.22	0.09	0.22	0.04	0.11	0.16	0.14	0.06	0.28	0.03	0.25	0.00	0.00	0.00	0.00	0.02	0.00	0.00	0.00	0.00	0.07	0.03	0.00	0.22	0.16	0.09	0.07	0.00	0.00	0.00	0.00	0.00	0.00	0.00	0.03	0.02	0.04	0.04	0.11	0.09	0.00	0.00	0.00	0.00	0.00	0.00	0.00	0.00	0.00	0.00	0.00	0.00	0.00	0.00	0.05	0.01	0.00	0.00	0.04	0.03	0.00
R725H	0.28	0.28	0.28	0.19	0.19	0.06	0.00	0.06	0.22	0.22	0.22	0.08	0.22	0.05	0.11	0.19	0.14	0.06	0.28	0.04	0.25	0.00	0.00	0.00	0.00	0.02	0.00	0.00	0.00	0.00	0.07	0.03	0.00	0.22	0.16	0.08	0.07	0.00	0.00	0.00	0.02	0.00	0.00	0.02	0.05	0.02	0.04	0.03	0.11	0.09	0.00	0.00	0.00	0.00	0.00	0.00	0.00	0.00	0.00	0.00	0.00	0.00	0.00	0.00	0.05	0.01	0.00	0.00	0.04	0.03	0.02
L729V	0.25	0.25	0.25	0.17	0.17	0.08	0.00	0.08	0.22	0.22	0.22	0.05	0.22	0.08	0.17	0.17	0.15	0.08	0.25	0.04	0.25	0.00	0.00	0.00	0.00	0.07	0.00	0.00	0.00	0.00	0.04	0.07	0.00	0.22	0.10	0.05	0.06	0.00	0.00	0.00	0.02	0.00	0.00	0.00	0.08	0.05	0.05	0.03	0.17	0.09	0.00	0.00	0.00	0.00	0.00	0.00	0.00	0.00	0.01	0.00	0.00	0.00	0.00	0.00	0.00	0.01	0.00	0.00	0.07	0.09	0.03
D737V	0.30	0.30	0.25	0.18	0.18	0.18	0.00	0.18	0.28	0.26	0.26	0.05	0.26	0.28	0.23	0.18	0.17	0.30	0.25	0.22	0.21	0.00	0.00	0.00	0.00	0.18	0.00	0.00	0.00	0.00	0.00	0.07	0.00	0.26	0.06	0.05	0.09	0.00	0.00	0.00	0.02	0.00	0.00	0.08	0.10	0.13	0.28	0.19	0.23	0.05	0.00	0.00	0.00	0.00	0.00	0.00	0.00	0.00	0.01	0.00	0.00	0.00	0.00	0.00	0.03	0.00	0.00	0.00	0.07	0.09	0.01
L749P	0.35	0.35	0.28	0.34	0.34	0.14	0.00	0.14	0.35	0.29	0.29	0.28	0.29	0.35	0.14	0.34	0.20	0.25	0.26	0.23	0.28	0.00	0.00	0.00	0.00	0.14	0.00	0.00	0.00	0.01	0.01	0.06	0.00	0.29	0.23	0.28	0.10	0.00	0.00	0.00	0.14	0.00	0.00	0.10	0.12	0.11	0.25	0.35	0.14	0.02	0.00	0.00	0.00	0.00	0.00	0.00	0.00	0.00	0.02	0.00	0.00	0.00	0.00	0.00	0.05	0.00	0.00	0.00	0.03	0.00	0.17
K751R	0.33	0.33	0.25	0.25	0.25	0.09	0.00	0.09	0.30	0.30	0.30	0.27	0.30	0.29	0.14	0.25	0.14	0.33	0.25	0.16	0.25	0.00	0.00	0.00	0.00	0.09	0.00	0.00	0.00	0.01	0.02	0.06	0.00	0.30	0.22	0.27	0.10	0.00	0.00	0.00	0.11	0.00	0.00	0.11	0.08	0.10	0.11	0.29	0.14	0.06	0.00	0.00	0.00	0.05	0.00	0.00	0.00	0.00	0.02	0.00	0.00	0.00	0.00	0.00	0.05	0.01	0.00	0.00	0.03	0.00	0.01
F753S	0.50	0.50	0.25	0.50	0.50	0.09	0.00	0.09	0.40	0.40	0.40	0.28	0.40	0.27	0.12	0.50	0.14	0.40	0.25	0.16	0.18	0.00	0.00	0.00	0.00	0.09	0.00	0.00	0.00	0.02	0.01	0.14	0.00	0.40	0.22	0.28	0.13	0.00	0.00	0.00	0.13	0.00	0.00	0.10	0.12	0.09	0.19	0.27	0.12	0.05	0.00	0.00	0.00	0.07	0.00	0.00	0.00	0.00	0.02	0.00	0.00	0.00	0.01	0.00	0.06	0.00	0.00	0.00	0.03	0.00	0.03
R755G	0.42	0.42	0.25	0.28	0.28	0.08	0.00	0.08	0.42	0.36	0.36	0.26	0.36	0.42	0.12	0.28	0.12	0.28	0.25	0.16	0.18	0.00	0.00	0.00	0.00	0.08	0.00	0.00	0.00	0.02	0.01	0.07	0.00	0.36	0.24	0.26	0.10	0.00	0.00	0.00	0.13	0.00	0.00	0.10	0.10	0.07	0.12	0.42	0.12	0.05	0.00	0.00	0.00	0.06	0.00	0.00	0.00	0.00	0.02	0.00	0.00	0.00	0.00	0.00	0.05	0.00	0.00	0.00	0.03	0.00	0.06
R755W	0.57	0.57	0.25	0.57	0.57	0.08	0.00	0.08	0.38	0.38	0.38	0.25	0.38	0.29	0.13	0.57	0.09	0.53	0.25	0.16	0.20	0.00	0.00	0.00	0.00	0.08	0.00	0.00	0.00	0.02	0.01	0.06	0.00	0.38	0.30	0.25	0.11	0.00	0.00	0.00	0.11	0.00	0.00	0.10	0.10	0.06	0.09	0.29	0.13	0.05	0.00	0.00	0.00	0.06	0.00	0.00	0.00	0.00	0.02	0.00	0.00	0.00	0.00	0.00	0.05	0.00	0.00	0.00	0.03	0.00	0.00
