# Variant	Relative_solvent_accessibility	Allosteric_site	Catalytic_site	Altered Secondary_structure	Altered Stability_and_conformational_flexibility	Altered Special_structural_signatures	Altered Macromolecular_binding	Altered Metal_binding	Altered PTM_site	SIFT_score	Polyphen2_HDIV_score	Polyphen2_HVAR_score	PROVEAN_score	REVEL_score	PrimateAI_score	GERP++_RS	phyloP100way_vertebrate	phyloP30way_mammalian	phyloP17way_primate	phastCons100way_vertebrate	phastCons30way_mammalian	phastCons17way_primate	SiPhy_29way_logOdds	bStatistic
R5W	0.03	0.04	0.00	0.26	0.23	0.06	0.52	0.05	0.16	0.0	0.0	0.0	0.0	0.0	0.0	0.0	0.0	0.0	0.0	0.0	0.0	0.0	0.0	0.0
L44V	0.00	0.02	0.00	0.24	0.26	0.04	0.17	0.01	0.10	0.0	0.0	0.0	0.0	0.0	0.0	0.0	0.0	0.0	0.0	0.0	0.0	0.0	0.0	0.0
S51L	0.01	0.04	0.00	0.28	0.18	0.05	0.13	0.11	0.10	0.0	0.0	0.0	0.0	0.0	0.0	0.0	0.0	0.0	0.0	0.0	0.0	0.0	0.0	0.0
I56V	0.01	0.02	0.00	0.25	0.10	0.05	0.08	0.10	0.11	0.0	0.0	0.0	0.0	0.0	0.0	0.0	0.0	0.0	0.0	0.0	0.0	0.0	0.0	0.0
T81I	0.02	0.03	0.03	0.25	0.12	0.12	0.15	0.28	0.02	0.0	0.0	0.0	0.0	0.0	0.0	0.0	0.0	0.0	0.0	0.0	0.0	0.0	0.0	0.0
R99K	0.02	0.08	0.00	0.25	0.16	0.23	0.19	0.02	0.10	0.0	0.0	0.0	0.0	0.0	0.0	0.0	0.0	0.0	0.0	0.0	0.0	0.0	0.0	0.0
S162L	0.00	0.00	0.00	0.23	0.56	0.02	0.28	0.00	0.25	0.0	0.0	0.0	0.0	0.0	0.0	0.0	0.0	0.0	0.0	0.0	0.0	0.0	0.0	0.0
T165S	0.00	0.00	0.00	0.24	0.31	0.04	0.22	0.00	0.34	0.0	0.0	0.0	0.0	0.0	0.0	0.0	0.0	0.0	0.0	0.0	0.0	0.0	0.0	0.0
P188T	0.00	0.00	0.00	0.30	0.27	0.03	0.11	0.00	0.36	0.0	0.0	0.0	0.0	0.0	0.0	0.0	0.0	0.0	0.0	0.0	0.0	0.0	0.0	0.0
A189V	0.00	0.00	0.00	0.26	0.25	0.06	0.11	0.00	0.28	0.0	0.0	0.0	0.0	0.0	0.0	0.0	0.0	0.0	0.0	0.0	0.0	0.0	0.0	0.0
K305Q	0.00	0.00	0.00	0.30	0.29	0.02	0.06	0.00	0.26	0.0	0.0	0.0	0.0	0.0	0.0	0.0	0.0	0.0	0.0	0.0	0.0	0.0	0.0	0.0
I332F	0.00	0.00	0.00	0.21	0.18	0.01	0.16	0.00	0.26	0.0	0.0	0.0	0.0	0.0	0.0	0.0	0.0	0.0	0.0	0.0	0.0	0.0	0.0	0.0
C336R	0.00	0.00	0.00	0.16	0.19	0.01	0.27	0.00	0.56	0.0	0.0	0.0	0.0	0.0	0.0	0.0	0.0	0.0	0.0	0.0	0.0	0.0	0.0	0.0
C336Y	0.00	0.00	0.00	0.18	0.16	0.01	0.18	0.00	0.31	0.0	0.0	0.0	0.0	0.0	0.0	0.0	0.0	0.0	0.0	0.0	0.0	0.0	0.0	0.0
D385Y	0.00	0.00	0.00	0.23	0.23	0.04	0.39	0.01	0.76	0.0	0.0	0.0	0.0	0.0	0.0	0.0	0.0	0.0	0.0	0.0	0.0	0.0	0.0	0.0
S403G	0.00	0.00	0.00	0.26	0.23	0.02	0.09	0.00	0.27	0.0	0.0	0.0	0.0	0.0	0.0	0.0	0.0	0.0	0.0	0.0	0.0	0.0	0.0	0.0
T430S	0.03	0.07	0.02	0.26	0.28	0.04	0.18	0.22	0.11	0.0	0.0	0.0	0.0	0.0	0.0	0.0	0.0	0.0	0.0	0.0	0.0	0.0	0.0	0.0
P454L	0.12	0.10	0.01	0.25	0.28	0.13	0.15	0.16	0.14	0.0	0.0	0.0	0.0	0.0	0.0	0.0	0.0	0.0	0.0	0.0	0.0	0.0	0.0	0.0
T463I	0.07	0.20	0.02	0.24	0.22	0.09	0.23	0.25	0.06	0.0	0.0	0.0	0.0	0.0	0.0	0.0	0.0	0.0	0.0	0.0	0.0	0.0	0.0	0.0
H466R	0.10	0.25	0.02	0.26	0.14	0.09	0.28	0.57	0.10	0.0	0.0	0.0	0.0	0.0	0.0	0.0	0.0	0.0	0.0	0.0	0.0	0.0	0.0	0.0
C469G	0.10	0.21	0.00	0.25	0.27	0.04	0.18	0.41	0.03	0.0	0.0	0.0	0.0	0.0	0.0	0.0	0.0	0.0	0.0	0.0	0.0	0.0	0.0	0.0
N488S	0.27	0.10	0.05	0.25	0.22	0.12	0.27	0.24	0.09	0.0	0.0	0.0	0.0	0.0	0.0	0.0	0.0	0.0	0.0	0.0	0.0	0.0	0.0	0.0
N494S	0.33	0.25	0.15	0.25	0.32	0.13	0.27	0.27	0.09	0.0	0.0	0.0	0.0	0.0	0.0	0.0	0.0	0.0	0.0	0.0	0.0	0.0	0.0	0.0
G505R	0.28	0.09	0.02	0.25	0.24	0.10	0.28	0.23	0.15	0.0	0.0	0.0	0.0	0.0	0.0	0.0	0.0	0.0	0.0	0.0	0.0	0.0	0.0	0.0
Y516F	0.11	0.12	0.00	0.25	0.15	0.09	0.25	0.12	0.20	0.0	0.0	0.0	0.0	0.0	0.0	0.0	0.0	0.0	0.0	0.0	0.0	0.0	0.0	0.0
S551L	0.03	0.02	0.00	0.25	0.46	0.25	0.19	0.01	0.22	0.0	0.0	0.0	0.0	0.0	0.0	0.0	0.0	0.0	0.0	0.0	0.0	0.0	0.0	0.0
M560L	0.00	0.00	0.00	0.23	0.31	0.06	0.02	0.01	0.16	0.0	0.0	0.0	0.0	0.0	0.0	0.0	0.0	0.0	0.0	0.0	0.0	0.0	0.0	0.0
S575N	0.00	0.00	0.00	0.27	0.28	0.02	0.02	0.01	0.10	0.0	0.0	0.0	0.0	0.0	0.0	0.0	0.0	0.0	0.0	0.0	0.0	0.0	0.0	0.0
S578F	0.02	0.00	0.00	0.27	0.33	0.03	0.04	0.01	0.10	0.0	0.0	0.0	0.0	0.0	0.0	0.0	0.0	0.0	0.0	0.0	0.0	0.0	0.0	0.0
Q582R	0.02	0.01	0.00	0.27	0.26	0.02	0.04	0.01	0.14	0.0	0.0	0.0	0.0	0.0	0.0	0.0	0.0	0.0	0.0	0.0	0.0	0.0	0.0	0.0
Q615R	0.10	0.14	0.02	0.26	0.14	0.03	0.26	0.10	0.16	0.0	0.0	0.0	0.0	0.0	0.0	0.0	0.0	0.0	0.0	0.0	0.0	0.0	0.0	0.0
G623R	0.04	0.13	0.02	0.26	0.10	0.02	0.17	0.03	0.17	0.0	0.0	0.0	0.0	0.0	0.0	0.0	0.0	0.0	0.0	0.0	0.0	0.0	0.0	0.0
P654S	0.08	0.13	0.03	0.25	0.29	0.04	0.25	0.06	0.25	0.0	0.0	0.0	0.0	0.0	0.0	0.0	0.0	0.0	0.0	0.0	0.0	0.0	0.0	0.0
E655Q	0.06	0.13	0.02	0.26	0.32	0.04	0.27	0.05	0.26	0.0	0.0	0.0	0.0	0.0	0.0	0.0	0.0	0.0	0.0	0.0	0.0	0.0	0.0	0.0
G656D	0.08	0.18	0.03	0.25	0.26	0.05	0.26	0.09	0.23	0.0	0.0	0.0	0.0	0.0	0.0	0.0	0.0	0.0	0.0	0.0	0.0	0.0	0.0	0.0
P657T	0.06	0.18	0.02	0.25	0.33	0.06	0.24	0.06	0.14	0.0	0.0	0.0	0.0	0.0	0.0	0.0	0.0	0.0	0.0	0.0	0.0	0.0	0.0	0.0
R659G	0.09	0.25	0.02	0.26	0.25	0.09	0.29	0.06	0.16	0.0	0.0	0.0	0.0	0.0	0.0	0.0	0.0	0.0	0.0	0.0	0.0	0.0	0.0	0.0
K684R	0.25	0.12	0.00	0.25	0.21	0.13	0.22	0.19	0.18	0.0	0.0	0.0	0.0	0.0	0.0	0.0	0.0	0.0	0.0	0.0	0.0	0.0	0.0	0.0
L691F	0.28	0.14	0.00	0.18	0.21	0.27	0.28	0.20	0.39	0.0	0.0	0.0	0.0	0.0	0.0	0.0	0.0	0.0	0.0	0.0	0.0	0.0	0.0	0.0
G699R	0.27	0.18	0.07	0.25	0.24	0.27	0.37	0.20	0.14	0.0	0.0	0.0	0.0	0.0	0.0	0.0	0.0	0.0	0.0	0.0	0.0	0.0	0.0	0.0
Q701E	0.26	0.27	0.06	0.25	0.28	0.22	0.25	0.22	0.15	0.0	0.0	0.0	0.0	0.0	0.0	0.0	0.0	0.0	0.0	0.0	0.0	0.0	0.0	0.0
V713G	0.09	0.05	0.00	0.26	0.32	0.05	0.19	0.04	0.13	0.0	0.0	0.0	0.0	0.0	0.0	0.0	0.0	0.0	0.0	0.0	0.0	0.0	0.0	0.0
T734A	0.05	0.04	0.00	0.26	0.18	0.10	0.22	0.06	0.13	0.0	0.0	0.0	0.0	0.0	0.0	0.0	0.0	0.0	0.0	0.0	0.0	0.0	0.0	0.0
C743R	0.04	0.05	0.00	0.26	0.17	0.10	0.22	0.06	0.16	0.0	0.0	0.0	0.0	0.0	0.0	0.0	0.0	0.0	0.0	0.0	0.0	0.0	0.0	0.0
V750I	0.04	0.05	0.00	0.29	0.16	0.07	0.21	0.06	0.16	0.0	0.0	0.0	0.0	0.0	0.0	0.0	0.0	0.0	0.0	0.0	0.0	0.0	0.0	0.0
R751W	0.03	0.06	0.00	0.28	0.18	0.08	0.15	0.03	0.20	0.0	0.0	0.0	0.0	0.0	0.0	0.0	0.0	0.0	0.0	0.0	0.0	0.0	0.0	0.0
Q752R	0.04	0.07	0.00	0.27	0.15	0.06	0.16	0.05	0.21	0.0	0.0	0.0	0.0	0.0	0.0	0.0	0.0	0.0	0.0	0.0	0.0	0.0	0.0	0.0
S760L	0.04	0.29	0.05	0.27	0.14	0.04	0.34	0.07	0.06	0.0	0.0	0.0	0.0	0.0	0.0	0.0	0.0	0.0	0.0	0.0	0.0	0.0	0.0	0.0
