# Variant	Relative_solvent_accessibility	Allosteric_site	Catalytic_site	Altered Secondary_structure	Altered Stability_and_conformational_flexibility	Altered Special_structural_signatures	Altered Macromolecular_binding	Altered Metal_binding	Altered PTM_site	SIFT_score	Polyphen2_HDIV_score	Polyphen2_HVAR_score	PROVEAN_score	REVEL_score	PrimateAI_score	GERP++_RS	phyloP100way_vertebrate	phyloP30way_mammalian	phyloP17way_primate	phastCons100way_vertebrate	phastCons30way_mammalian	phastCons17way_primate	SiPhy_29way_logOdds	bStatistic
T10K	0.16	0.11	0.00	0.28	0.30	0.06	0.31	0.04	0.12	0.001	0.0	0.0	-1.46	0.103	0.515472769737	5.27	1.801000	1.026000	0.549000	0.992000	0.986000	0.985000	15.9612	864
E13K	0.27	0.11	0.00	0.27	0.19	0.09	0.28	0.04	0.54	0.002	0.0	0.0	-0.91	0.105	0.556898415089	5.27	5.444000	1.176000	0.618000	1.000000	1.000000	0.998000	15.9612	864
R18H	0.29	0.08	0.01	0.26	0.19	0.11	0.27	0.44	0.15	0.256	0.0	0.0	-1.17	0.075	0.345537930727	3.54	0.856000	1.176000	0.618000	0.040000	0.263000	0.990000	7.8695	864
S28N	0.09	0.04	0.01	0.25	0.29	0.04	0.30	0.06	0.04	0.0	0.0	0.0	-0.76	0.258	0.636192202568	5.69	5.381000	1.172000	0.672000	1.000000	1.000000	0.975000	20.181	850
W31L	0.05	0.04	0.00	0.25	0.42	0.02	0.28	0.03	0.05	0.0	0.0	0.0	-3.28	0.351	0.663277864456	5.69	7.058000	1.172000	0.672000	1.000000	1.000000	0.998000	20.181	850
W31C	0.05	0.04	0.00	0.25	0.44	0.02	0.43	0.03	0.04	0.0	0.0	0.0	-3.28	0.418	0.658922791481	5.69	7.058000	1.172000	0.672000	1.000000	1.000000	0.999000	20.181	850
S36F	0.03	0.05	0.00	0.25	0.45	0.02	0.35	0.04	0.04	0.024	0.0	0.0	-1.36	0.081	0.493918955326	3.84	2.407000	1.022000	0.596000	0.999000	1.000000	0.997000	16.2943	850
Y42C	0.02	0.02	0.00	0.26	0.23	0.02	0.22	0.02	0.17	0.113	0.0	0.0	-1.32	0.089	0.338256061077	0.279	0.845000	-0.483000	-0.768000	0.997000	0.110000	0.143000	5.1192	850
N56T	0.01	0.00	0.00	0.25	0.26	0.01	0.30	0.02	0.22	1.0	0.0	0.0	-0.58	0.043	0.339488863945	-0.891	-0.146000	-0.691000	-0.785000	0.001000	0.497000	0.524000	0.9832	850
T64I	0.01	0.02	0.00	0.25	0.35	0.02	0.46	0.01	0.19	0.0	0.0	0.0	-1.51	0.210	0.667389273643	5.69	5.269000	1.022000	0.596000	1.000000	0.999000	0.987000	20.181	850
R67T	0.04	0.02	0.00	0.27	0.27	0.04	0.27	0.01	0.25	0.028	0.0	0.0	-1.51	0.184	0.454251110554	5.59	1.647000	1.172000	0.672000	1.000000	0.998000	0.983000	9.5672	850
N72S	0.05	0.02	0.00	0.26	0.32	0.05	0.25	0.03	0.19	0.485	0.0	0.0	-0.67	0.181	0.351541310549	2.57	1.868000	0.259000	-0.208000	0.998000	0.064000	0.378000	6.9806	850
A75P	0.04	0.02	0.00	0.28	0.46	0.05	0.32	0.02	0.13	0.006	0.0	0.0	-1.26	0.324	0.505770564079	5.59	5.001000	1.176000	0.676000	1.000000	0.885000	0.813000	19.9651	850
F81V	0.02	0.02	0.00	0.26	0.20	0.04	0.38	0.02	0.12	0.0	0.0	0.0	-1.77	0.329	0.467562049627	5.69	5.370000	1.138000	0.665000	1.000000	1.000000	0.970000	16.2484	850
N108S	0.07	0.03	0.00	0.26	0.33	0.03	0.12	0.01	0.23	0.055	0.0	0.0	-0.42	0.167	0.316254675388	4.23	0.857000	-0.124000	-0.046000	0.438000	0.076000	0.034000	8.3343	811
L135Q	0.01	0.00	0.00	0.23	0.40	0.02	0.18	0.01	0.04	0.015	0.0	0.0	-1.31	0.095	0.301114201546	2.19	0.709000	1.138000	0.665000	0.039000	0.999000	0.984000	6.6841	811
P153S	0.00	0.01	0.00	0.24	0.25	0.03	0.09	0.04	0.13	0.005	0.0	0.0	-1.82	0.135	0.434658885002	4.07	3.599000	0.858000	0.545000	1.000000	0.978000	0.883000	13.145	805
R155K	0.00	0.01	0.00	0.24	0.29	0.03	0.10	0.03	0.15	0.133	0.0	0.0	-0.66	0.201	0.453591644764	2.23	2.327000	0.105000	-0.190000	1.000000	0.965000	0.850000	8.8195	805
H166L	0.02	0.02	0.00	0.23	0.28	0.02	0.13	0.10	0.11	0.188	0.0	0.0	-2.01	0.197	0.395925819874	3.87	1.263000	1.288000	0.686000	1.000000	0.993000	0.943000	3.6526	805
P168T	0.02	0.02	0.00	0.24	0.28	0.02	0.11	0.09	0.12	0.0	0.0	0.0	-2.02	0.226	0.495357275009	5.04	3.418000	1.008000	0.545000	1.000000	0.947000	0.947000	17.3724	805
G173V	0.03	0.02	0.00	0.24	0.32	0.02	0.11	0.01	0.13	0.002	0.0	0.0	-1.47	0.201	0.400392234325	0.565	1.724000	1.154000	0.672000	1.000000	0.961000	0.643000	0.0	800
S183N	0.07	0.04	0.06	0.25	0.36	0.02	0.14	0.09	0.14	0.0	0.0	0.0	-0.76	0.250	0.580435335636	5.45	6.719000	1.154000	0.672000	1.000000	1.000000	0.982000	19.2691	800
L184V	0.06	0.03	0.07	0.25	0.26	0.02	0.14	0.08	0.11	0.0	0.0	0.0	-0.76	0.144	0.584194421768	3.6	1.102000	1.008000	0.596000	1.000000	0.999000	0.962000	9.1804	800
E187K	0.07	0.03	0.06	0.26	0.26	0.02	0.15	0.08	0.22	0.0	0.0	0.0	-1.01	0.174	0.742033600807	5.45	6.719000	1.154000	0.672000	1.000000	0.999000	0.918000	19.2691	800
D189G	0.03	0.04	0.02	0.25	0.29	0.03	0.18	0.07	0.05	0.0	0.0	0.0	-1.77	0.259	0.640619158745	5.45	6.267000	1.288000	0.751000	1.000000	0.996000	0.965000	15.5	800
D191V	0.03	0.04	0.02	0.25	0.40	0.03	0.18	0.07	0.05	0.0	0.0	0.0	-2.27	0.358	0.588398516178	5.45	6.267000	1.288000	0.751000	1.000000	0.999000	0.990000	15.5	800
S196N	0.03	0.05	0.02	0.24	0.36	0.04	0.18	0.09	0.13	0.0	0.0	0.0	-0.76	0.239	0.724072873592	5.45	6.719000	1.154000	0.672000	1.000000	0.999000	0.997000	19.2691	800
S196I	0.03	0.04	0.02	0.24	0.48	0.03	0.21	0.07	0.12	0.0	0.0	0.0	-1.51	0.277	0.705006718636	5.45	6.719000	1.154000	0.672000	1.000000	0.999000	0.997000	19.2691	800
T207A	0.02	0.03	0.00	0.23	0.30	0.10	0.14	0.05	0.13	0.0	0.0	0.0	-1.26	0.225	0.596751928329	5.65	6.267000	1.288000	0.751000	1.000000	1.000000	0.999000	15.866	799
V208G	0.03	0.03	0.01	0.23	1.00	0.11	0.14	0.06	0.13	0.0	0.0	0.0	-1.77	0.295	0.51887178421	5.65	3.773000	1.118000	0.661000	1.000000	1.000000	0.999000	15.866	799
F221L	0.07	0.02	0.00	0.26	0.26	0.13	0.15	0.26	0.11	0.044	0.0	0.0	-0.99	0.179	0.513550400734	4.12	1.261000	0.132000	0.665000	0.749000	0.677000	0.994000	9.7166	788
A227V	0.07	0.04	0.00	0.26	0.26	0.05	0.14	0.26	0.13	0.094	0.0	0.0	-0.56	0.181	0.254360854626	-1.23	0.381000	1.013000	0.549000	0.452000	0.997000	0.999000	3.0854	788
N235K	0.02	0.06	0.00	0.27	0.29	0.02	0.20	0.10	0.33	0.057	0.0	0.0	-1.13	0.140	0.366587162018	0.145	-0.424000	-0.269000	-1.115000	0.116000	0.595000	0.549000	3.3281	782
N289H	0.12	0.05	0.00	0.25	0.23	0.04	0.25	0.17	0.12	0.002	0.0	0.0	-1.15	0.086	0.269711941481	1.73	0.498000	0.255000	0.733000	0.239000	0.094000	0.793000	1.7973	776
V290G	0.11	0.05	0.00	0.27	0.32	0.04	0.27	0.09	0.12	0.001	0.0	0.0	-1.26	0.200	0.261507451534	-2.5	-0.041000	-0.610000	-0.153000	0.000000	0.059000	0.742000	6.7515	776
T302N	0.11	0.02	0.00	0.25	0.27	0.04	0.20	0.13	0.13	0.01	0.0	0.0	-0.92	0.180	0.268721729517	0.425	0.109000	-0.605000	-0.224000	0.270000	0.752000	0.809000	4.7506	776
L310V	0.02	0.02	0.00	0.26	0.27	0.02	0.20	0.02	0.15	0.09	0.0	0.0	-0.53	0.176	0.250752866268	-1.9	-0.299000	0.190000	-0.142000	0.001000	0.990000	0.802000	2.0998	776
S326N	0.01	0.02	0.00	0.27	0.20	0.02	0.26	0.00	0.18	0.343	0.0	0.0	-0.3	0.241	0.298337519169	-3.02	0.181000	-1.133000	-1.015000	0.000000	0.001000	0.004000	8.803	776
S326R	0.01	0.02	0.00	0.30	0.20	0.03	0.45	0.00	0.19	0.048	0.0	0.0	-0.74	0.254	0.304564774036	-2.86	-0.476000	-0.277000	-1.022000	0.000000	0.024000	0.008000	1.44	776
H334Q	0.02	0.02	0.00	0.27	0.19	0.05	0.31	0.03	0.15	0.149	0.0	0.0	-0.98	0.298	0.268780469894	1.89	2.418000	1.122000	0.645000	0.787000	0.032000	0.093000	4.6482	776
A336T	0.03	0.01	0.00	0.27	0.19	0.03	0.26	0.03	0.13	1.0	0.0	0.0	0.29	0.325	0.270740866661	1.68	0.650000	0.105000	-0.274000	0.113000	0.067000	0.129000	7.3854	776
K345R	0.03	0.01	0.00	0.26	0.25	0.02	0.09	0.03	0.12	0.412	0.0	0.0	-0.38	0.218	0.267167329788	3.91	0.021000	0.310000	0.733000	0.000000	0.871000	0.165000	7.1826	776
P365L	0.02	0.01	0.00	0.26	0.29	0.03	0.27	0.02	0.21	0.012	0.0	0.0	-2.09	0.147	0.305326282978	3.35	0.127000	0.119000	-0.202000	0.008000	0.706000	0.389000	9.0728	776
N372H	0.05	0.02	0.00	0.25	0.21	0.03	0.31	0.03	0.18	0.139	0.0	0.0	-0.6	0.041	0.250399887562	0.396	0.320000	-0.098000	-0.069000	0.000000	0.015000	0.709000	5.256	776
P375S	0.07	0.03	0.00	0.27	0.21	0.03	0.29	0.02	0.35	0.155	0.0	0.0	-1.71	0.211	0.222428798676	3.83	0.121000	0.115000	-0.200000	0.000000	0.638000	0.935000	5.7252	776
E377K	0.05	0.02	0.00	0.26	0.23	0.03	0.28	0.02	0.24	0.311	0.0	0.0	-0.46	0.256	0.271098732948	3.8	3.492000	0.149000	0.656000	0.584000	0.406000	0.973000	8.3077	776
E377D	0.05	0.02	0.00	0.25	0.25	0.03	0.25	0.03	0.22	0.9	0.0	0.0	-0.3	0.197	0.266365617514	1.88	0.665000	0.157000	0.656000	0.445000	0.238000	0.973000	2.7473	776
K382N	0.06	0.02	0.00	0.27	0.29	0.04	0.19	0.02	0.20	0.018	0.0	0.0	-0.73	0.188	0.239903613925	-0.994	-0.073000	1.292000	0.733000	0.000000	0.905000	0.990000	5.4017	776
S384F	0.02	0.02	0.00	0.25	0.45	0.03	0.19	0.01	0.21	0.012	0.0	0.0	-1.15	0.228	0.292632997036	3.52	1.269000	0.078000	0.581000	0.006000	0.935000	0.977000	6.4625	776
L400P	0.00	0.05	0.00	0.26	0.23	0.01	0.19	0.01	0.05	0.056	0.0	0.0	-1.44	0.259	0.334820687771	0.335	1.288000	1.032000	0.645000	0.004000	0.012000	0.738000	8.322	776
C419R	0.00	0.02	0.01	0.24	0.37	0.02	0.23	0.05	0.17	0.059	0.0	0.0	-2.23	0.187	0.244416773319	3.76	-0.050000	0.200000	0.665000	0.000000	0.649000	0.819000	7.0344	776
E443D	0.00	0.02	0.00	0.26	0.19	0.02	0.24	0.01	0.30	0.141	0.0	0.0	-0.53	0.183	0.350592494011	1.21	1.145000	0.289000	-0.116000	0.886000	0.986000	0.973000	4.5808	776
P447L	0.00	0.02	0.00	0.27	0.19	0.17	0.41	0.00	0.32	0.001	0.0	0.0	-1.94	0.211	0.325478971004	3.13	1.491000	1.026000	0.599000	0.004000	0.412000	0.430000	7.331	776
S451N	0.00	0.01	0.00	0.25	0.23	0.02	0.24	0.01	0.32	0.104	0.0	0.0	-0.43	0.209	0.250508189201	1.18	-0.259000	-1.857000	-0.722000	0.000000	0.002000	0.029000	7.9471	775
L452I	0.00	0.01	0.00	0.26	0.24	0.02	0.26	0.01	0.23	0.135	0.0	0.0	-0.33	0.225	0.23697412014	-4.7	-1.473000	-0.842000	-0.951000	0.000000	0.003000	0.032000	0.0056	775
E462G	0.00	0.02	0.00	0.25	0.33	0.03	0.08	0.01	0.18	0.067	0.0	0.0	-1.01	0.129	0.25719293952	5.3	1.217000	1.312000	0.756000	0.002000	0.145000	0.215000	13.266	775
A495P	0.01	0.02	0.00	0.27	0.31	0.02	0.17	0.02	0.19	0.013	0.0	0.0	-0.88	0.172	0.228020340204	1.46	-0.566000	1.176000	0.676000	0.000000	0.004000	0.003000	4.0387	770
S504C	0.01	0.02	0.00	0.28	0.39	0.02	0.37	0.01	0.12	0.008	0.0	0.0	-1.02	0.117	0.275644093752	3.63	1.119000	1.026000	0.599000	0.025000	0.971000	0.770000	9.0283	770
K513R	0.02	0.02	0.00	0.25	0.27	0.02	0.28	0.02	0.22	0.002	0.0	0.0	-0.38	0.191	0.217869028449	2.75	3.776000	1.312000	0.756000	0.990000	0.914000	0.886000	3.0078	770
T515I	0.02	0.03	0.00	0.25	0.39	0.02	0.31	0.01	0.20	0.068	0.0	0.0	-1.27	0.179	0.25051215291	3.52	0.684000	-0.238000	0.599000	0.003000	0.286000	0.747000	7.505	770
S519G	0.00	0.02	0.00	0.25	0.33	0.02	0.13	0.06	0.15	0.185	0.0	0.0	-0.48	0.229	0.230581790209	2.33	-0.282000	-0.349000	-0.208000	0.000000	0.002000	0.004000	3.8397	770
T525S	0.01	0.02	0.00	0.25	0.20	0.02	0.13	0.06	0.20	0.106	0.0	0.0	-0.61	0.256	0.268614202738	-1.1	0.074000	-0.850000	-0.935000	0.000000	0.002000	0.003000	2.1039	770
N528S	0.01	0.01	0.00	0.25	0.21	0.02	0.07	0.06	0.22	0.301	0.0	0.0	-0.64	0.139	0.249616205692	0.336	1.233000	-0.115000	-0.050000	0.001000	0.001000	0.002000	5.3984	770
K531E	0.01	0.00	0.00	0.26	0.23	0.02	0.07	0.02	0.23	1.0	0.0	0.0	0.27	0.394	0.211626589298	0.723	0.947000	-0.747000	-0.137000	0.923000	0.023000	0.019000	8.0029	770
I542T	0.00	0.01	0.00	0.26	0.46	0.02	0.06	0.03	0.08	0.988	0.0	0.0	-0.49	0.311	0.333309233189	-3.64	-0.160000	0.166000	0.665000	0.000000	0.047000	0.023000	0.8667	770
H543Y	0.00	0.02	0.00	0.28	0.40	0.02	0.16	0.04	0.15	0.399	0.0	0.0	-0.91	0.259	0.240501716733	-2.73	-1.386000	-0.325000	-0.313000	0.000000	0.023000	0.016000	0.3829	770
K549E	0.00	0.01	0.00	0.25	0.23	0.04	0.11	0.03	0.08	0.003	0.0	0.0	-0.77	0.133	0.277034461498	5.5	0.435000	1.312000	0.756000	0.000000	0.231000	0.033000	13.2859	770
C554W	0.01	0.01	0.00	0.25	0.23	0.14	0.27	0.05	0.07	0.0	0.0	0.0	-2.35	0.212	0.328137814999	4.32	0.744000	1.138000	0.665000	0.001000	0.282000	0.131000	7.3262	770
A565V	0.07	0.04	0.00	0.27	0.18	0.11	0.21	0.03	0.13	0.098	0.0	0.0	-0.66	0.211	0.236801549792	3.78	0.212000	1.026000	0.599000	0.000000	0.004000	0.003000	8.8428	770
V572L	0.07	0.04	0.00	0.28	0.18	0.12	0.21	0.03	0.16	0.047	0.0	0.0	-0.53	0.147	0.316433727741	4.51	1.356000	1.176000	0.676000	0.047000	0.042000	0.021000	10.3573	770
S581F	0.14	0.07	0.00	0.25	0.25	0.07	0.30	0.04	0.22	0.0	0.0	0.0	-1.5	0.147	0.397643923759	5.5	4.537000	1.026000	0.599000	1.000000	0.988000	0.984000	16.9189	770
T582P	0.14	0.08	0.00	0.27	0.25	0.09	0.26	0.05	0.21	0.011	0.0	0.0	-1.23	0.252	0.306151330471	2.84	2.760000	1.312000	0.756000	0.980000	0.982000	0.989000	7.4253	770
T587R	0.14	0.13	0.00	0.26	0.23	0.09	0.33	0.06	0.21	0.298	0.0	0.0	-0.75	0.169	0.409367620945	1.09	1.049000	0.074000	0.599000	0.919000	0.998000	0.994000	4.3701	770
I594L	0.07	0.14	0.00	0.26	0.23	0.07	0.31	0.28	0.17	0.009	0.0	0.0	-0.51	0.119	0.350587904453	-5.34	-0.734000	0.324000	0.756000	0.027000	0.997000	0.995000	15.4983	770
I594V	0.07	0.15	0.00	0.26	0.32	0.08	0.36	0.26	0.17	1.0	0.0	0.0	0.01	0.209	0.313221871853	-5.34	-0.734000	0.324000	0.756000	0.027000	0.997000	0.995000	15.4983	770
H595R	0.06	0.11	0.00	0.26	0.23	0.06	0.28	0.42	0.18	0.118	0.0	0.0	-0.02	0.275	0.245645806193	-4.6	0.447000	-0.375000	-0.551000	0.994000	0.987000	0.972000	12.218	770
G602R	0.06	0.07	0.00	0.28	0.26	0.06	0.24	0.16	0.14	0.132	0.0	0.0	-1.18	0.165	0.271713882685	3.64	2.464000	1.176000	0.676000	0.987000	0.987000	0.996000	9.7051	770
N623D	0.05	0.02	0.00	0.25	0.22	0.01	0.15	0.02	0.07	0.235	0.0	0.0	-0.52	0.068	0.241267323494	-1.99	0.304000	1.312000	0.756000	0.003000	0.891000	0.117000	9.9154	770
T630I	0.05	0.02	0.00	0.24	0.31	0.02	0.21	0.01	0.04	0.012	0.0	0.0	-1.07	0.161	0.250546664	-0.115	-0.636000	-0.232000	-0.842000	0.000000	0.019000	0.015000	1.6343	770
A632G	0.03	0.01	0.00	0.25	0.26	0.02	0.15	0.01	0.11	0.004	0.0	0.0	-0.7	0.141	0.23460611701	2.67	-0.111000	0.130000	-0.176000	0.000000	0.215000	0.024000	3.5649	770
S646R	0.01	0.02	0.00	0.26	0.32	0.04	0.21	0.01	0.22	0.528	0.0	0.0	-0.34	0.303	0.237890094519	1.43	0.569000	0.232000	0.691000	0.207000	0.347000	0.648000	6.1055	755
P655R	0.00	0.01	0.00	0.26	0.25	0.03	0.28	0.01	0.28	0.003	0.0	0.0	-1.3	0.150	0.239080458879	1.27	0.212000	1.026000	0.549000	0.000000	0.587000	0.990000	4.9044	755
R668K	0.00	0.00	0.00	0.25	0.28	0.02	0.20	0.01	0.16	0.057	0.0	0.0	-1.27	0.273	0.316656410694	2.03	0.735000	0.988000	0.597000	0.138000	0.016000	0.279000	4.2272	755
T675R	0.00	0.02	0.00	0.30	0.28	0.02	0.20	0.02	0.18	0.15	0.0	0.0	-1.34	0.197	0.307343184948	-4.14	-0.248000	-1.452000	-0.416000	0.011000	0.000000	0.020000	1.5516	755
A691V	0.06	0.03	0.00	0.27	0.29	0.02	0.19	0.03	0.24	0.104	0.0	0.0	-2.37	0.182	0.239842817187	-0.619	-0.454000	0.093000	0.531000	0.023000	0.976000	0.976000	2.19	755
V733I	0.02	0.02	0.00	0.25	0.29	0.04	0.35	0.13	0.23	0.267	0.0	0.0	-0.56	0.138	0.265288114548	0.536	0.641000	-0.134000	-0.883000	0.002000	0.104000	0.028000	4.2404	755
A736T	0.02	0.02	0.00	0.28	0.26	0.03	0.14	0.15	0.04	0.249	0.0	0.0	-1.83	0.116	0.200883209705	-7.2	-1.469000	-2.070000	-1.641000	0.000000	0.000000	0.003000	6.1146	755
S755C	0.04	0.05	0.00	0.25	0.33	0.05	0.21	0.04	0.11	0.008	0.0	0.0	-3.59	0.311	0.302869439125	0.695	0.075000	1.011000	0.531000	0.000000	0.003000	0.010000	4.9731	755
E764Q	0.00	0.04	0.00	0.24	0.21	0.05	0.20	0.11	0.15	0.157	0.0	0.0	-1.44	0.167	0.221076130867	0.951	0.223000	-0.117000	0.597000	0.000000	0.001000	0.306000	2.366	755
T772I	0.00	0.03	0.00	0.24	0.19	0.02	0.21	0.02	0.23	0.005	0.0	0.0	-4.69	0.354	0.336841881275	4.56	0.733000	0.951000	0.434000	0.002000	0.366000	0.214000	9.179	755
N781K	0.00	0.01	0.00	0.25	0.26	0.02	0.16	0.01	0.21	0.352	0.0	0.0	-3.73	0.112	0.28562361002	-3.44	-0.407000	-0.360000	-0.435000	0.000000	0.002000	0.002000	1.416	755
V783G	0.00	0.02	0.00	0.26	1.00	0.02	0.13	0.01	0.13	0.022	0.0	0.0	-4.57	0.266	0.281813919544	-6.67	-0.634000	0.109000	0.543000	0.000000	0.001000	0.008000	1.3235	755
M784V	0.00	0.04	0.00	0.25	0.31	0.02	0.13	0.01	0.14	1.0	0.0	0.0	1.09	0.202	0.237474858761	-5.51	-1.173000	-0.532000	-0.353000	0.000000	0.004000	0.017000	15.1857	755
G788D	0.00	0.03	0.00	0.27	0.31	0.02	0.14	0.01	0.21	0.19	0.0	0.0	-2.36	0.250	0.258351951838	-11.2	-1.469000	-0.997000	-0.194000	0.001000	0.014000	0.009000	2.8502	755
S795A	0.06	0.02	0.00	0.25	0.42	0.02	0.11	0.01	0.21	0.065	0.0	0.0	-2.07	0.237	0.321451067924	1.07	0.428000	0.189000	0.588000	0.452000	0.580000	0.090000	5.1582	755
N801D	0.06	0.03	0.00	0.25	0.25	0.01	0.15	0.04	0.23	0.001	0.0	0.0	-1.1	0.109	0.318957716227	-0.121	-0.282000	0.310000	0.667000	0.000000	0.028000	0.011000	2.2344	755
D806H	0.06	0.02	0.00	0.25	0.35	0.03	0.18	0.03	0.24	0.017	0.0	0.0	-2.05	0.289	0.244796946645	1.3	0.659000	-0.112000	0.597000	0.000000	0.006000	0.009000	9.5882	755
T810A	0.04	0.01	0.00	0.26	0.26	0.03	0.18	0.02	0.18	0.188	0.0	0.0	-2.81	0.134	0.325499534607	1.55	1.714000	1.292000	0.667000	0.222000	0.869000	0.241000	6.2253	755
L824S	0.02	0.03	0.00	0.26	0.41	0.02	0.12	0.04	0.18	0.036	0.0	0.0	-5.03	0.261	0.335355877876	4.39	0.526000	0.195000	-0.185000	0.009000	0.454000	0.015000	3.954	755
V842L	0.00	0.02	0.00	0.25	0.26	0.03	0.13	0.01	0.22	0.145	0.0	0.0	-1.62	0.033	0.27059084177	-1.4	0.049000	0.110000	0.347000	0.000000	0.006000	0.006000	2.4713	755
Q853R	0.03	0.01	0.00	0.26	0.25	0.06	0.28	0.01	0.15	0.056	0.0	0.0	-2.33	0.127	0.255242109299	4.03	1.113000	1.292000	0.667000	0.017000	0.943000	0.281000	9.4624	755
K862R	0.05	0.00	0.00	0.25	0.26	0.07	0.21	0.05	0.13	0.225	0.0	0.0	-1.96	0.159	0.274805873632	3.21	1.446000	1.213000	0.542000	0.004000	0.296000	0.362000	3.6047	755
Q864L	0.10	0.00	0.00	0.25	0.44	0.07	0.22	0.05	0.10	0.008	0.0	0.0	-5.78	0.172	0.225693956017	3.27	2.012000	0.301000	0.667000	0.776000	0.072000	0.614000	4.348	755
V894I	0.15	0.06	0.00	0.26	0.19	0.12	0.25	0.07	0.13	0.829	0.0	0.0	-0.11	0.060	0.288993090391	-0.979	0.093000	0.037000	0.597000	0.000000	0.394000	0.695000	11.537	755
N900H	0.13	0.06	0.00	0.27	0.20	0.12	0.25	0.12	0.13	0.127	0.0	0.0	-2.11	0.081	0.299536347389	3.52	0.473000	1.292000	0.667000	0.000000	0.025000	0.079000	9.2395	755
H910R	0.05	0.03	0.00	0.28	0.18	0.03	0.12	0.09	0.08	0.13	0.0	0.0	-4.07	0.175	0.314486086369	0.229	0.046000	-0.090000	-0.928000	0.000000	0.022000	0.380000	2.3117	755
L929S	0.15	0.06	0.00	0.25	0.43	0.05	0.21	0.06	0.22	0.132	0.0	0.0	-1.8	0.108	0.267262011766	-1.7	-0.280000	-0.157000	-0.219000	0.000000	0.019000	0.012000	11.412	754
Y930C	0.13	0.06	0.00	0.27	0.22	0.04	0.17	0.07	0.33	0.18	0.0	0.0	-0.81	0.038	0.233703762293	-6.79	-1.491000	-0.097000	-0.217000	0.000000	0.007000	0.005000	1.8752	754
K945N	0.10	0.07	0.00	0.27	0.15	0.04	0.16	0.02	0.29	0.026	0.0	0.0	-2.29	0.073	0.289673775434	0.654	0.160000	-0.048000	0.667000	0.007000	0.010000	0.230000	8.6469	754
D946V	0.05	0.07	0.00	0.26	0.14	0.03	0.16	0.01	0.34	0.0	0.0	0.0	-6.75	0.216	0.292828261852	-2.85	0.252000	0.308000	0.667000	0.001000	0.009000	0.250000	3.0392	754
D946E	0.05	0.07	0.00	0.26	0.14	0.03	0.14	0.01	0.27	0.172	0.0	0.0	-2.81	0.081	0.308425009251	0.86	-0.363000	-0.186000	-0.271000	0.000000	0.006000	0.249000	5.0084	754
V950D	0.11	0.07	0.00	0.25	0.24	0.03	0.14	0.02	0.29	1.0	0.0	0.0	5.71	0.087	0.275636136532	-2.67	0.241000	-0.984000	-0.800000	0.001000	0.000000	0.006000	5.1039	754
H962Y	0.02	0.03	0.00	0.26	0.23	0.02	0.17	0.04	0.28	0.222	0.0	0.0	-3.14	0.150	0.361063301563	-1.01	-0.167000	1.011000	0.531000	0.000000	0.713000	0.891000	4.1003	754
K972R	0.02	0.02	0.00	0.25	0.19	0.03	0.25	0.01	0.19	0.021	0.0	0.0	-2.33	0.179	0.33084666729	5.83	1.279000	1.292000	0.667000	0.001000	0.004000	0.075000	10.26	754
I975F	0.04	0.03	0.00	0.26	0.18	0.07	0.30	0.02	0.16	0.109	0.0	0.0	-2.38	0.186	0.265338122845	-3.56	0.022000	-0.127000	-0.115000	0.000000	0.000000	0.024000	1.2808	754
I975T	0.05	0.02	0.00	0.26	0.28	0.07	0.38	0.02	0.17	0.112	0.0	0.0	-2.04	0.088	0.286338150501	-2.48	-0.356000	-0.160000	-0.210000	0.000000	0.000000	0.033000	1.247	754
S976F	0.04	0.03	0.00	0.27	0.21	0.13	0.35	0.02	0.16	0.029	0.0	0.0	-4.1	0.134	0.324265182018	3.56	0.756000	0.963000	0.496000	0.008000	0.034000	0.138000	8.1167	754
N987I	0.07	0.06	0.00	0.25	0.26	0.08	0.41	0.03	0.26	0.007	0.0	0.0	-6.11	0.147	0.298711150885	1.78	0.799000	-0.212000	0.733000	0.000000	0.003000	0.451000	4.9597	754
N991D	0.04	0.12	0.00	0.26	0.21	0.08	0.28	0.03	0.27	1.0	0.0	0.0	2.13	0.040	0.268103867769	3.08	-0.040000	-0.140000	-0.122000	0.000000	0.001000	0.158000	5.1551	754
A994V	0.04	0.14	0.00	0.24	0.15	0.08	0.27	0.02	0.26	0.086	0.0	0.0	-2.69	0.102	0.230659067631	3.22	0.737000	0.119000	-0.224000	0.003000	0.012000	0.073000	11.5816	754
H1003D	0.07	0.06	0.00	0.26	0.23	0.06	0.17	0.07	0.12	0.081	0.0	0.0	-6.54	0.379	0.309176743031	2.59	-0.102000	-0.292000	0.581000	0.000000	0.002000	0.399000	5.0337	754
S1004G	0.06	0.11	0.00	0.25	0.25	0.06	0.17	0.05	0.11	0.011	0.0	0.0	-2.8	0.264	0.235895961523	4.71	0.721000	1.292000	0.733000	0.000000	0.001000	0.152000	10.3284	754
L1019V	0.18	0.09	0.00	0.26	0.26	0.09	0.25	0.17	0.22	0.141	0.0	0.0	-1.73	0.231	0.277325689793	3.07	0.344000	-0.269000	-1.095000	0.991000	0.986000	0.945000	3.1388	754
I1024V	0.21	0.17	0.00	0.25	0.25	0.10	0.22	0.16	0.20	0.218	0.0	0.0	-0.65	0.375	0.323077559471	0.809	0.094000	0.310000	0.733000	0.007000	0.928000	0.971000	5.1187	754
A1052T	0.00	0.02	0.00	0.26	0.26	0.15	0.27	0.01	0.13	0.258	0.0	0.0	-0.26	0.139	0.234274491668	-6.94	-0.576000	-0.422000	0.656000	0.000000	0.007000	0.490000	1.588	754
A1052V	0.00	0.02	0.00	0.26	0.25	0.13	0.26	0.01	0.13	0.114	0.0	0.0	-1.77	0.210	0.237981945276	0.156	0.117000	-0.283000	-0.247000	0.000000	0.002000	0.214000	4.5235	754
N1055K	0.00	0.02	0.00	0.27	0.28	0.13	0.25	0.01	0.18	0.194	0.0	0.0	-4.22	0.153	0.376929312944	2.57	0.730000	0.189000	0.645000	0.014000	0.137000	0.227000	1.9861	754
S1069F	0.00	0.02	0.00	0.27	0.34	0.13	0.21	0.11	0.17	0.001	0.0	0.0	-5.26	0.147	0.334457993507	4.6	2.102000	1.011000	0.581000	0.011000	0.317000	0.358000	15.3647	754
H1071R	0.00	0.01	0.00	0.26	0.25	0.03	0.10	0.10	0.24	0.258	0.0	0.0	-2.32	0.172	0.273149877787	-5.7	-1.420000	-0.138000	-0.085000	0.000000	0.000000	0.011000	2.5927	749
V1076I	0.00	0.00	0.00	0.27	0.29	0.02	0.09	0.10	0.06	0.58	0.0	0.0	-0.69	0.033	0.227270051837	-4.3	-0.472000	-1.205000	-0.883000	0.000000	0.000000	0.018000	3.4978	749
C1081Y	0.00	0.01	0.00	0.26	0.33	0.01	0.13	0.07	0.16	0.031	0.0	0.0	-2.94	0.172	0.265466749668	0.939	-0.075000	0.079000	-0.176000	0.010000	0.099000	0.078000	3.775	749
N1102Y	0.02	0.04	0.00	0.25	0.48	0.02	0.15	0.03	0.24	0.01	0.0	0.0	-6.13	0.128	0.403960585594	4.5	2.087000	1.292000	0.733000	0.503000	0.950000	0.969000	6.8893	749
S1106R	0.03	0.04	0.00	0.24	0.36	0.02	0.14	0.03	0.16	0.0	0.0	0.0	-4.78	0.247	0.588716745377	4.03	1.801000	0.115000	0.581000	1.000000	1.000000	1.000000	12.5059	749
E1110G	0.04	0.03	0.00	0.25	0.36	0.02	0.14	0.03	0.16	0.0	0.0	0.0	-6.69	0.407	0.562190830708	5.75	6.880000	1.292000	0.733000	1.000000	1.000000	1.000000	16.0663	749
P1133S	0.03	0.03	0.00	0.25	0.29	0.01	0.23	0.02	0.10	0.018	0.0	0.0	-5.76	0.163	0.309009969234	4.9	2.043000	1.011000	0.581000	1.000000	0.981000	0.878000	14.4665	749
I1136V	0.02	0.03	0.00	0.26	0.24	0.02	0.24	0.01	0.12	0.278	0.0	0.0	-0.43	0.251	0.248787239194	1.85	-0.614000	1.292000	0.733000	0.000000	0.178000	0.301000	1.5752	749
E1146V	0.04	0.03	0.02	0.25	0.20	0.07	0.20	0.06	0.06	0.061	0.0	0.0	-3.75	0.105	0.237898737192	-1.31	-0.254000	-0.102000	-0.185000	0.000000	0.834000	0.451000	5.9879	749
C1159G	0.08	0.03	0.02	0.25	0.26	0.08	0.15	0.07	0.08	0.249	0.0	0.0	-1.17	0.208	0.204191148281	-3.49	-0.729000	-0.183000	-0.842000	0.000000	0.028000	0.002000	2.1062	749
S1172L	0.02	0.02	0.00	0.24	0.23	0.02	0.18	0.02	0.15	0.035	0.0	0.0	-4.89	0.180	0.294875323772	4.55	0.725000	1.011000	0.581000	0.001000	0.009000	0.017000	7.9248	749
R1190W	0.08	0.02	0.00	0.27	0.17	0.19	0.19	0.01	0.15	0.0	0.0	0.0	-3.11	0.205	0.239278763533	5.99	2.646000	1.011000	0.581000	0.997000	0.033000	0.320000	9.4215	749
G1194D	0.10	0.02	0.00	0.26	0.18	0.17	0.16	0.05	0.15	0.334	0.0	0.0	-0.48	0.237	0.244166389108	-2.17	-0.377000	-0.522000	-0.874000	0.000000	0.000000	0.051000	5.8165	749
N1228D	0.06	0.05	0.00	0.27	0.17	0.04	0.15	0.05	0.11	0.026	0.0	0.0	-3.61	0.440	0.305007368326	3.36	1.458000	1.292000	0.733000	0.420000	0.013000	0.688000	8.2374	749
A1253V	0.08	0.01	0.00	0.26	0.30	0.04	0.15	0.03	0.11	0.32	0.0	0.0	-1.7	0.237	0.224802449346	-0.395	0.529000	-0.928000	-0.224000	0.000000	0.311000	0.876000	1.99	749
S1259R	0.00	0.00	0.00	0.29	0.39	0.02	0.07	0.02	0.17	0.085	0.0	0.0	-3.45	0.174	0.268839210272	2.86	0.848000	0.310000	0.733000	0.001000	0.926000	0.991000	7.6893	749
C1265S	0.00	0.00	0.00	0.25	0.48	0.02	0.06	0.02	0.17	0.308	0.0	0.0	-6.3	0.232	0.292506277561	0.217	-0.315000	0.189000	0.645000	0.000000	0.056000	0.536000	3.9184	749
E1276K	0.01	0.01	0.00	0.26	0.27	0.02	0.21	0.05	0.15	0.419	0.0	0.0	-2.4	0.225	0.3764950037	3.96	0.510000	0.232000	0.656000	0.008000	0.509000	0.704000	2.6667	749
D1280V	0.03	0.01	0.00	0.27	0.37	0.05	0.19	0.05	0.16	0.001	0.0	0.0	-5.63	0.164	0.304157912731	3.06	0.245000	0.298000	0.733000	0.000000	0.004000	0.147000	2.8319	749
V1283A	0.03	0.01	0.00	0.26	0.28	0.11	0.16	0.05	0.18	0.101	0.0	0.0	-1.9	0.135	0.308862447739	3.24	0.506000	1.055000	0.601000	0.000000	0.007000	0.023000	1.6844	749
S1284R	0.04	0.01	0.00	0.27	0.33	0.08	0.16	0.05	0.16	0.131	0.0	0.0	-1.48	0.230	0.308366954327	1.77	0.991000	1.055000	0.601000	0.043000	0.023000	0.032000	0.6581	749
C1290Y	0.04	0.01	0.00	0.27	0.28	0.11	0.41	0.03	0.19	0.124	0.0	0.0	-8.21	0.209	0.531991958618	2.52	0.180000	0.208000	0.656000	0.005000	0.059000	0.041000	8.0936	749
I1293L	0.04	0.01	0.00	0.25	0.27	0.08	0.22	0.02	0.08	0.191	0.0	0.0	-1.19	0.110	0.356756269932	0.306	0.542000	0.306000	-0.072000	0.000000	0.002000	0.005000	9.0678	749
M1300I	0.03	0.01	0.00	0.25	0.24	0.09	0.25	0.03	0.04	0.196	0.0	0.0	-2.57	0.208	0.37101277709	1.48	-0.175000	1.158000	0.656000	0.000000	0.990000	0.780000	3.9246	749
V1306I	0.04	0.01	0.00	0.26	0.27	0.08	0.42	0.05	0.05	0.019	0.0	0.0	-0.91	0.100	0.362170606852	2.02	2.014000	0.217000	-0.126000	0.783000	0.461000	0.270000	4.0029	749
T1317S	0.01	0.01	0.00	0.25	0.27	0.02	0.14	0.02	0.26	0.181	0.0	0.0	-2.11	0.206	0.270484298468	-0.0856	0.815000	0.254000	0.733000	0.000000	0.628000	0.952000	4.0803	748
E1320K	0.00	0.01	0.00	0.32	0.25	0.02	0.14	0.01	0.27	0.588	0.0	0.0	-0.87	0.285	0.270958185196	-2.46	-0.026000	1.158000	0.656000	0.000000	0.660000	0.948000	3.7908	748
N1322T	0.00	0.01	0.00	0.26	0.26	0.02	0.15	0.01	0.25	0.009	0.0	0.0	-3.89	0.198	0.325543761253	0.94	1.059000	0.104000	0.733000	0.034000	0.187000	0.790000	5.3878	748
H1332D	0.01	0.00	0.00	0.25	0.23	0.03	0.14	0.01	0.38	0.219	0.0	0.0	-0.61	0.299	0.192682042718	-0.395	-0.182000	0.060000	-0.206000	0.000000	0.115000	0.042000	0.2365	748
H1332R	0.00	0.00	0.00	0.24	0.20	0.02	0.16	0.01	0.30	0.355	0.0	0.0	-0.31	0.135	0.191628068686	-0.0419	-0.733000	-1.497000	-0.793000	0.000000	0.093000	0.039000	9.7343	748
I1349T	0.00	0.03	0.00	0.25	1.00	0.03	0.20	0.04	0.19	0.017	0.0	0.0	-3.44	0.165	0.335933238268	3.35	-0.328000	0.193000	0.645000	0.000000	0.956000	0.848000	6.1012	748
T1354M	0.00	0.03	0.00	0.26	0.20	0.02	0.18	0.05	0.21	0.001	0.0	0.0	-1.95	0.217	0.25576364994	-3.01	0.161000	-0.060000	-0.079000	0.004000	0.654000	0.916000	7.0232	748
N1363S	0.00	0.02	0.00	0.24	0.20	0.01	0.11	0.05	0.07	0.2	0.0	0.0	-3.54	0.098	0.251183867455	1.63	0.214000	-0.120000	-0.114000	0.000000	0.000000	0.213000	8.5563	748
I1364L	0.00	0.02	0.00	0.25	0.17	0.01	0.11	0.05	0.07	0.172	0.0	0.0	-1.07	0.114	0.270466268063	-2.37	0.184000	-0.193000	-0.137000	0.000000	0.000000	0.213000	6.4451	748
C1365Y	0.00	0.03	0.00	0.26	0.13	0.01	0.19	0.05	0.29	1.0	0.0	0.0	2.71	0.059	0.285767704248	-9.46	-0.412000	-1.057000	-2.064000	0.000000	0.000000	0.236000	2.967	748
S1369P	0.00	0.02	0.00	0.26	0.18	0.02	0.07	0.00	0.13	0.188	0.0	0.0	-2.19	0.165	0.28513482213	-3.49	0.009000	-0.161000	-0.142000	0.000000	0.005000	0.841000	2.6955	748
K1374E	0.00	0.02	0.00	0.27	0.21	0.02	0.06	0.00	0.15	0.019	0.0	0.0	-3.13	0.195	0.242755651474	5.75	2.101000	1.292000	0.733000	0.004000	0.449000	0.984000	9.8308	748
F1389V	0.03	0.01	0.00	0.26	0.21	0.03	0.18	0.02	0.11	0.002	0.0	0.0	0.38	0.206	0.36175352335	5.95	3.129000	1.122000	0.645000	1.000000	0.998000	0.976000	14.978	748
V1392I	0.02	0.01	0.00	0.26	0.26	0.03	0.29	0.03	0.10	0.289	0.0	0.0	-0.77	0.260	0.256144881248	4.21	1.838000	-0.160000	-0.274000	0.999000	0.919000	0.787000	11.557	748
Q1396R	0.02	0.02	0.00	0.25	0.31	0.02	0.10	0.05	0.14	0.0	0.0	0.0	-1.99	0.184	0.210588276386	3.56	1.808000	0.309000	-0.085000	1.000000	0.582000	0.350000	2.2516	748
C1399R	0.02	0.01	0.00	0.25	0.35	0.03	0.08	0.05	0.14	0.356	0.0	0.0	-4.94	0.256	0.250100493431	2.0	0.167000	1.122000	0.645000	0.000000	0.201000	0.436000	6.326	748
N1402H	0.02	0.01	0.00	0.25	0.28	0.06	0.06	0.09	0.16	0.03	0.0	0.0	-3.02	0.118	0.2903431952	0.8	1.593000	-0.166000	-0.238000	0.007000	0.103000	0.700000	1.4373	748
T1414A	0.02	0.00	0.00	0.26	0.28	0.14	0.23	0.01	0.22	0.399	0.0	0.0	-0.56	0.237	0.253663182259	2.26	0.811000	0.311000	-0.060000	0.000000	0.002000	0.068000	6.6998	748
T1414M	0.02	0.00	0.00	0.25	0.34	0.11	0.23	0.01	0.24	1.0	0.0	0.0	3.35	0.044	0.245352223516	-4.98	-0.472000	-0.202000	-0.226000	0.000000	0.001000	0.059000	2.1436	748
E1415G	0.03	0.00	0.00	0.26	0.35	0.06	0.24	0.01	0.28	0.325	0.0	0.0	-2.61	0.238	0.226611062884	-0.519	0.291000	0.081000	0.733000	0.000000	0.112000	0.142000	3.0048	748
D1420Y	0.02	0.00	0.00	0.24	0.49	0.06	0.32	0.01	0.15	0.03	0.0	0.0	-6.6	0.152	0.280369341373	1.06	0.305000	1.158000	0.656000	0.698000	0.734000	0.279000	2.2523	748
F1421L	0.03	0.00	0.00	0.24	0.29	0.15	0.21	0.01	0.16	0.34	0.0	0.0	-4.05	0.231	0.285494804382	-2.91	-0.734000	-0.162000	-0.836000	0.000000	0.022000	0.033000	1.7873	748
I1436T	0.03	0.03	0.00	0.27	0.42	0.03	0.17	0.02	0.17	0.1	0.0	0.0	-3.99	0.496	0.403275668621	1.95	1.523000	0.200000	0.665000	0.756000	0.183000	0.083000	5.8593	748
V1438I	0.04	0.03	0.00	0.25	0.25	0.03	0.30	0.02	0.16	0.133	0.0	0.0	-0.75	0.326	0.322800308466	2.4	0.725000	-0.559000	-0.786000	0.110000	0.018000	0.028000	8.6623	748
K1440N	0.04	0.03	0.00	0.27	0.27	0.03	0.18	0.03	0.22	0.009	0.0	0.0	-4.29	0.551	0.357543885708	3.5	0.376000	1.312000	0.756000	0.931000	0.983000	0.828000	4.2281	748
Q1452R	0.02	0.02	0.00	0.25	0.23	0.02	0.12	0.01	0.21	0.189	0.0	0.0	-2.36	0.314	0.22904497385	2.01	1.520000	-0.940000	-0.690000	0.001000	0.000000	0.472000	10.3692	748
K1453E	0.02	0.02	0.00	0.26	0.26	0.02	0.11	0.02	0.24	0.628	0.0	0.0	-2.06	0.191	0.3481118083	0.451	0.133000	0.324000	0.756000	0.000000	0.008000	0.615000	2.338	748
K1472E	0.00	0.02	0.00	0.27	0.25	0.02	0.13	0.02	0.23	0.478	0.0	0.0	-1.6	0.148	0.307635605335	4.38	2.183000	0.248000	0.756000	0.038000	0.053000	0.880000	8.8445	748
T1505A	0.00	0.03	0.00	0.25	0.25	0.02	0.08	0.00	0.04	0.329	0.0	0.0	-2.78	0.208	0.253771901131	-3.32	0.086000	-0.043000	0.756000	0.000000	0.000000	0.017000	1.5969	748
G1508R	0.00	0.03	0.00	0.29	0.26	0.02	0.09	0.01	0.10	0.231	0.0	0.0	2.31	0.326	0.246831476688	0.598	1.145000	-0.260000	-0.179000	0.007000	0.006000	0.036000	4.8199	748
G1523S	0.03	0.14	0.01	0.25	0.31	0.02	0.14	0.18	0.17	0.189	0.0	0.0	-3.41	0.503	0.324925720692	1.22	2.248000	-0.335000	-0.116000	1.000000	0.719000	0.784000	14.7944	748
F1524V	0.03	0.14	0.02	0.26	0.26	0.02	0.12	0.18	0.10	0.002	0.0	0.0	-6.84	0.913	0.522082984447	5.74	4.642000	1.138000	0.665000	1.000000	0.992000	0.950000	16.0331	748
G1529R	0.09	0.15	0.01	0.25	0.26	0.06	0.23	0.19	0.38	0.0	0.0	0.0	-7.91	0.895	0.59742307663	5.74	7.780000	1.176000	0.676000	1.000000	1.000000	0.964000	19.9173	748
I1534T	0.21	0.05	0.00	0.26	0.53	0.05	0.24	0.09	0.28	0.0	0.0	0.0	-4.83	0.674	0.512533724308	5.74	4.639000	1.138000	0.665000	1.000000	0.464000	0.771000	16.0331	748
E1537K	0.21	0.06	0.00	0.25	0.28	0.05	0.27	0.09	0.44	0.059	0.0	0.0	-3.58	0.543	0.351697564125	4.89	3.224000	1.176000	0.676000	1.000000	0.972000	0.903000	10.3133	748
F1546S	0.17	0.05	0.00	0.24	0.53	0.09	0.36	0.04	0.27	0.0	0.0	0.0	-7.81	0.844	0.5447884202	5.74	6.282000	1.138000	0.665000	1.000000	0.992000	0.989000	16.0331	748
E1550Q	0.14	0.05	0.00	0.26	0.28	0.06	0.25	0.03	0.26	0.325	0.0	0.0	0.1	0.339	0.218467921019	-4.91	-0.089000	-0.294000	-0.206000	0.002000	0.180000	0.533000	5.3773	748
E1550G	0.14	0.05	0.00	0.27	0.30	0.06	0.31	0.03	0.26	0.067	0.0	0.0	-3.31	0.285	0.219364762306	-2.49	-0.097000	-0.298000	-0.133000	0.000000	0.173000	0.470000	1.76	748
F1559C	0.03	0.04	0.00	0.26	0.25	0.02	0.12	0.04	0.09	0.016	0.0	0.0	-5.34	0.197	0.322231709957	-1.25	0.305000	-0.191000	-0.108000	0.000000	0.016000	0.142000	3.0773	748
K1568R	0.01	0.03	0.00	0.25	0.14	0.18	0.13	0.00	0.15	0.108	0.0	0.0	-2.43	0.100	0.300150811672	-2.46	0.288000	0.268000	0.756000	0.000000	0.023000	0.070000	3.6927	748
I1583V	0.09	0.01	0.00	0.27	0.15	0.16	0.07	0.04	0.05	1.0	0.0	0.0	0.28	0.024	0.205974400043	-3.37	-1.419000	-2.111000	-1.597000	0.000000	0.000000	0.000000	2.4117	748
N1599S	0.04	0.00	0.00	0.26	0.28	0.11	0.13	0.01	0.17	0.101	0.0	0.0	-1.36	0.041	0.256174385548	1.21	-0.406000	0.168000	-0.083000	0.000000	0.001000	0.019000	6.1984	748
D1618E	0.00	0.01	0.00	0.25	0.31	0.02	0.12	0.01	0.17	0.129	0.0	0.0	-2.71	0.181	0.247014343739	0.465	0.120000	0.206000	-0.109000	0.000000	0.074000	0.040000	1.0985	748
C1621F	0.00	0.01	0.00	0.26	0.27	0.02	0.25	0.01	0.11	0.514	0.0	0.0	0.22	0.275	0.228298589587	-3.88	0.366000	-0.496000	-0.704000	0.000000	0.000000	0.000000	7.682	748
I1633V	0.01	0.01	0.00	0.28	0.31	0.02	0.13	0.01	0.16	0.766	0.0	0.0	-0.46	0.295	0.225872218609	-2.92	0.222000	-0.413000	0.665000	0.000000	0.000000	0.041000	6.4129	748
E1644Q	0.00	0.01	0.00	0.26	0.29	0.02	0.07	0.02	0.14	0.004	0.0	0.0	-2.44	0.179	0.270981609821	5.86	3.912000	-0.129000	-0.108000	0.649000	0.967000	0.994000	14.9626	748
N1657D	0.00	0.02	0.00	0.26	0.24	0.02	0.14	0.02	0.22	0.235	0.0	0.0	-2.76	0.040	0.236344158649	-2.52	-0.208000	-0.525000	-0.050000	0.000000	0.002000	0.411000	3.6003	748
I1664T	0.03	0.03	0.00	0.26	0.36	0.03	0.13	0.03	0.21	0.496	0.0	0.0	-2.05	0.339	0.236145362258	-5.75	-1.808000	0.200000	0.665000	0.000000	0.339000	0.665000	4.7805	748
Y1672H	0.03	0.13	0.03	0.25	0.25	0.03	0.23	0.05	0.16	0.018	0.0	0.0	-4.29	0.433	0.310250222683	4.59	1.179000	-0.148000	-0.120000	0.867000	0.105000	0.140000	7.0443	748
T1679P	0.11	0.15	0.02	0.25	0.26	0.03	0.22	0.05	0.16	0.003	0.0	0.0	-2.39	0.322	0.214506492019	0.159	-0.077000	0.304000	-0.059000	0.000000	0.536000	0.322000	0.7482	748
K1690N	0.11	0.04	0.00	0.26	0.18	0.05	0.17	0.02	0.11	0.007	0.0	0.0	-3.66	0.552	0.231464162469	3.16	2.165000	1.312000	0.756000	0.888000	0.962000	0.912000	8.5884	748
E1695V	0.07	0.02	0.00	0.28	0.16	0.02	0.17	0.01	0.10	0.001	0.0	0.0	-5.81	0.576	0.239902183414	4.78	4.015000	1.295000	0.756000	1.000000	0.960000	0.939000	12.1265	748
I1705M	0.02	0.02	0.00	0.26	0.20	0.03	0.14	0.01	0.27	0.029	0.0	0.0	-1.88	0.156	0.244786009192	5.52	0.489000	0.315000	0.756000	0.000000	0.117000	0.290000	10.149	748
S1733F	0.00	0.00	0.00	0.25	0.61	0.07	0.28	0.09	0.22	0.024	0.0	0.0	-4.48	0.159	0.301238834858	2.52	0.540000	-0.237000	0.599000	0.001000	0.011000	0.018000	4.7451	748
Y1762S	0.01	0.00	0.00	0.25	0.32	0.02	0.16	0.01	0.32	0.104	0.0	0.0	-6.51	0.230	0.365802407265	-1.92	-0.481000	1.312000	0.756000	0.000000	0.918000	0.549000	7.6273	748
Y1762C	0.01	0.00	0.00	0.26	0.23	0.02	0.16	0.01	0.62	0.004	0.0	0.0	-6.64	0.192	0.381501615047	-1.92	-0.481000	1.312000	0.756000	0.000000	0.918000	0.549000	7.6273	748
G1771D	0.04	0.02	0.00	0.26	0.34	0.04	0.16	0.01	0.24	0.426	0.0	0.0	-2.6	0.144	0.283899068832	-0.338	-0.530000	-0.101000	0.676000	0.000000	0.044000	0.840000	10.2781	748
G1771V	0.04	0.02	0.00	0.27	0.33	0.03	0.15	0.01	0.26	0.123	0.0	0.0	-5.55	0.150	0.252771437168	-0.338	-0.530000	-0.101000	0.676000	0.000000	0.044000	0.840000	10.2781	748
V1779I	0.02	0.01	0.00	0.23	0.27	0.03	0.18	0.02	0.16	0.199	0.0	0.0	-0.53	0.088	0.268843352795	-1.26	0.136000	-0.235000	-0.244000	0.000000	0.018000	0.625000	10.7335	748
D1781G	0.02	0.01	0.00	0.24	0.27	0.03	0.11	0.02	0.23	0.277	0.0	0.0	-4.87	0.221	0.2947447896	-2.96	0.126000	-0.070000	-0.095000	0.000000	0.002000	0.133000	2.0374	748
K1783E	0.02	0.02	0.00	0.25	0.25	0.03	0.15	0.02	0.25	0.326	0.0	0.0	-1.4	0.053	0.322210937738	-3.33	-0.430000	0.192000	-0.065000	0.000000	0.001000	0.005000	2.3302	748
N1784H	0.02	0.02	0.00	0.23	0.28	0.03	0.15	0.04	0.25	0.01	0.0	0.0	-3.71	0.162	0.380382627249	-0.0937	0.704000	1.312000	0.756000	0.000000	0.008000	0.011000	1.6839	748
D1796Y	0.03	0.02	0.00	0.25	0.27	0.03	0.21	0.01	0.38	0.001	0.0	0.0	-4.07	0.138	0.246527925134	1.62	0.185000	1.176000	0.676000	0.004000	0.026000	0.028000	6.1635	748
Q1802R	0.03	0.02	0.00	0.23	0.21	0.04	0.08	0.02	0.22	0.002	0.0	0.0	-3.64	0.150	0.25816321373	3.03	2.776000	1.312000	0.756000	0.016000	0.011000	0.013000	12.4435	748
E1806D	0.03	0.00	0.00	0.23	0.22	0.04	0.08	0.02	0.08	0.095	0.0	0.0	-2.47	0.125	0.239671289921	5.66	3.390000	1.312000	0.756000	0.112000	0.133000	0.046000	15.8758	748
P1819S	0.08	0.01	0.00	0.22	0.30	0.09	0.11	0.02	0.20	0.322	0.0	0.0	-4.01	0.235	0.217977792025	1.29	0.165000	-0.822000	-0.908000	0.000000	0.007000	0.008000	6.4684	748
N1822I	0.07	0.00	0.00	0.25	0.36	0.13	0.27	0.03	0.16	0.001	0.0	0.0	-7.19	0.413	0.342600405216	0.0982	0.005000	0.325000	0.756000	0.001000	0.033000	0.013000	7.3725	748
L1829F	0.09	0.01	0.00	0.26	0.24	0.14	0.20	0.05	0.16	0.13	0.0	0.0	-2.27	0.184	0.247147709131	-0.828	0.171000	-0.479000	-0.103000	0.000000	0.000000	0.057000	2.1921	748
I1851M	0.08	0.05	0.00	0.25	0.14	0.04	0.18	0.18	0.16	0.182	0.0	0.0	-1.09	0.315	0.248371899128	-7.09	-2.347000	-1.410000	-0.784000	0.000000	0.004000	0.050000	1.253	748
D1864G	0.08	0.09	0.00	0.29	0.18	0.04	0.34	0.09	0.18	0.035	0.0	0.0	-3.25	0.358	0.266180902719	3.25	2.918000	1.312000	0.756000	0.971000	0.087000	0.136000	5.4195	748
N1878D	0.05	0.03	0.00	0.26	0.27	0.08	0.13	0.03	0.14	0.034	0.0	0.0	-1.11	0.086	0.284374564886	3.18	2.771000	0.319000	-0.045000	0.019000	0.001000	0.001000	9.8761	748
S1882P	0.04	0.02	0.00	0.25	0.29	0.05	0.20	0.01	0.13	0.212	0.0	0.0	-3.56	0.389	0.328715890646	2.0	0.262000	0.200000	0.665000	0.004000	0.266000	0.042000	5.2593	748
C1893G	0.03	0.02	0.00	0.26	0.21	0.08	0.21	0.02	0.26	0.291	0.0	0.0	-2.42	0.251	0.216694623232	-1.12	0.073000	-1.113000	-0.761000	0.000000	0.000000	0.001000	3.5696	748
A1896E	0.03	0.02	0.00	0.26	0.31	0.06	0.27	0.03	0.19	0.08	0.0	0.0	-3.3	0.344	0.202744454145	-1.8	-0.657000	-0.673000	-0.817000	0.000000	0.001000	0.001000	4.3427	748
D1898Y	0.03	0.02	0.00	0.27	0.28	0.04	0.40	0.02	0.35	0.002	0.0	0.0	-5.53	0.353	0.252095401287	2.91	1.207000	-0.739000	-0.774000	0.009000	0.116000	0.037000	10.1361	748
D1902N	0.02	0.02	0.00	0.26	0.24	0.03	0.25	0.03	0.13	0.168	0.0	0.0	-3.17	0.095	0.257583916187	3.98	0.114000	1.176000	0.676000	0.048000	0.850000	0.490000	3.5686	748
L1904V	0.02	0.02	0.00	0.26	0.26	0.03	0.29	0.03	0.13	0.377	0.0	0.0	0.02	0.401	0.217369168997	3.28	1.249000	-0.222000	-0.790000	0.091000	0.736000	0.137000	6.0965	748
D1909G	0.01	0.02	0.00	0.27	0.29	0.03	0.19	0.03	0.13	0.308	0.0	0.0	-4.56	0.276	0.243555516005	-8.36	-0.352000	-1.585000	-1.571000	0.000000	0.000000	0.000000	6.8763	748
C1913Y	0.01	0.02	0.00	0.27	0.27	0.02	0.15	0.12	0.21	1.0	0.0	0.0	-2.67	0.195	0.243029892445	-4.61	-0.232000	-0.210000	0.676000	0.000000	0.000000	0.178000	5.4281	748
T1915M	0.01	0.02	0.00	0.27	0.26	0.02	0.09	0.13	0.15	0.326	0.0	0.0	2.67	0.143	0.217723071575	0.623	-1.105000	0.133000	-0.114000	0.000000	0.001000	0.521000	10.4313	748
H1918Y	0.02	0.04	0.00	0.26	0.33	0.02	0.13	0.11	0.29	0.616	0.0	0.0	-2.77	0.308	0.245798662305	-2.48	-1.786000	0.130000	-0.176000	0.000000	0.049000	0.898000	5.7544	748
I1929V	0.00	0.00	0.00	0.23	0.27	0.02	0.13	0.01	0.14	0.307	0.0	0.0	-0.49	0.174	0.246158450842	-5.69	-0.370000	-0.881000	-1.435000	0.000000	0.005000	0.005000	3.1058	748
T1954I	0.02	0.00	0.00	0.22	0.32	0.05	0.07	0.03	0.10	0.044	0.0	0.0	-5.1	0.113	0.338593423367	5.72	0.558000	1.026000	0.599000	0.014000	0.277000	0.298000	14.7034	748
K1967M	0.00	0.00	0.00	0.28	0.38	0.02	0.05	0.01	0.10	0.009	0.0	0.0	-4.03	0.121	0.220212951303	-3.42	-0.024000	1.312000	0.756000	0.000000	0.018000	0.010000	7.4782	748
T1980P	0.02	0.03	0.00	0.26	0.27	0.02	0.13	0.02	0.12	0.001	0.0	0.0	-5.87	0.941	0.436432600021	5.72	7.271000	1.312000	0.756000	1.000000	1.000000	0.960000	16.0205	748
V1988I	0.03	0.02	0.00	0.26	0.29	0.03	0.12	0.03	0.13	0.081	0.0	0.0	-0.82	0.443	0.274076402187	4.02	0.799000	0.227000	-0.103000	0.608000	0.931000	0.416000	2.6438	748
Q1998E	0.02	0.01	0.00	0.26	0.27	0.03	0.16	0.01	0.13	0.084	0.0	0.0	-2.55	0.274	0.276920884848	1.95	0.069000	0.104000	0.599000	0.001000	0.991000	0.993000	6.9154	748
Q1998R	0.01	0.01	0.00	0.25	0.27	0.03	0.16	0.01	0.15	0.036	0.0	0.0	-3.67	0.398	0.291629493237	4.55	1.048000	0.323000	0.756000	0.001000	0.990000	0.993000	6.8331	748
D2005Y	0.01	0.02	0.00	0.26	0.45	0.02	0.15	0.01	0.21	0.008	0.0	0.0	-6.71	0.423	0.253179788589	3.75	0.460000	-0.127000	0.676000	0.134000	0.000000	0.074000	9.1108	748
H2021R	0.00	0.02	0.00	0.26	0.30	0.01	0.12	0.01	0.16	0.096	0.0	0.0	-5.45	0.119	0.254047423601	4.54	1.204000	1.312000	0.756000	0.003000	0.046000	0.653000	6.1513	748
E2028G	0.01	0.02	0.00	0.30	0.31	0.03	0.15	0.01	0.10	0.02	0.0	0.0	-5.46	0.164	0.207620799541	4.46	1.096000	0.324000	0.756000	0.001000	0.087000	0.070000	10.6802	748
R2034C	0.00	0.01	0.00	0.26	0.32	0.11	0.16	0.02	0.15	0.016	0.0	0.0	-2.92	0.181	0.215782105923	1.77	-0.243000	-0.043000	0.599000	0.000000	0.000000	0.001000	3.2606	748
P2036S	0.00	0.00	0.00	0.27	0.29	0.10	0.18	0.01	0.13	0.269	0.0	0.0	-3.77	0.335	0.187040567398	-2.99	-0.442000	-1.103000	-0.187000	0.000000	0.000000	0.001000	3.846	748
E2037D	0.00	0.00	0.00	0.25	0.23	0.10	0.16	0.02	0.15	0.183	0.0	0.0	-1.41	0.113	0.195740193129	-1.06	-0.359000	0.286000	0.756000	0.000000	0.001000	0.011000	0.6823	748
I2040L	0.00	0.00	0.00	0.25	0.22	0.11	0.17	0.01	0.14	1.0	0.0	0.0	0.79	0.097	0.25464963913	0.28	-0.227000	-0.218000	0.756000	0.000000	0.001000	0.120000	4.3392	748
Y2047C	0.00	0.00	0.00	0.26	0.20	0.05	0.16	0.02	0.34	0.178	0.0	0.0	-1.41	0.125	0.248266369104	-5.2	-0.229000	-0.395000	-0.054000	0.000000	0.033000	0.867000	7.4432	748
N2048I	0.00	0.00	0.00	0.26	0.19	0.03	0.18	0.02	0.23	0.002	0.0	0.0	-4.52	0.114	0.29610902071	1.14	0.555000	1.214000	0.756000	0.006000	0.553000	0.945000	4.8191	748
N2048K	0.00	0.00	0.00	0.27	0.19	0.03	0.16	0.02	0.23	0.026	0.0	0.0	-3.05	0.110	0.301118582487	0.594	-0.509000	1.055000	0.665000	0.000000	0.586000	0.956000	2.4558	748
V2050I	0.00	0.03	0.00	0.26	0.21	0.02	0.21	0.02	0.23	0.423	0.0	0.0	-0.27	0.116	0.249831110239	-0.498	-1.411000	1.089000	0.618000	0.000000	0.884000	0.990000	5.6224	748
N2051S	0.00	0.03	0.00	0.28	0.30	0.02	0.13	0.02	0.23	0.306	0.0	0.0	-2.43	0.192	0.261138498783	-2.0	-0.233000	0.192000	0.691000	0.000000	0.973000	0.997000	1.4721	748
E2070G	0.08	0.03	0.00	0.25	0.24	0.03	0.12	0.10	0.10	0.001	0.0	0.0	-3.47	0.713	0.281881272793	5.77	7.271000	1.312000	0.691000	1.000000	0.849000	0.873000	16.0958	748
H2074N	0.09	0.04	0.00	0.23	0.22	0.04	0.16	0.10	0.12	0.195	0.0	0.0	-1.8	0.109	0.233682960272	-4.11	0.319000	0.125000	0.549000	0.841000	0.983000	0.818000	3.5294	748
G2078R	0.07	0.03	0.00	0.19	0.19	0.03	0.17	0.10	0.16	0.001	0.0	0.0	-3.6	0.367	0.359483003616	5.77	2.841000	0.227000	0.618000	1.000000	0.993000	0.862000	19.9946	748
R2108H	0.00	0.00	0.00	0.24	0.30	0.03	0.15	0.01	0.22	0.147	0.0	0.0	-0.24	0.205	0.205271720886	2.76	0.072000	1.176000	0.618000	0.000000	0.370000	0.760000	4.677	748
N2113S	0.00	0.00	0.00	0.26	0.32	0.02	0.09	0.04	1.00	0.028	0.0	0.0	0.11	0.099	0.264927059412	0.282	-1.029000	-1.355000	-2.212000	0.000000	0.011000	0.066000	3.6281	748
H2116R	0.00	0.00	0.00	0.24	0.20	0.02	0.09	0.04	0.21	0.016	0.0	0.0	-1.96	0.213	0.3309674263	4.33	1.496000	1.312000	0.691000	0.007000	0.003000	0.022000	7.3301	748
H2116L	0.00	0.00	0.00	0.24	0.30	0.02	0.10	0.04	0.21	0.019	0.0	0.0	-2.52	0.206	0.318140685558	4.33	1.496000	1.312000	0.691000	0.007000	0.003000	0.022000	7.3301	748
V2138D	0.01	0.00	0.00	0.25	0.29	0.05	0.26	0.02	0.22	0.034	0.0	0.0	-0.87	0.215	0.202934101224	-4.28	-1.457000	-0.359000	-0.219000	0.000000	0.006000	0.085000	0.9076	748
G2140S	0.00	0.00	0.00	0.24	0.25	0.04	0.20	0.01	0.33	1.0	0.0	0.0	0.27	0.266	0.217857539654	2.87	1.215000	-0.080000	-1.043000	0.460000	0.008000	0.062000	6.4472	748
H2147Q	0.00	0.00	0.00	0.26	0.33	0.03	0.12	0.01	0.24	0.439	0.0	0.0	-0.86	0.456	0.251142889261	-4.94	-1.567000	-1.479000	-2.126000	0.000000	0.002000	0.078000	0.2399	748
K2150N	0.00	0.01	0.00	0.27	0.28	0.02	0.14	0.01	0.25	0.005	0.0	0.0	-0.94	0.331	0.247980356216	2.52	0.755000	1.292000	0.667000	0.004000	0.326000	0.062000	7.1821	748
V2151G	0.00	0.00	0.00	0.25	0.39	0.02	0.13	0.01	0.23	0.0	0.0	0.0	-1.67	0.549	0.268498361111	-2.04	-0.139000	0.186000	0.588000	0.000000	0.267000	0.047000	1.7615	748
S2152F	0.00	0.01	0.00	0.25	0.47	0.02	0.15	0.01	0.27	0.0	0.0	0.0	-1.56	0.437	0.252006083727	1.12	0.219000	0.120000	-0.284000	0.000000	0.170000	0.019000	8.1886	748
Q2159R	0.01	0.01	0.00	0.29	0.25	0.02	0.13	0.00	0.25	0.134	0.0	0.0	0.15	0.323	0.234165519476	4.16	4.433000	0.307000	-0.147000	1.000000	0.003000	0.080000	9.0285	748
V2174A	0.00	0.00	0.00	0.26	0.14	0.03	0.06	0.02	0.13	0.786	0.0	0.0	-0.45	0.491	0.236467063427	-2.15	-0.480000	0.082000	0.498000	0.001000	0.136000	0.343000	4.775	748
I2209T	0.04	0.02	0.00	0.24	0.36	0.05	0.16	0.09	0.15	0.649	0.0	0.0	-0.35	0.291	0.222814947367	-7.07	-1.045000	-0.165000	-0.871000	0.000000	0.672000	0.964000	2.2105	748
D2218H	0.09	0.04	0.00	0.25	0.27	0.04	0.16	0.02	0.19	0.024	0.0	0.0	-1.08	0.337	0.29556787014	5.42	1.499000	1.158000	0.597000	0.915000	0.876000	0.937000	8.3602	748
D2238E	0.05	0.05	0.00	0.25	0.29	0.05	0.21	0.14	0.11	0.019	0.0	0.0	-0.69	0.437	0.248813420534	1.28	0.316000	1.122000	0.645000	0.991000	0.996000	0.908000	4.6385	748
E2239K	0.06	0.05	0.00	0.26	0.26	0.05	0.22	0.16	0.21	0.002	0.0	0.0	-1.06	0.397	0.438800722361	5.71	3.578000	1.158000	0.656000	1.000000	0.998000	0.903000	13.3179	748
L2245Q	0.01	0.03	0.00	0.27	0.33	0.03	0.11	0.03	0.16	0.239	0.0	0.0	-0.31	0.361	0.253858059645	-4.7	-0.103000	-0.976000	-0.309000	0.001000	0.044000	0.170000	3.4048	748
T2250A	0.00	0.00	0.00	0.25	0.28	0.02	0.06	0.10	0.08	0.196	0.0	0.0	-0.28	0.244	0.246237441897	-1.72	0.817000	-1.151000	-0.849000	0.000000	0.001000	0.031000	6.2446	748
N2266H	0.00	0.02	0.01	0.26	0.28	0.03	0.18	0.01	0.19	0.094	0.0	0.0	-1.1	0.358	0.405103832483	4.35	3.142000	1.292000	0.733000	0.785000	0.981000	0.808000	6.993	748
R2273K	0.01	0.02	0.01	0.25	0.27	0.03	0.18	0.00	0.34	0.102	0.0	0.0	-0.69	0.466	0.347662121058	4.46	1.835000	1.158000	0.656000	1.000000	0.978000	0.913000	9.4937	748
P2276S	0.00	0.02	0.02	0.23	0.28	0.03	0.17	0.00	0.23	0.163	0.0	0.0	0.29	0.372	0.259810626507	-1.69	-0.210000	-1.034000	-0.782000	0.000000	0.004000	0.062000	7.6396	748
P2283H	0.03	0.01	0.00	0.24	0.35	0.02	0.29	0.03	0.18	0.0	0.0	0.0	-2.33	0.854	0.351659685373	4.95	5.713000	1.026000	0.549000	1.000000	0.985000	0.966000	16.7209	742
I2285V	0.02	0.00	0.00	0.23	0.26	0.02	0.40	0.01	0.17	0.003	0.0	0.0	-0.27	0.429	0.29459297657	4.95	2.351000	1.312000	0.691000	1.000000	0.999000	0.988000	13.4705	742
I2296M	0.04	0.01	0.00	0.26	0.33	0.04	0.42	0.01	0.11	0.188	0.0	0.0	-0.68	0.452	0.434715509415	4.95	2.371000	1.312000	0.691000	0.938000	1.000000	0.993000	9.718	742
A2306T	0.04	0.04	0.00	0.26	0.33	0.03	0.20	0.02	0.26	0.005	0.0	0.0	-0.56	0.397	0.249520897865	-0.62	-0.404000	-0.197000	-0.180000	0.089000	0.566000	0.933000	21.7108	741
A2306S	0.05	0.04	0.00	0.27	0.43	0.03	0.19	0.02	0.30	0.015	0.0	0.0	-0.44	0.360	0.243410855532	-0.62	-0.404000	-0.197000	-0.180000	0.089000	0.566000	0.933000	21.7108	741
K2308E	0.05	0.04	0.00	0.25	0.25	0.03	0.15	0.03	0.27	0.003	0.0	0.0	-1.03	0.498	0.469022929668	4.95	5.032000	1.312000	0.691000	1.000000	0.999000	0.990000	13.4705	741
K2308T	0.04	0.04	0.00	0.24	0.30	0.03	0.15	0.03	0.25	0.003	0.0	0.0	-1.55	0.461	0.486525654793	3.77	1.211000	1.312000	0.691000	1.000000	1.000000	0.991000	7.3451	741
T2310N	0.05	0.04	0.00	0.23	0.25	0.08	0.15	0.02	0.54	0.002	0.0	0.0	-1.16	0.423	0.395143568516	4.05	3.038000	1.026000	0.549000	1.000000	1.000000	0.986000	14.2502	741
P2311T	0.04	0.04	0.00	0.23	0.28	0.03	0.21	0.03	0.43	0.0	0.0	0.0	-2.1	0.638	0.369641810656	4.95	4.105000	1.026000	0.549000	1.000000	1.000000	0.980000	11.2723	741
L2320S	0.02	0.12	0.00	0.26	0.41	0.09	0.26	0.19	0.15	0.046	0.0	0.0	-1.52	0.538	0.345678061247	2.36	0.946000	0.196000	0.645000	1.000000	0.997000	0.992000	5.583	739
M2322I	0.01	0.12	0.00	0.26	0.22	0.08	0.30	0.13	0.09	0.141	0.0	0.0	-0.74	0.436	0.272600531578	2.89	0.945000	0.232000	0.656000	0.997000	0.859000	0.844000	4.8787	739
K2339N	0.02	0.04	0.00	0.27	0.24	0.06	0.12	0.02	0.16	0.05	0.0	0.0	-0.98	0.180	0.267125427723	-2.0	0.055000	-1.631000	-1.610000	0.019000	0.043000	0.049000	6.1586	728
R2341L	0.06	0.04	0.00	0.27	0.29	0.05	0.12	0.01	0.16	0.027	0.0	0.0	-1.67	0.520	0.198466956615	0.927	0.777000	0.225000	-0.673000	0.694000	0.133000	0.052000	2.0395	728
I2344V	0.04	0.03	0.00	0.25	0.26	0.03	0.10	0.01	0.13	0.45	0.0	0.0	-0.12	0.291	0.27725058794	4.44	1.004000	0.324000	0.756000	0.644000	0.428000	0.407000	6.9803	728
N2346S	0.04	0.03	0.00	0.25	0.28	0.02	0.10	0.01	0.20	0.22	0.0	0.0	-0.92	0.282	0.286672115326	-3.84	0.949000	-0.038000	-0.065000	0.001000	0.609000	0.798000	6.2629	728
A2351P	0.03	0.02	0.00	0.28	0.36	0.02	0.10	0.01	0.17	0.01	0.0	0.0	-1.28	0.462	0.214724391699	1.92	-0.252000	-0.707000	-0.103000	0.000000	0.779000	0.978000	1.8346	728
F2356V	0.01	0.02	0.00	0.26	0.23	0.01	0.12	0.02	0.13	0.017	0.0	0.0	-1.25	0.462	0.350485742092	1.93	1.394000	-0.151000	0.665000	1.000000	0.992000	0.998000	8.6838	728
H2361Y	0.01	0.02	0.00	0.25	0.29	0.01	0.19	0.02	0.27	0.006	0.0	0.0	-1.69	0.372	0.263599514961	4.77	0.861000	1.026000	0.599000	0.030000	0.713000	0.995000	9.1841	728
Q2384K	0.00	0.02	0.00	0.24	0.21	0.04	0.23	0.01	0.36	1.0	0.0	0.0	0.0	0.129	0.211524218321	-4.01	0.239000	-0.099000	-0.136000	0.000000	0.010000	0.801000	6.3724	728
T2403I	0.02	0.03	0.00	0.27	0.18	0.02	0.25	0.01	0.25	0.085	0.0	0.0	-1.29	0.385	0.218044310808	0.248	-0.184000	0.125000	0.599000	0.002000	0.303000	0.466000	1.8079	728
Q2435R	0.02	0.01	0.00	0.26	0.21	0.08	0.27	0.01	0.18	0.14	0.0	0.0	-0.63	0.471	0.275403171778	-2.49	-0.045000	0.192000	-0.042000	0.000000	0.008000	0.245000	9.0974	728
N2436I	0.03	0.01	0.00	0.26	0.39	0.10	0.37	0.01	0.19	0.158	0.0	0.0	-1.95	0.473	0.355478048325	1.09	-0.264000	0.324000	0.756000	0.000000	0.011000	0.219000	3.6001	728
H2440R	0.04	0.02	0.00	0.25	0.25	0.10	0.25	0.01	0.28	0.305	0.0	0.0	-1.7	0.155	0.310148715973	-7.76	-1.258000	0.107000	0.756000	0.000000	0.007000	0.031000	0.6884	728
N2447D	0.02	0.01	0.00	0.28	0.27	0.08	0.29	0.02	0.29	0.209	0.0	0.0	-1.08	0.173	0.411381095648	4.93	0.402000	0.324000	0.756000	0.022000	0.031000	0.910000	13.1288	728
N2458S	0.01	0.00	0.00	0.29	0.27	0.05	0.27	0.01	0.18	0.249	0.0	0.0	-1.15	0.064	0.270752251148	0.953	1.510000	0.320000	-0.047000	0.062000	0.040000	0.433000	3.7518	728
V2468I	0.00	0.02	0.00	0.27	0.29	0.03	0.09	0.00	0.24	0.693	0.0	0.0	-0.05	0.020	0.237223565578	-7.56	-1.316000	-0.506000	0.596000	0.000000	0.019000	0.194000	7.7457	727
K2472T	0.01	0.02	0.00	0.26	0.25	0.04	0.04	0.01	0.38	0.011	0.0	0.0	-1.25	0.156	0.305462121964	1.31	0.571000	-0.085000	-0.118000	0.000000	0.007000	0.079000	4.9656	727
N2486D	0.05	0.02	0.00	0.26	0.28	0.05	0.28	0.03	0.09	0.234	0.0	0.0	-1.17	0.253	0.411755293608	2.86	1.076000	1.312000	0.756000	0.990000	0.995000	0.994000	5.2451	727
R2488S	0.08	0.02	0.00	0.31	0.25	0.07	0.29	0.04	0.14	0.001	0.0	0.0	-1.8	0.647	0.389293789864	1.7	3.732000	1.312000	0.756000	1.000000	0.996000	0.997000	5.8135	727
I2490T	0.05	0.02	0.00	0.26	0.38	0.06	0.36	0.03	0.11	0.105	0.0	0.0	-0.73	0.291	0.304629206657	-5.83	0.406000	-1.128000	-0.722000	0.001000	0.934000	0.989000	1.172	727
K2496N	0.02	0.02	0.00	0.26	0.31	0.07	0.24	0.03	0.12	0.003	0.0	0.0	-1.4	0.507	0.3123524189	0.488	1.960000	0.289000	-0.116000	1.000000	0.998000	0.973000	8.983	727
G2508D	0.00	0.00	0.00	0.28	0.28	0.02	0.13	0.00	0.26	0.0	0.0	0.0	-2.1	0.795	0.504015564919	5.48	8.808000	1.176000	0.676000	1.000000	0.998000	0.964000	19.7237	727
T2515I	0.02	0.00	0.00	0.26	0.21	0.02	0.17	0.01	0.23	0.064	0.0	0.0	-1.64	0.569	0.369401276112	4.64	4.216000	1.026000	0.599000	1.000000	1.000000	0.999000	8.9544	727
A2534T	0.02	0.02	0.00	0.25	0.16	0.02	0.09	0.02	0.07	0.354	0.0	0.0	-0.85	0.496	0.233274772763	2.36	0.224000	0.220000	0.676000	0.000000	0.173000	0.902000	1.0617	727
C2535Y	0.02	0.02	0.00	0.25	0.19	0.02	0.13	0.02	0.09	0.586	0.0	0.0	-2.42	0.404	0.286129713058	-1.1	1.453000	0.224000	0.676000	0.963000	0.629000	0.948000	6.1787	727
H2537R	0.02	0.03	0.00	0.26	0.15	0.02	0.14	0.02	0.26	0.166	0.0	0.0	-1.69	0.579	0.29491341114	-4.15	-0.152000	0.232000	0.756000	0.000000	0.997000	0.968000	11.3615	727
A2557V	0.14	0.06	0.00	0.27	0.23	0.22	0.18	0.05	0.10	0.001	0.0	0.0	-1.19	0.854	0.510205864906	5.15	7.345000	1.026000	0.549000	1.000000	1.000000	0.999000	18.6275	726
E2558D	0.14	0.05	0.00	0.25	0.21	0.22	0.21	0.26	0.11	0.019	0.0	0.0	-0.76	0.577	0.46314573288	1.46	0.631000	1.176000	0.618000	0.999000	1.000000	0.997000	9.3121	726
T2564S	0.16	0.06	0.00	0.26	0.27	0.23	0.23	0.28	0.10	0.587	0.0	0.0	-0.48	0.358	0.215173751116	-1.02	-0.398000	-0.734000	-0.242000	0.000000	0.229000	0.791000	7.9919	726
K2570E	0.09	0.02	0.00	0.27	0.16	0.16	0.21	0.11	0.15	0.002	0.0	0.0	-1.17	0.586	0.369708925486	5.15	3.412000	1.312000	0.691000	0.999000	0.996000	0.985000	14.9765	726
K2570R	0.09	0.02	0.00	0.25	0.14	0.14	0.21	0.11	0.12	0.183	0.0	0.0	-0.8	0.616	0.336617588997	3.99	1.090000	1.312000	0.691000	0.944000	0.987000	0.980000	8.5601	726
G2584D	0.11	0.06	0.00	0.25	0.15	0.15	0.17	0.05	0.14	0.0	0.0	0.0	-2.1	0.876	0.757619380951	5.15	9.315000	1.176000	0.618000	1.000000	1.000000	0.998000	18.6275	722
P2589S	0.15	0.05	0.00	0.26	0.31	0.14	0.15	0.11	0.15	0.0	0.0	0.0	-2.4	0.727	0.566403865814	5.15	7.345000	1.026000	0.549000	1.000000	1.000000	0.998000	18.6275	722
N2591D	0.13	0.05	0.00	0.27	0.29	0.09	0.14	0.15	0.15	0.437	0.0	0.0	-1.15	0.329	0.328744053841	-0.764	1.825000	1.312000	0.691000	0.993000	0.999000	0.994000	9.4448	722
A2595S	0.17	0.06	0.02	0.28	0.40	0.18	0.19	0.11	0.14	0.002	0.0	0.0	-0.84	0.499	0.42013451457	2.27	5.240000	0.222000	0.618000	1.000000	0.998000	0.998000	10.1081	722
Y2601C	0.05	0.05	0.01	0.17	0.30	0.19	0.18	0.09	0.14	0.0	0.0	0.0	-2.39	0.774	0.744726955891	5.15	5.466000	1.312000	0.691000	1.000000	1.000000	0.994000	14.9765	722
L2604P	0.05	0.05	0.01	0.26	0.23	0.22	0.18	0.03	0.15	0.0	0.0	0.0	-1.86	0.918	0.6983948946	5.66	7.900000	1.138000	0.665000	1.000000	1.000000	0.994000	16.1819	712
R2625K	0.02	0.04	0.02	0.22	0.07	0.03	0.20	0.07	0.09	0.052	0.0	0.0	-0.8	0.570	0.643450140953	4.81	5.808000	1.176000	0.676000	1.000000	0.995000	0.992000	11.7298	712
W2626C	0.02	0.05	0.01	0.22	0.07	0.03	0.20	0.04	0.08	0.0	0.0	0.0	-3.47	0.908	0.760235309601	5.66	9.891000	1.176000	0.676000	1.000000	1.000000	0.997000	20.1041	712
I2627F	0.00	0.06	0.02	0.22	0.08	0.03	0.19	0.04	0.08	0.001	0.0	0.0	-1.06	0.795	0.576544761658	4.45	3.527000	1.312000	0.756000	1.000000	1.000000	0.998000	13.03	712
W2629C	0.00	0.05	0.02	0.21	0.10	0.04	0.20	0.01	0.08	0.001	0.0	0.0	-3.47	0.922	0.753239512444	5.66	9.891000	1.176000	0.676000	1.000000	1.000000	0.999000	20.1041	712
P2639A	0.04	0.02	0.00	0.30	0.13	0.07	0.16	0.07	0.09	0.002	0.0	0.0	-2.12	0.827	0.533340990543	5.66	7.820000	1.026000	0.599000	1.000000	1.000000	0.997000	20.1041	712
N2644D	0.04	0.02	0.00	0.27	0.13	0.07	0.07	0.02	0.12	0.017	0.0	0.0	-1.2	0.494	0.314480483532	4.46	3.401000	1.312000	0.756000	1.000000	1.000000	1.000000	10.2858	712
L2647P	0.02	0.04	0.00	0.28	0.21	0.06	0.12	0.01	0.14	0.0	0.0	0.0	-1.86	0.952	0.61335682869	5.66	7.931000	1.138000	0.665000	1.000000	0.998000	0.999000	16.1819	712
R2659T	0.02	0.06	0.03	0.29	0.24	0.03	0.18	0.06	0.16	0.0	0.0	0.0	-1.59	0.837	0.664736092091	5.66	9.891000	1.176000	0.676000	1.000000	1.000000	1.000000	20.1041	712
E2663V	0.04	0.06	0.03	0.27	0.30	0.03	0.19	0.06	0.17	0.0	0.0	0.0	-2.08	0.931	0.618397772312	4.93	8.867000	1.312000	0.691000	1.000000	0.999000	0.982000	14.8785	711
K2684E	0.00	0.00	0.00	0.26	0.22	0.03	0.04	0.03	0.11	0.001	0.0	0.0	-1.17	0.763	0.50299179554	5.08	8.867000	1.312000	0.691000	1.000000	1.000000	1.000000	15.1426	710
V2687F	0.00	0.01	0.00	0.25	0.38	0.03	0.05	0.02	0.10	0.0	0.0	0.0	-1.49	0.811	0.36309170723	3.34	3.264000	1.176000	0.618000	1.000000	1.000000	0.998000	11.5788	710
L2696W	0.02	0.00	0.00	0.28	0.30	0.06	0.12	0.02	0.07	0.029	0.0	0.0	-0.96	0.413	0.235335171223	0.732	0.111000	-1.511000	-0.194000	0.000000	0.001000	0.419000	5.3638	710
S2701C	0.02	0.00	0.00	0.28	0.46	0.08	0.07	0.02	0.11	0.002	0.0	0.0	-1.28	0.452	0.269380688667	4.52	1.614000	0.110000	-0.306000	0.098000	0.888000	0.623000	15.077	710
S2705R	0.02	0.00	0.00	0.29	0.31	0.09	0.07	0.01	0.26	0.016	0.0	0.0	-1.15	0.472	0.262877702713	3.66	0.354000	0.125000	0.549000	0.000000	0.730000	0.648000	9.0554	710
A2717S	0.07	0.03	0.04	0.26	0.31	0.07	0.23	0.07	0.14	0.118	0.0	0.0	-0.44	0.535	0.242434844375	4.5	4.394000	-0.595000	-0.880000	0.973000	0.242000	0.348000	11.9338	710
I2719M	0.07	0.06	0.21	0.26	0.19	0.05	0.20	0.28	0.14	0.001	0.0	0.0	-0.85	0.555	0.23526160419	-11.0	-1.395000	-0.557000	-0.194000	0.008000	0.716000	0.874000	3.9046	710
L2721H	0.04	0.21	0.22	0.27	0.24	0.05	0.25	0.32	0.04	0.0	0.0	0.0	-1.96	0.804	0.431157231331	5.49	5.930000	1.138000	0.609000	1.000000	0.983000	0.984000	15.5697	710
T2722R	0.04	0.21	0.22	0.26	0.10	0.03	0.25	0.28	0.11	0.0	0.0	0.0	-1.78	0.824	0.58198928833	5.49	7.568000	1.026000	0.549000	1.000000	0.998000	0.991000	19.3536	710
D2723H	0.04	0.20	0.21	0.29	0.11	0.03	0.26	0.33	0.04	0.0	0.0	0.0	-2.08	0.932	0.566351175308	5.49	9.602000	1.176000	0.618000	1.000000	1.000000	0.991000	19.3535	710
D2723G	0.04	0.20	0.22	0.28	0.12	0.03	0.25	0.38	0.04	0.0	0.0	0.0	-2.08	0.941	0.513234436512	5.49	8.947000	1.312000	0.691000	1.000000	1.000000	0.989000	15.5697	710
K2729N	0.07	0.19	0.19	0.26	0.18	0.03	0.29	0.25	0.06	0.001	0.0	0.0	-1.31	0.455	0.326967686415	1.54	1.383000	0.229000	-0.163000	1.000000	0.307000	0.342000	12.0032	710
P2734L	0.07	0.12	0.06	0.26	0.20	0.06	0.30	0.28	0.06	0.001	0.0	0.0	-2.62	0.486	0.29219481349	1.72	1.490000	0.126000	0.549000	0.343000	0.299000	0.165000	7.7727	710
N2742S	0.03	0.09	0.00	0.25	0.13	0.06	0.22	0.07	0.10	0.745	0.0	0.0	-0.24	0.292	0.201207280159	-7.35	0.032000	0.324000	0.691000	0.001000	0.795000	0.902000	8.2144	710
R2744G	0.04	0.09	0.00	0.27	0.18	0.05	0.25	0.09	0.11	0.001	0.0	0.0	-1.88	0.588	0.308711260557	2.95	2.861000	1.312000	0.691000	0.968000	0.776000	0.978000	13.0632	710
G2748D	0.03	0.13	0.08	0.26	0.13	0.06	0.27	0.10	0.17	0.0	0.0	0.0	-2.08	0.877	0.712538123131	5.42	7.770000	1.176000	0.618000	1.000000	0.965000	0.994000	19.2083	710
I2751S	0.03	0.16	0.08	0.27	0.20	0.05	0.26	0.09	0.17	0.0	0.0	0.0	-1.78	0.778	0.467486441135	5.42	7.671000	1.138000	0.609000	1.000000	0.929000	0.996000	15.4496	710
I2751M	0.02	0.15	0.08	0.26	0.11	0.05	0.28	0.09	0.18	0.001	0.0	0.0	-0.88	0.477	0.417741954327	-2.6	0.002000	-1.024000	-0.194000	0.177000	0.834000	0.995000	6.0972	710
I2752F	0.03	0.22	0.08	0.26	0.11	0.05	0.28	0.08	0.17	0.001	0.0	0.0	-1.18	0.511	0.368292689323	-1.15	0.546000	1.312000	0.691000	0.191000	0.837000	0.995000	10.8027	710
A2764T	0.03	0.02	0.00	0.25	0.19	0.03	0.05	0.03	0.04	0.001	0.0	0.0	-1.19	0.655	0.366418123245	5.56	9.602000	1.176000	0.618000	1.000000	0.999000	0.990000	19.5092	710
P2771L	0.06	0.03	0.00	0.30	0.20	0.06	0.11	0.04	0.06	0.0	0.0	0.0	-2.97	0.742	0.589881062508	5.68	7.568000	1.026000	0.599000	1.000000	0.999000	0.998000	19.7889	710
L2774R	0.04	0.03	0.00	0.29	0.26	0.07	0.08	0.03	0.25	0.0	0.0	0.0	-1.78	0.839	0.731309771538	5.68	7.674000	1.138000	0.665000	1.000000	1.000000	0.999000	15.9254	710
P2785L	0.03	0.08	0.03	0.28	0.19	0.02	0.23	0.05	0.13	0.004	0.0	0.0	-2.97	0.526	0.463251680136	5.33	1.202000	1.026000	0.594000	0.730000	0.906000	0.798000	14.9452	723
F2794L	0.03	0.03	0.00	0.24	0.20	0.02	0.16	0.01	0.20	0.002	0.0	0.0	-1.78	0.531	0.640965342522	5.19	1.415000	1.026000	0.594000	0.950000	1.000000	0.999000	6.7418	723
L2808V	0.07	0.05	0.01	0.24	0.47	0.04	0.11	0.17	0.02	0.002	0.0	0.0	-0.79	0.398	0.61315870285	4.35	4.914000	1.011000	0.577000	1.000000	0.994000	0.970000	13.5701	723
I2821T	0.03	0.04	0.00	0.24	0.12	0.05	0.19	0.06	0.14	0.001	0.0	0.0	-1.13	0.428	0.463410288095	5.19	7.953000	1.122000	0.640000	0.982000	0.983000	0.921000	15.0663	723
P2827A	0.02	0.02	0.00	0.24	0.13	0.10	0.24	0.03	0.14	0.0	0.0	0.0	-2.11	0.747	0.600474596024	5.19	7.842000	1.011000	0.577000	1.000000	0.913000	0.748000	18.729	723
R2842H	0.03	0.02	0.01	0.23	0.26	0.16	0.20	0.06	0.19	0.0	0.0	0.0	-1.49	0.856	0.412587046623	5.1	9.521000	1.176000	0.618000	1.000000	1.000000	0.999000	18.5216	723
R2842L	0.03	0.02	0.01	0.22	0.32	0.22	0.20	0.06	0.18	0.0	0.0	0.0	-2.08	0.876	0.419182777405	5.1	9.521000	1.176000	0.618000	1.000000	1.000000	0.999000	18.5216	723
A2857S	0.03	0.01	0.00	0.02	0.33	0.07	0.12	0.01	0.22	0.701	0.0	0.0	-0.68	0.125	0.221909329295	-0.211	0.194000	0.222000	0.618000	0.006000	0.998000	0.996000	5.6453	723
A2864V	0.02	0.00	0.00	0.02	0.37	0.73	0.12	0.01	0.15	0.213	0.0	0.0	-0.83	0.168	0.243480712175	2.44	0.033000	0.125000	0.549000	0.007000	0.986000	0.992000	5.2967	724
H2876P	0.00	0.00	0.00	0.26	0.30	0.73	0.11	0.02	0.08	0.003	0.0	0.0	-2.6	0.292	0.292118698359	2.88	1.333000	-0.047000	-0.113000	0.494000	0.933000	0.953000	7.8092	724
R2888C	0.01	0.01	0.00	0.20	0.36	0.26	0.11	0.00	0.26	0.103	0.0	0.0	-1.61	0.317	0.225626990199	4.48	1.305000	0.075000	0.511000	0.001000	0.020000	0.961000	13.8868	745
V2908M	0.06	0.01	0.00	0.24	0.20	0.41	0.09	0.04	0.27	0.001	0.0	0.0	-0.77	0.190	0.587663054466	5.32	3.096000	1.088000	0.575000	0.998000	0.996000	0.992000	9.3837	745
A2911V	0.04	0.01	0.00	0.25	0.19	0.36	0.06	0.04	0.29	0.092	0.0	0.0	-0.89	0.212	0.415209650993	4.47	1.216000	0.951000	0.511000	0.288000	0.994000	0.979000	8.4527	745
S2922R	0.02	0.01	0.00	0.17	0.21	0.25	0.16	0.02	0.18	0.0	0.0	0.0	-1.49	0.344	0.478171467781	2.96	0.857000	-0.143000	-0.121000	1.000000	0.998000	0.996000	9.1177	758
N2930S	0.02	0.01	0.00	0.03	0.27	0.04	0.13	0.01	0.11	0.121	0.0	0.0	-1.3	0.118	0.367006242275	0.591	2.417000	0.173000	-0.065000	0.974000	0.999000	0.997000	8.79	758
I2944F	0.02	0.00	0.00	0.02	0.26	0.06	0.22	0.01	0.17	0.002	0.0	0.0	-1.12	0.268	0.445603311062	1.66	1.121000	1.312000	0.756000	1.000000	0.999000	0.998000	3.68	758
I2948M	0.02	0.00	0.00	0.03	0.41	0.06	0.22	0.01	0.14	0.001	0.0	0.0	-0.27	0.209	0.384147584438	3.88	1.625000	-0.236000	-0.173000	1.000000	0.868000	0.914000	12.8295	758
A2951T	0.02	0.00	0.00	0.08	0.26	0.06	0.19	0.01	0.13	0.0	0.0	0.0	-1.19	0.399	0.442014396191	5.6	7.914000	1.176000	0.676000	1.000000	0.766000	0.854000	19.9756	758
S2954P	0.03	0.01	0.00	0.26	0.30	0.91	0.10	0.02	0.14	0.031	0.0	0.0	-1.28	0.277	0.391071081161	0.273	1.041000	1.138000	0.665000	0.767000	0.949000	0.926000	6.6096	758
G2961S	0.03	0.03	0.00	0.26	0.37	0.05	0.16	0.02	0.14	0.146	0.0	0.0	-1.62	0.088	0.254257977009	1.03	1.366000	-0.130000	-0.106000	0.332000	0.445000	0.632000	6.1569	758
V2969M	0.02	0.03	0.00	0.25	0.25	0.99	0.23	0.02	0.16	0.001	0.0	0.0	-0.83	0.299	0.370080888271	0.674	2.757000	-0.130000	-0.699000	0.998000	0.990000	0.864000	6.5981	758
L2972W	0.02	0.01	0.00	0.22	0.16	0.03	0.35	0.01	0.15	0.0	0.0	0.0	-1.77	0.545	0.553902745247	5.46	6.362000	1.138000	0.665000	1.000000	0.987000	0.992000	15.8219	758
R2973C	0.02	0.01	0.00	0.25	0.19	0.04	0.25	0.01	0.16	0.046	0.0	0.0	-2.38	0.617	0.39605358243	4.61	2.480000	1.026000	0.599000	1.000000	0.954000	0.984000	11.232	758
S2976R	0.03	0.01	0.00	0.26	0.26	0.03	0.47	0.01	0.20	0.009	0.0	0.0	-1.32	0.468	0.397537767887	5.46	1.568000	1.026000	0.599000	1.000000	0.575000	0.881000	10.1993	758
S2998F	0.04	0.06	0.00	0.26	0.19	0.07	0.15	0.03	0.17	0.0	0.0	0.0	-1.58	0.409	0.447526037693	5.66	5.340000	1.026000	0.599000	1.000000	1.000000	0.997000	20.115	764
A3012G	0.02	0.03	0.00	0.26	0.28	0.06	0.17	0.06	0.16	0.004	0.0	0.0	-0.94	0.273	0.266567677259	4.82	2.346000	0.123000	0.599000	0.008000	0.943000	0.994000	14.6684	764
S3020P	0.04	0.01	0.00	0.27	0.29	0.07	0.17	0.02	0.18	0.042	0.0	0.0	-1.0	0.305	0.308897674084	4.45	0.623000	1.138000	0.665000	0.000000	0.976000	0.990000	13.2206	764
Q3026E	0.04	0.00	0.00	0.27	0.28	0.08	0.15	0.01	0.14	0.002	0.0	0.0	-0.73	0.389	0.328659236431	5.66	7.312000	1.026000	0.599000	1.000000	0.721000	0.946000	20.115	764
T3033P	0.03	0.02	0.00	0.26	0.26	0.07	0.18	0.01	0.13	0.0	0.0	0.0	-1.58	0.568	0.462302267551	5.66	6.843000	1.312000	0.756000	1.000000	1.000000	0.999000	16.1922	764
R3052W	0.01	0.07	0.00	0.26	0.17	0.02	0.24	0.03	0.10	0.0	0.0	0.0	-2.06	0.821	0.507386088371	1.4	2.976000	0.251000	-0.136000	0.990000	0.998000	0.990000	12.9995	764
K3059N	0.03	0.03	0.00	0.25	0.17	0.05	0.08	0.03	0.13	0.07	0.0	0.0	-1.05	0.461	0.223625510931	0.301	-0.027000	0.315000	0.756000	0.000000	0.094000	0.993000	3.1299	764
V3079I	0.05	0.07	0.00	0.20	0.16	0.07	0.10	0.02	0.08	0.574	0.0	0.0	-0.17	0.385	0.290665596724	3.38	-0.168000	-0.130000	-0.681000	0.000000	0.940000	0.424000	6.9204	764
C3097Y	0.04	0.05	0.00	0.24	0.13	0.15	0.23	0.17	0.06	0.15	0.0	0.0	-1.78	0.574	0.443268060684	0.305	1.443000	1.176000	0.676000	0.881000	0.353000	0.915000	6.7684	787
Y3098H	0.04	0.03	0.00	0.24	0.14	0.15	0.14	0.31	0.05	0.775	0.0	0.0	0.39	0.445	0.354104399681	1.6	0.618000	-0.259000	-0.218000	0.747000	0.342000	0.893000	9.9152	787
I3103V	0.04	0.08	0.00	0.26	0.09	0.05	0.17	0.02	0.05	0.702	0.0	0.0	-0.13	0.405	0.274684339762	-4.61	-0.724000	-0.039000	-0.050000	0.038000	0.897000	0.983000	16.4004	787
I3103M	0.05	0.08	0.00	0.25	0.09	0.04	0.17	0.02	0.06	0.002	0.0	0.0	-0.79	0.595	0.298065960407	0.513	0.608000	-0.043000	0.756000	0.998000	0.896000	0.979000	3.9625	787
A3122P	0.04	0.07	0.04	0.26	0.19	0.14	0.19	0.06	0.01	0.002	0.0	0.0	-1.45	0.732	0.500561475754	5.89	6.500000	1.176000	0.676000	1.000000	1.000000	0.995000	18.4332	787
S3123G	0.04	0.06	0.04	0.26	0.22	0.14	0.20	0.04	0.10	0.0	0.0	0.0	-1.16	0.663	0.450863271952	5.89	6.058000	1.312000	0.756000	1.000000	1.000000	0.996000	14.8794	787
S3131P	0.14	0.03	0.00	0.27	0.24	0.24	0.29	0.06	0.10	0.039	0.0	0.0	-1.37	0.508	0.304557144642	0.224	0.907000	0.170000	0.665000	0.131000	0.999000	0.994000	3.421	787
S3133L	0.13	0.02	0.00	0.27	0.28	0.24	0.26	0.06	0.10	0.072	0.0	0.0	-1.35	0.575	0.327695161104	4.17	1.010000	1.026000	0.599000	0.930000	0.986000	0.796000	10.8591	787
G3153V	0.03	0.06	0.00	0.24	0.29	0.06	0.13	0.06	0.09	0.198	0.0	0.0	-1.59	0.541	0.253250509501	-1.67	-0.641000	-0.187000	0.676000	0.000000	0.398000	0.947000	2.2946	787
T3165S	0.11	0.05	0.00	0.24	0.22	0.16	0.12	0.04	0.10	0.545	0.0	0.0	-0.34	0.432	0.283450424671	3.24	0.659000	0.130000	-0.174000	0.000000	0.925000	0.599000	6.4134	787
D3170G	0.10	0.04	0.00	0.26	0.16	0.18	0.12	0.04	0.04	0.124	0.0	0.0	-1.6	0.552	0.384216099977	0.419	0.328000	0.314000	0.756000	0.001000	0.966000	0.986000	1.026	791
I3171L	0.10	0.05	0.00	0.26	0.18	0.16	0.12	0.04	0.04	0.268	0.0	0.0	-0.17	0.394	0.288904309273	1.09	0.854000	0.325000	0.756000	0.000000	0.950000	0.986000	1.0784	791
L3184V	0.04	0.02	0.00	0.26	0.18	0.17	0.18	0.09	0.11	0.039	0.0	0.0	-0.84	0.493	0.379328250885	5.07	2.960000	1.026000	0.599000	0.859000	0.130000	0.568000	14.0425	791
D3188G	0.04	0.04	0.00	0.27	0.19	0.12	0.17	0.04	0.13	0.242	0.0	0.0	-1.27	0.575	0.24202658236	-2.53	-0.293000	0.324000	0.756000	0.000000	0.578000	0.770000	5.8737	791
D3197H	0.01	0.02	0.00	0.25	0.25	0.05	0.12	0.02	0.14	0.001	0.0	0.0	-1.74	0.151	0.274247586727	4.89	0.806000	1.176000	0.676000	0.174000	0.141000	0.211000	7.7095	791
C3198R	0.01	0.02	0.00	0.25	0.39	0.08	0.12	0.01	0.24	0.099	0.0	0.0	-0.43	0.167	0.218035310507	2.96	0.571000	0.200000	0.665000	0.001000	0.052000	0.088000	5.6943	791
I3207N	0.00	0.00	0.00	0.25	0.26	0.02	0.15	0.00	0.18	0.09	0.0	0.0	-0.48	0.219	0.282392084599	3.1	0.758000	-1.202000	-1.092000	0.001000	0.001000	0.001000	6.9969	791
P3209S	0.00	0.00	0.00	0.25	0.19	0.02	0.14	0.00	0.12	0.817	0.0	0.0	-0.17	0.195	0.20577955246	3.46	0.818000	1.026000	-0.232000	0.000000	0.008000	0.001000	7.6762	791
M3234V	0.00	0.00	0.00	0.23	0.34	0.02	0.18	0.00	0.19	0.171	0.0	0.0	-0.34	0.215	0.199839740992	2.43	2.827000	1.312000	0.691000	0.027000	0.052000	0.041000	8.5105	791
V3244I	0.00	0.00	0.00	0.21	0.17	0.02	0.21	0.00	0.16	0.421	0.0	0.0	-0.03	0.064	0.192670583725	-5.84	0.089000	-1.168000	-0.798000	0.000000	0.002000	0.552000	8.2699	791
G3255R	0.01	0.00	0.00	0.21	0.23	0.05	0.19	0.01	0.25	0.079	0.0	0.0	-1.99	0.162	0.27231028676	4.52	2.015000	1.176000	0.618000	0.019000	0.976000	0.999000	8.6735	791
L3274V	0.00	0.02	0.00	0.26	0.20	0.05	0.35	0.01	0.13	0.0	0.0	0.0	-0.85	0.187	0.490790694952	-2.01	0.360000	0.200000	0.609000	0.864000	0.996000	1.000000	14.1005	791
P3292S	0.00	0.01	0.00	0.26	0.27	0.02	0.28	0.01	0.11	0.002	0.0	0.0	-2.27	0.233	0.52493339777	5.74	2.887000	1.026000	0.549000	1.000000	1.000000	0.998000	19.9187	791
P3300T	0.01	0.03	0.00	0.26	0.27	0.02	0.27	0.01	0.20	0.0	0.0	0.0	-2.32	0.237	0.596630215645	5.58	5.432000	1.026000	0.549000	1.000000	1.000000	0.990000	19.5617	791
C3304Y	0.01	0.03	0.00	0.25	0.17	0.02	0.47	0.01	0.29	0.002	0.0	0.0	-3.1	0.138	0.50908356905	5.58	2.873000	0.195000	-0.244000	1.000000	0.989000	0.755000	11.4196	791
I3312V	0.02	0.00	0.00	0.25	0.23	0.03	0.26	0.00	0.26	0.575	0.0	0.0	-0.07	0.017	0.239053696394	-7.99	-0.791000	0.281000	-0.186000	0.000000	0.974000	0.846000	4.2105	791
P3320S	0.03	0.00	0.00	0.22	0.23	0.05	0.27	0.00	0.27	0.086	0.0	0.0	-1.64	0.114	0.298501849174	4.71	1.313000	1.026000	0.549000	0.002000	0.093000	0.394000	6.9285	791
L3344V	0.02	0.05	0.01	0.27	0.30	0.08	0.33	0.10	0.04	0.002	0.0	0.0	-0.8	0.209	0.503849327564	5.72	2.911000	1.026000	0.549000	1.000000	0.998000	0.998000	19.8745	791
I3347M	0.02	0.05	0.00	0.26	0.33	0.11	0.31	0.10	0.03	0.003	0.0	0.0	-0.72	0.158	0.487971365452	-1.9	-0.536000	0.232000	0.691000	0.508000	0.971000	0.997000	9.4672	791
T3349A	0.02	0.02	0.01	0.26	0.25	0.20	0.25	0.03	0.04	0.0	0.0	0.0	-1.45	0.349	0.444944560528	5.72	6.424000	1.312000	0.691000	1.000000	0.981000	0.998000	15.9979	791
T3357I	0.02	0.01	0.00	0.26	0.38	0.07	0.25	0.01	0.13	0.189	0.0	0.0	-0.68	0.043	0.233985126019	2.18	0.642000	-0.214000	-0.249000	0.286000	0.049000	0.883000	2.418	791
F3362S	0.03	0.01	0.00	0.26	0.51	0.03	0.23	0.02	0.15	0.012	0.0	0.0	-0.59	0.019	0.279010355473	-0.684	-0.202000	-0.247000	-0.242000	0.000000	0.000000	0.392000	5.4785	791
S3366R	0.02	0.01	0.00	0.20	0.32	0.03	0.23	0.01	0.20	0.106	0.0	0.0	-0.9	0.026	0.251767486334	-3.51	-0.584000	0.324000	0.691000	0.000000	0.020000	0.269000	7.1193	791
R3384Q	0.00	0.00	0.00	0.34	0.14	0.03	0.28	0.00	0.23	0.054	0.0	0.0	-0.55	0.064	0.237866103649	2.92	1.223000	1.006000	0.676000	0.002000	0.013000	0.022000	7.8806	791
E3402K	0.02	0.01	0.00	0.27	0.23	0.13	0.18	0.01	0.16	0.138	0.0	0.0	-0.66	0.095	0.25879368186	-0.216	1.301000	-0.180000	0.676000	0.229000	0.000000	0.015000	4.4102	791
I3412V	0.09	0.02	0.00	0.25	0.22	0.15	0.53	0.05	0.24	0.923	0.0	0.0	-0.09	0.028	0.241998493671	-0.286	0.556000	-0.448000	-0.041000	0.000000	0.000000	0.043000	4.7878	790
T3413R	0.10	0.02	0.00	0.29	0.21	0.27	0.42	0.04	0.32	0.009	0.0	0.0	-0.36	0.026	0.268111616373	-3.06	-0.699000	-0.351000	-0.813000	0.000000	0.000000	0.010000	0.8128	790
C1853L	0.13	0.04	0.00	0.25	0.13	0.04	0.21	0.54	0.18	0.0	0.0	0.0	0.0	0.0	0.0	0.0	0.0	0.0	0.0	0.0	0.0	0.0	0.0	0.0
A2466V	0.00	0.02	0.00	0.28	0.32	0.04	0.14	0.01	0.17	0.0	0.0	0.0	0.0	0.0	0.0	0.0	0.0	0.0	0.0	0.0	0.0	0.0	0.0	0.0
V1270I	0.00	0.00	0.00	0.26	0.27	0.01	0.21	0.01	0.12	0.0	0.0	0.0	0.0	0.0	0.0	0.0	0.0	0.0	0.0	0.0	0.0	0.0	0.0	0.0
