# Variant	Relative_solvent_accessibility	Allosteric_site	Catalytic_site	Altered Secondary_structure	Altered Stability_and_conformational_flexibility	Altered Special_structural_signatures	Altered Macromolecular_binding	Altered Metal_binding	Altered PTM_site	SIFT_score	Polyphen2_HDIV_score	Polyphen2_HVAR_score	PROVEAN_score	REVEL_score	PrimateAI_score	GERP++_RS	phyloP100way_vertebrate	phyloP30way_mammalian	phyloP17way_primate	phastCons100way_vertebrate	phastCons30way_mammalian	phastCons17way_primate	SiPhy_29way_logOdds	bStatistic
M1L	0.27	0.03	0.01	0.25	0.30	0.16	0.33	0.12	0.03	0.0	0.0	0.0	0.0	0.0	0.0	0.0	0.0	0.0	0.0	0.0	0.0	0.0	0.0	0.0
P18S	0.26	0.11	0.08	0.25	0.13	0.16	0.31	0.08	0.15	0.0	0.0	0.0	0.0	0.0	0.0	0.0	0.0	0.0	0.0	0.0	0.0	0.0	0.0	0.0
D94G	0.00	0.00	0.00	0.26	0.28	0.08	0.05	0.15	0.08	0.0	0.0	0.0	0.0	0.0	0.0	0.0	0.0	0.0	0.0	0.0	0.0	0.0	0.0	0.0
R106S	0.01	0.00	0.00	0.27	0.20	0.06	0.07	0.01	0.18	0.0	0.0	0.0	0.0	0.0	0.0	0.0	0.0	0.0	0.0	0.0	0.0	0.0	0.0	0.0
T133S	0.02	0.00	0.00	0.28	0.22	0.07	0.05	0.00	0.24	0.0	0.0	0.0	0.0	0.0	0.0	0.0	0.0	0.0	0.0	0.0	0.0	0.0	0.0	0.0
R160I	0.04	0.00	0.00	0.30	0.36	0.15	0.10	0.01	0.19	0.0	0.0	0.0	0.0	0.0	0.0	0.0	0.0	0.0	0.0	0.0	0.0	0.0	0.0	0.0
T167I	0.01	0.00	0.00	0.23	0.26	0.17	0.09	0.00	0.13	0.0	0.0	0.0	0.0	0.0	0.0	0.0	0.0	0.0	0.0	0.0	0.0	0.0	0.0	0.0
S215F	0.00	0.00	0.00	0.21	0.24	0.02	0.02	0.02	0.13	0.0	0.0	0.0	0.0	0.0	0.0	0.0	0.0	0.0	0.0	0.0	0.0	0.0	0.0	0.0
Q223R	0.01	0.00	0.00	0.26	0.23	0.09	0.05	0.01	0.26	0.0	0.0	0.0	0.0	0.0	0.0	0.0	0.0	0.0	0.0	0.0	0.0	0.0	0.0	0.0
A375T	0.06	0.18	0.01	0.26	0.13	0.10	0.27	0.10	0.09	0.0	0.0	0.0	0.0	0.0	0.0	0.0	0.0	0.0	0.0	0.0	0.0	0.0	0.0	0.0
I391V	0.23	0.29	0.26	0.25	0.14	0.07	0.26	0.27	0.07	0.0	0.0	0.0	0.0	0.0	0.0	0.0	0.0	0.0	0.0	0.0	0.0	0.0	0.0	0.0
N397H	0.07	0.26	0.28	0.25	0.23	0.05	0.30	0.52	0.04	0.0	0.0	0.0	0.0	0.0	0.0	0.0	0.0	0.0	0.0	0.0	0.0	0.0	0.0	0.0
I467M	0.03	0.03	0.00	0.25	0.15	0.25	0.08	0.02	0.10	0.0	0.0	0.0	0.0	0.0	0.0	0.0	0.0	0.0	0.0	0.0	0.0	0.0	0.0	0.0
P488S	0.02	0.03	0.00	0.28	0.11	0.10	0.09	0.05	0.03	0.0	0.0	0.0	0.0	0.0	0.0	0.0	0.0	0.0	0.0	0.0	0.0	0.0	0.0	0.0
S505L	0.03	0.01	0.00	0.28	0.29	0.30	0.09	0.01	0.27	0.0	0.0	0.0	0.0	0.0	0.0	0.0	0.0	0.0	0.0	0.0	0.0	0.0	0.0	0.0
M532V	0.00	0.02	0.00	0.26	0.09	0.03	0.07	0.00	0.12	0.0	0.0	0.0	0.0	0.0	0.0	0.0	0.0	0.0	0.0	0.0	0.0	0.0	0.0	0.0
Y536C	0.01	0.02	0.00	0.26	0.12	0.04	0.07	0.01	0.14	0.0	0.0	0.0	0.0	0.0	0.0	0.0	0.0	0.0	0.0	0.0	0.0	0.0	0.0	0.0
T559R	0.07	0.02	0.00	0.28	0.13	0.21	0.18	0.04	0.17	0.0	0.0	0.0	0.0	0.0	0.0	0.0	0.0	0.0	0.0	0.0	0.0	0.0	0.0	0.0
W592G	0.00	0.08	0.00	0.25	0.20	0.03	0.12	0.08	0.03	0.0	0.0	0.0	0.0	0.0	0.0	0.0	0.0	0.0	0.0	0.0	0.0	0.0	0.0	0.0
P596L	0.06	0.06	0.00	0.26	0.10	0.02	0.14	0.05	0.01	0.0	0.0	0.0	0.0	0.0	0.0	0.0	0.0	0.0	0.0	0.0	0.0	0.0	0.0	0.0
S625P	0.16	0.11	0.00	0.25	0.31	0.26	0.29	0.07	0.13	0.0	0.0	0.0	0.0	0.0	0.0	0.0	0.0	0.0	0.0	0.0	0.0	0.0	0.0	0.0
I633T	0.09	0.07	0.00	0.28	0.18	0.08	0.26	0.08	0.04	0.0	0.0	0.0	0.0	0.0	0.0	0.0	0.0	0.0	0.0	0.0	0.0	0.0	0.0	0.0
V648I	0.06	0.08	0.00	0.25	0.20	0.02	0.22	0.07	0.03	0.0	0.0	0.0	0.0	0.0	0.0	0.0	0.0	0.0	0.0	0.0	0.0	0.0	0.0	0.0
P655S	0.08	0.05	0.00	0.25	0.23	0.14	0.22	0.03	0.18	0.0	0.0	0.0	0.0	0.0	0.0	0.0	0.0	0.0	0.0	0.0	0.0	0.0	0.0	0.0
Q673R	0.08	0.07	0.00	0.23	0.14	0.24	0.28	0.10	0.10	0.0	0.0	0.0	0.0	0.0	0.0	0.0	0.0	0.0	0.0	0.0	0.0	0.0	0.0	0.0
G690E	0.11	0.13	0.01	0.27	0.10	0.03	0.14	0.09	0.05	0.0	0.0	0.0	0.0	0.0	0.0	0.0	0.0	0.0	0.0	0.0	0.0	0.0	0.0	0.0
G729R	0.16	0.06	0.12	0.30	0.27	0.17	0.22	0.24	0.25	0.0	0.0	0.0	0.0	0.0	0.0	0.0	0.0	0.0	0.0	0.0	0.0	0.0	0.0	0.0
Y742F	0.13	0.16	0.00	0.24	0.12	0.09	0.28	0.10	0.23	0.0	0.0	0.0	0.0	0.0	0.0	0.0	0.0	0.0	0.0	0.0	0.0	0.0	0.0	0.0
K749N	0.17	0.06	0.00	0.24	0.25	0.04	0.23	0.08	0.23	0.0	0.0	0.0	0.0	0.0	0.0	0.0	0.0	0.0	0.0	0.0	0.0	0.0	0.0	0.0
K752Q	0.18	0.09	0.00	0.27	0.25	0.04	0.16	0.10	0.25	0.0	0.0	0.0	0.0	0.0	0.0	0.0	0.0	0.0	0.0	0.0	0.0	0.0	0.0	0.0
L810V	0.14	0.08	0.00	0.25	0.22	0.07	0.22	0.04	0.12	0.0	0.0	0.0	0.0	0.0	0.0	0.0	0.0	0.0	0.0	0.0	0.0	0.0	0.0	0.0
R814G	0.14	0.15	0.01	0.28	0.19	0.07	0.29	0.11	0.12	0.0	0.0	0.0	0.0	0.0	0.0	0.0	0.0	0.0	0.0	0.0	0.0	0.0	0.0	0.0
D847N	0.20	0.27	0.14	0.26	0.19	0.15	0.29	0.39	0.17	0.0	0.0	0.0	0.0	0.0	0.0	0.0	0.0	0.0	0.0	0.0	0.0	0.0	0.0	0.0
R855L	0.27	0.07	0.00	0.27	0.19	0.12	0.37	0.09	0.18	0.0	0.0	0.0	0.0	0.0	0.0	0.0	0.0	0.0	0.0	0.0	0.0	0.0	0.0	0.0
I857T	0.25	0.07	0.00	0.25	0.26	0.07	0.36	0.07	0.18	0.0	0.0	0.0	0.0	0.0	0.0	0.0	0.0	0.0	0.0	0.0	0.0	0.0	0.0	0.0
K897E	0.03	0.00	0.00	0.22	0.25	0.09	0.20	0.01	0.23	0.0	0.0	0.0	0.0	0.0	0.0	0.0	0.0	0.0	0.0	0.0	0.0	0.0	0.0	0.0
L909R	0.00	0.00	0.00	0.25	0.34	0.05	0.11	0.00	0.20	0.0	0.0	0.0	0.0	0.0	0.0	0.0	0.0	0.0	0.0	0.0	0.0	0.0	0.0	0.0
E910Q	0.00	0.00	0.00	0.25	0.25	0.05	0.12	0.00	0.19	0.0	0.0	0.0	0.0	0.0	0.0	0.0	0.0	0.0	0.0	0.0	0.0	0.0	0.0	0.0
Q947R	0.01	0.01	0.00	0.29	0.23	0.06	0.12	0.01	0.15	0.0	0.0	0.0	0.0	0.0	0.0	0.0	0.0	0.0	0.0	0.0	0.0	0.0	0.0	0.0
I952S	0.00	0.00	0.00	0.26	0.52	0.04	0.16	0.00	0.23	0.0	0.0	0.0	0.0	0.0	0.0	0.0	0.0	0.0	0.0	0.0	0.0	0.0	0.0	0.0
N955D	0.00	0.00	0.00	0.26	0.27	0.05	0.25	0.01	0.19	0.0	0.0	0.0	0.0	0.0	0.0	0.0	0.0	0.0	0.0	0.0	0.0	0.0	0.0	0.0
P957L	0.00	0.01	0.00	0.31	0.44	0.08	0.26	0.01	0.23	0.0	0.0	0.0	0.0	0.0	0.0	0.0	0.0	0.0	0.0	0.0	0.0	0.0	0.0	0.0
T1013I	0.00	0.00	0.00	0.26	0.40	0.02	0.25	0.00	0.15	0.0	0.0	0.0	0.0	0.0	0.0	0.0	0.0	0.0	0.0	0.0	0.0	0.0	0.0	0.0
K1040Q	0.00	0.00	0.00	0.27	0.22	0.02	0.16	0.00	0.40	0.0	0.0	0.0	0.0	0.0	0.0	0.0	0.0	0.0	0.0	0.0	0.0	0.0	0.0	0.0
M1041V	0.00	0.00	0.00	0.26	0.22	0.02	0.16	0.00	0.24	0.0	0.0	0.0	0.0	0.0	0.0	0.0	0.0	0.0	0.0	0.0	0.0	0.0	0.0	0.0
V1046I	0.00	0.00	0.00	0.24	0.21	0.01	0.37	0.00	0.18	0.0	0.0	0.0	0.0	0.0	0.0	0.0	0.0	0.0	0.0	0.0	0.0	0.0	0.0	0.0
T1072N	0.00	0.00	0.00	0.26	0.26	0.02	0.22	0.01	0.11	0.0	0.0	0.0	0.0	0.0	0.0	0.0	0.0	0.0	0.0	0.0	0.0	0.0	0.0	0.0
S1089C	0.01	0.00	0.00	0.26	0.44	0.02	0.16	0.09	0.17	0.0	0.0	0.0	0.0	0.0	0.0	0.0	0.0	0.0	0.0	0.0	0.0	0.0	0.0	0.0
D1112E	0.02	0.01	0.00	0.26	0.25	0.02	0.23	0.02	0.25	0.0	0.0	0.0	0.0	0.0	0.0	0.0	0.0	0.0	0.0	0.0	0.0	0.0	0.0	0.0
T1123A	0.07	0.01	0.00	0.25	0.23	0.01	0.26	0.13	0.17	0.0	0.0	0.0	0.0	0.0	0.0	0.0	0.0	0.0	0.0	0.0	0.0	0.0	0.0	0.0
D1138Y	0.04	0.05	0.00	0.23	0.28	0.02	0.35	0.13	0.95	0.0	0.0	0.0	0.0	0.0	0.0	0.0	0.0	0.0	0.0	0.0	0.0	0.0	0.0	0.0
L1158W	0.06	0.04	0.00	0.25	0.39	0.03	0.30	0.05	0.19	0.0	0.0	0.0	0.0	0.0	0.0	0.0	0.0	0.0	0.0	0.0	0.0	0.0	0.0	0.0
A1159T	0.06	0.02	0.00	0.26	0.28	0.03	0.28	0.08	0.19	0.0	0.0	0.0	0.0	0.0	0.0	0.0	0.0	0.0	0.0	0.0	0.0	0.0	0.0	0.0
E1178K	0.12	0.09	0.00	0.23	0.18	0.12	0.25	0.02	0.20	0.0	0.0	0.0	0.0	0.0	0.0	0.0	0.0	0.0	0.0	0.0	0.0	0.0	0.0	0.0
G1243D	0.06	0.05	0.00	0.29	0.25	0.04	0.29	0.01	0.22	0.0	0.0	0.0	0.0	0.0	0.0	0.0	0.0	0.0	0.0	0.0	0.0	0.0	0.0	0.0
