# Variant	Relative_solvent_accessibility	Allosteric_site	Catalytic_site	Altered Secondary_structure	Altered Stability_and_conformational_flexibility	Altered Special_structural_signatures	Altered Macromolecular_binding	Altered Metal_binding	Altered PTM_site	SIFT_score	Polyphen2_HDIV_score	Polyphen2_HVAR_score	PROVEAN_score	REVEL_score	PrimateAI_score	GERP++_RS	phyloP100way_vertebrate	phyloP30way_mammalian	phyloP17way_primate	phastCons100way_vertebrate	phastCons30way_mammalian	phastCons17way_primate	SiPhy_29way_logOdds	bStatistic
M1K	0.12	0.11	0.00	0.25	0.38	0.22	0.28	0.05	0.21	0.0	0.973	0.921	-0.33	0.700	0.0	5.87	1.921000	1.134000	0.661000	0.996000	0.987000	0.775000	15.2536	315
M1T	0.08	0.08	0.00	0.28	0.31	0.13	0.23	0.04	0.05	0.0	0.973	0.885	-0.15	0.637	0.0	5.87	1.921000	1.134000	0.661000	0.996000	0.987000	0.775000	15.2536	315
M1R	0.08	0.13	0.00	0.26	0.31	0.14	0.27	0.05	0.17	0.0	0.973	0.942	-0.66	0.714	0.0	5.87	1.921000	1.134000	0.661000	0.996000	0.987000	0.775000	15.2536	315
R9W	0.39	0.24	0.00	0.29	0.20	0.24	0.30	0.15	0.11	0.002	1.0	0.973	-4.59	0.860	0.798025071621	4.01	4.515000	1.022000	0.596000	1.000000	0.984000	0.953000	14.8793	315
R10G	0.27	0.24	0.00	0.30	0.13	0.17	0.27	0.16	0.12	0.003	0.997	0.937	-3.99	0.819	0.776502549648	4.93	0.848000	1.022000	0.545000	1.000000	0.994000	0.975000	14.3131	315
D12E	0.31	0.27	0.02	0.24	0.14	0.20	0.32	0.30	0.12	0.086	0.048	0.036	-1.82	0.600	0.715654373169	0.0596	0.072000	-0.240000	0.596000	0.939000	0.997000	0.997000	6.3962	315
V16M	0.28	0.29	0.02	0.26	0.13	0.21	0.29	0.29	0.09	0.001	1.0	0.996	-2.38	0.884	0.864443540573	5.1	9.488000	1.172000	0.672000	1.000000	0.999000	0.997000	16.2406	315
A21E	0.31	0.31	0.32	0.26	0.13	0.19	0.31	0.31	0.10	0.0	1.0	0.998	-4.06	0.889	0.826055824757	5.98	7.518000	1.022000	0.596000	1.000000	0.998000	0.993000	19.2211	315
A21V	0.26	0.28	0.27	0.27	0.11	0.20	0.28	0.28	0.09	0.0	0.998	0.849	-3.23	0.862	0.801885068417	5.98	7.518000	1.022000	0.596000	1.000000	0.998000	0.993000	19.2211	315
G22A	0.29	0.30	0.25	0.29	0.11	0.20	0.25	0.29	0.10	0.0	0.998	0.948	-4.86	0.907	0.831701993942	5.11	9.488000	1.172000	0.672000	1.000000	1.000000	0.998000	14.2948	315
E23K	0.28	0.28	0.43	0.26	0.12	0.17	0.24	0.60	0.59	0.0	0.999	0.991	-3.29	0.939	0.857109367847	5.11	9.488000	1.172000	0.672000	1.000000	1.000000	0.998000	14.2948	315
E23D	0.31	0.27	0.39	0.25	0.12	0.18	0.26	0.32	0.10	0.0	1.0	0.99	-2.31	0.846	0.800678372383	2.42	1.172000	0.312000	-0.054000	1.000000	1.000000	0.997000	9.0601	315
I25F	0.28	0.36	0.27	0.27	0.14	0.13	0.25	0.29	0.10	0.0	1.0	0.998	-3.13	0.953	0.852991819382	5.98	8.850000	1.307000	0.751000	1.000000	1.000000	0.997000	15.451	315
I25T	0.31	0.31	0.29	0.27	0.15	0.14	0.29	0.34	0.10	0.0	1.0	0.996	-3.93	0.932	0.898660063744	5.98	7.624000	1.134000	0.661000	1.000000	1.000000	0.996000	15.451	315
R27P	0.26	0.26	0.34	0.27	0.17	0.16	0.31	0.37	0.12	0.0	1.0	1.0	-4.72	0.907	0.786949694157	5.98	9.488000	1.172000	0.672000	1.000000	0.999000	0.989000	19.2211	315
P28L	0.32	0.25	0.35	0.29	0.15	0.19	0.28	0.29	0.24	0.0	1.0	1.0	-8.36	0.854	0.825154960155	5.98	7.518000	1.022000	0.596000	1.000000	0.975000	0.960000	19.2211	315
A29G	0.29	0.23	0.14	0.28	0.16	0.17	0.26	0.29	0.24	0.011	0.999	0.974	-2.79	0.885	0.670527875423	5.98	7.518000	1.022000	0.596000	1.000000	0.951000	0.959000	19.2211	315
A31V	0.26	0.22	0.15	0.17	0.15	0.14	0.27	0.27	0.23	0.0	1.0	0.998	-3.33	0.856	0.789370298386	5.98	7.518000	1.022000	0.596000	1.000000	0.992000	0.969000	19.2211	315
I32V	0.24	0.24	0.14	0.21	0.15	0.10	0.28	0.31	0.23	0.164	0.012	0.023	-0.59	0.415	0.623423993587	5.98	5.813000	1.307000	0.751000	1.000000	0.997000	0.979000	15.451	315
M35R	0.18	0.24	0.14	0.25	0.14	0.06	0.29	0.33	0.23	0.001	0.979	0.873	-4.04	0.902	0.829034805298	5.98	7.624000	1.134000	0.661000	1.000000	1.000000	1.000000	15.451	315
I36N	0.25	0.30	0.21	0.25	0.20	0.07	0.34	0.32	0.23	0.001	0.872	0.751	-4.97	0.939	0.734749674797	4.81	7.624000	1.134000	0.661000	1.000000	1.000000	1.000000	12.5776	315
E37K	0.18	0.25	0.17	0.25	0.15	0.06	0.27	0.53	0.28	0.0	1.0	0.998	-3.36	0.954	0.832071065903	5.98	9.488000	1.172000	0.672000	1.000000	0.999000	0.999000	19.2211	315
N38H	0.28	0.26	0.17	0.25	0.16	0.05	0.36	0.54	0.23	0.0	1.0	1.0	-3.99	0.936	0.775237858295	5.98	8.850000	1.307000	0.751000	1.000000	0.998000	0.998000	15.451	315
N38D	0.26	0.28	0.17	0.25	0.16	0.06	0.31	0.41	0.24	0.0	1.0	1.0	-4.07	0.928	0.801395654678	5.98	8.850000	1.307000	0.751000	1.000000	0.998000	0.998000	15.451	315
N38S	0.25	0.29	0.18	0.25	0.16	0.05	0.27	0.32	0.22	0.0	1.0	1.0	-4.03	0.909	0.723667144775	5.98	8.850000	1.307000	0.751000	1.000000	1.000000	0.998000	15.451	315
N38K	0.25	0.25	0.16	0.25	0.16	0.05	0.30	0.45	0.25	0.0	1.0	1.0	-4.85	0.888	0.818330049515	4.2	2.477000	1.022000	0.596000	1.000000	1.000000	0.998000	11.4009	315
C39R	0.26	0.28	0.15	0.26	0.17	0.07	0.28	0.55	0.16	0.072	0.985	0.949	-4.5	0.893	0.815787494183	5.98	7.624000	1.134000	0.661000	1.000000	1.000000	0.999000	15.451	315
D41H	0.28	0.26	0.15	0.25	0.17	0.10	0.31	0.52	0.11	0.0	1.0	1.0	-6.2	0.946	0.782735824585	5.85	9.506000	1.166000	0.665000	1.000000	1.000000	1.000000	18.9356	307
D41G	0.29	0.26	0.17	0.25	0.16	0.10	0.32	0.82	0.10	0.0	1.0	1.0	-6.2	0.939	0.735297977924	5.85	8.865000	1.301000	0.743000	1.000000	1.000000	1.000000	15.215	307
A42V	0.26	0.26	0.16	0.25	0.17	0.10	0.27	0.28	0.10	0.0	1.0	1.0	-3.54	0.938	0.724420785904	5.85	7.523000	1.018000	0.589000	1.000000	1.000000	1.000000	18.9356	307
S44F	0.29	0.17	0.15	0.25	0.19	0.10	0.30	0.42	0.17	0.001	0.995	0.953	-4.61	0.837	0.635271906853	4.97	4.736000	1.018000	0.589000	1.000000	1.000000	1.000000	15.8067	307
S46I	0.35	0.18	0.15	0.23	0.18	0.10	0.26	0.28	0.11	0.05	0.277	0.297	-3.73	0.718	0.490841507912	1.26	1.839000	0.238000	0.665000	1.000000	1.000000	1.000000	5.3475	307
Q48P	0.28	0.21	0.02	0.23	0.17	0.12	0.28	0.26	0.15	0.003	0.997	0.961	-3.91	0.963	0.597455024719	5.85	7.063000	1.301000	0.743000	1.000000	1.000000	0.999000	15.215	307
V49E	0.39	0.20	0.02	0.26	0.21	0.12	0.35	0.32	0.18	0.0	1.0	0.996	-5.41	0.949	0.644976377487	5.85	7.629000	1.129000	0.654000	1.000000	1.000000	0.996000	15.2151	307
K57Q	0.25	0.17	0.03	0.26	0.19	0.13	0.29	0.20	0.22	0.004	1.0	0.998	-3.65	0.811	0.751517772675	5.85	8.865000	1.301000	0.743000	1.000000	1.000000	1.000000	15.215	307
K57T	0.25	0.17	0.02	0.26	0.19	0.14	0.29	0.20	0.22	0.033	0.999	0.967	-5.45	0.833	0.782638907433	5.85	8.865000	1.301000	0.743000	1.000000	1.000000	1.000000	15.215	307
Q62K	0.25	0.28	0.42	0.26	0.19	0.10	0.29	0.39	0.27	0.005	0.998	0.983	-2.81	0.875	0.73735845089	5.85	7.523000	1.018000	0.589000	1.000000	1.000000	0.998000	18.9356	307
D63N	0.24	0.26	0.26	0.26	0.19	0.10	0.28	0.40	0.07	0.0	1.0	1.0	-4.59	0.949	0.794754803181	5.59	9.506000	1.166000	0.665000	1.000000	1.000000	0.996000	18.3547	307
D63G	0.25	0.35	0.37	0.25	0.19	0.08	0.30	0.53	0.07	0.0	1.0	1.0	-6.39	0.982	0.76072704792	5.85	8.865000	1.301000	0.743000	1.000000	1.000000	0.996000	15.215	307
D63E	0.28	0.27	0.26	0.25	0.18	0.08	0.28	0.43	0.06	0.0	1.0	1.0	-3.66	0.945	0.776227176189	4.98	1.061000	-0.268000	-0.214000	1.000000	0.998000	0.994000	10.9652	307
N64S	0.25	0.29	0.29	0.26	0.18	0.07	0.30	0.36	0.12	0.003	1.0	0.996	-4.41	0.926	0.684099674225	5.85	8.865000	1.301000	0.743000	1.000000	1.000000	0.996000	15.215	307
G65D	0.25	0.26	0.30	0.25	0.19	0.07	0.27	0.48	0.12	0.0	1.0	1.0	-6.43	0.988	0.849334180355	5.85	9.506000	1.166000	0.665000	1.000000	1.000000	0.993000	18.9356	307
G67R	0.25	0.28	0.28	0.26	0.18	0.07	0.28	0.32	0.12	0.0	1.0	1.0	-7.31	0.988	0.816547513008	5.85	9.506000	1.166000	0.665000	1.000000	0.998000	0.975000	18.9356	307
G67W	0.26	0.33	0.31	0.27	0.19	0.06	0.30	0.39	0.12	0.0	1.0	1.0	-7.36	0.986	0.803239822388	5.85	9.506000	1.166000	0.665000	1.000000	0.998000	0.975000	18.9356	307
G67E	0.26	0.28	0.29	0.26	0.18	0.07	0.28	0.36	0.12	0.0	1.0	1.0	-7.23	0.986	0.803782045841	5.85	9.506000	1.166000	0.665000	1.000000	0.999000	0.982000	18.9356	307
I68N	0.26	0.28	0.34	0.25	0.27	0.07	0.38	0.31	0.12	0.0	1.0	1.0	-6.41	0.946	0.854399085045	5.85	7.629000	1.129000	0.654000	1.000000	1.000000	0.988000	15.2151	307
L73P	0.22	0.30	0.04	0.20	0.21	0.08	0.26	0.33	0.13	0.001	1.0	0.996	-5.29	0.961	0.809366822243	6.03	7.562000	1.138000	0.665000	1.000000	1.000000	1.000000	15.5408	286
I75F	0.21	0.28	0.05	0.25	0.17	0.08	0.27	0.28	0.09	0.002	1.0	0.998	-3.54	0.864	0.727611780167	6.03	5.668000	1.312000	0.756000	1.000000	1.000000	0.998000	15.5407	286
I75T	0.22	0.25	0.05	0.25	0.18	0.08	0.28	0.27	0.10	0.001	1.0	0.999	-4.4	0.890	0.811684668064	6.03	7.562000	1.138000	0.665000	1.000000	1.000000	0.998000	15.5408	286
C77R	0.15	0.28	0.05	0.26	0.16	0.08	0.39	0.28	0.08	0.0	1.0	0.999	-10.17	0.965	0.882880091667	5.91	7.562000	1.138000	0.665000	1.000000	0.997000	0.997000	15.3278	286
C77Y	0.16	0.27	0.05	0.25	0.15	0.08	0.31	0.26	0.17	0.0	1.0	0.999	-9.51	0.954	0.889159798622	5.91	9.424000	1.176000	0.676000	1.000000	0.998000	0.998000	19.0698	286
T81A	0.22	0.25	0.07	0.27	0.18	0.08	0.25	0.19	0.07	0.0	0.998	0.979	-4.59	0.909	0.735136628151	5.91	8.789000	1.312000	0.756000	1.000000	0.998000	0.994000	15.3278	286
T82I	0.22	0.28	0.07	0.25	0.21	0.08	0.27	0.21	0.07	0.0	1.0	1.0	-5.55	0.872	0.738027453423	5.91	7.457000	1.026000	0.599000	1.000000	0.990000	0.984000	19.0698	286
S83I	0.24	0.28	0.07	0.25	0.22	0.06	0.31	0.21	0.07	0.0	1.0	1.0	-5.56	0.907	0.694483399391	5.91	9.424000	1.176000	0.676000	1.000000	0.996000	0.979000	19.0698	286
K84E	0.25	0.25	0.08	0.26	0.21	0.06	0.36	0.30	0.07	0.0	1.0	1.0	-3.71	0.946	0.734351992607	5.91	8.789000	1.312000	0.756000	1.000000	0.998000	0.980000	15.3278	286
A92P	0.28	0.18	0.01	0.28	0.23	0.07	0.31	0.15	0.11	0.033	0.773	0.611	-1.7	0.744	0.562366247177	4.11	1.256000	0.203000	-0.148000	0.998000	1.000000	0.996000	8.0469	286
S93G	0.30	0.14	0.02	0.26	0.20	0.07	0.33	0.16	0.11	0.025	0.019	0.142	-2.83	0.549	0.303452074528	0.361	0.717000	1.312000	0.756000	0.004000	1.000000	0.996000	7.1328	286
S95A	0.31	0.28	0.25	0.27	0.15	0.07	0.29	0.16	0.11	0.637	0.001	0.013	-0.17	0.495	0.603272080421	3.37	3.075000	1.138000	0.665000	1.000000	1.000000	0.994000	12.0616	286
G98S	0.26	0.27	0.25	0.25	0.14	0.07	0.29	0.22	0.11	0.0	1.0	1.0	-5.45	0.967	0.716956079006	5.91	9.424000	1.176000	0.676000	1.000000	1.000000	0.998000	19.0698	286
G98R	0.28	0.26	0.27	0.27	0.14	0.07	0.36	0.23	0.11	0.0	1.0	1.0	-7.37	0.974	0.788434505463	5.91	9.424000	1.176000	0.676000	1.000000	1.000000	0.998000	19.0698	286
F99L	0.28	0.30	0.28	0.26	0.15	0.07	0.32	0.20	0.11	0.0	1.0	1.0	-5.61	0.908	0.782627344131	-0.36	0.374000	1.138000	0.665000	0.997000	1.000000	0.998000	10.0793	286
R100Q	0.27	0.32	0.30	0.26	0.14	0.07	0.29	0.19	0.11	0.0	1.0	1.0	-3.74	0.927	0.63434112072	5.91	9.424000	1.176000	0.676000	1.000000	0.998000	0.997000	19.0698	286
G101S	0.27	0.25	0.27	0.25	0.14	0.07	0.31	0.21	0.11	0.0	1.0	1.0	-5.61	0.967	0.760904014111	5.91	9.424000	1.176000	0.676000	1.000000	0.998000	0.996000	19.0698	286
G101V	0.26	0.30	0.29	0.26	0.15	0.09	0.27	0.21	0.11	0.0	1.0	1.0	-8.38	0.960	0.77204310894	5.91	9.424000	1.176000	0.676000	1.000000	1.000000	0.996000	19.0698	286
A103P	0.29	0.30	0.26	0.27	0.17	0.07	0.28	0.21	0.06	0.0	1.0	1.0	-4.69	0.879	0.740502595901	6.02	9.187000	1.176000	0.676000	1.000000	0.997000	0.979000	19.3087	273
S106G	0.07	0.18	0.24	0.26	0.14	0.05	0.28	0.20	0.02	0.0	1.0	1.0	-3.75	0.892	0.677356362343	6.02	8.563000	1.312000	0.756000	1.000000	0.997000	0.997000	15.5246	273
I107R	0.07	0.23	0.28	0.26	0.19	0.05	0.25	0.29	0.11	0.0	1.0	0.995	-6.54	0.894	0.776596069336	6.02	7.354000	1.138000	0.665000	1.000000	1.000000	0.999000	15.5246	273
H109P	0.07	0.08	0.13	0.25	0.12	0.04	0.30	0.28	0.07	0.001	1.0	0.996	-9.12	0.911	0.758013427258	6.02	8.563000	1.312000	0.756000	1.000000	0.999000	0.998000	15.5246	273
H109Q	0.08	0.07	0.11	0.25	0.11	0.04	0.27	0.29	0.03	0.003	1.0	0.994	-7.21	0.625	0.790834307671	-6.1	-1.009000	-0.151000	0.665000	0.019000	0.998000	0.998000	16.338	273
A111P	0.07	0.08	0.12	0.25	0.12	0.04	0.29	0.27	0.05	0.003	1.0	0.999	-4.29	0.894	0.792073130608	6.02	9.588000	1.176000	0.676000	1.000000	0.997000	0.998000	19.3087	273
A111V	0.07	0.07	0.11	0.25	0.12	0.05	0.25	0.23	0.04	0.002	1.0	0.998	-3.62	0.851	0.765378773212	6.02	7.590000	1.026000	0.599000	1.000000	0.994000	0.998000	19.3087	273
V113D	0.14	0.05	0.02	0.25	0.20	0.04	0.31	0.44	0.11	0.001	1.0	0.996	-5.54	0.901	0.812051355839	6.02	7.698000	1.138000	0.665000	1.000000	0.989000	0.999000	15.5246	273
T116K	0.26	0.05	0.00	0.25	0.19	0.06	0.24	0.24	0.10	0.007	0.993	0.93	-3.95	0.855	0.834736645222	6.02	7.590000	1.026000	0.599000	1.000000	1.000000	0.994000	19.3087	273
T116R	0.25	0.05	0.00	0.26	0.19	0.06	0.24	0.25	0.13	0.004	0.993	0.962	-4.08	0.866	0.826191782951	6.02	7.590000	1.026000	0.599000	1.000000	1.000000	0.994000	19.3087	273
T117M	0.25	0.04	0.00	0.25	0.19	0.13	0.26	0.23	0.11	0.0	1.0	0.997	-5.1	0.868	0.733414828777	5.11	5.825000	1.026000	0.599000	1.000000	0.997000	0.975000	16.2756	273
A120V	0.28	0.03	0.00	0.26	0.20	0.16	0.34	0.25	0.12	0.1	0.136	0.2	-2.33	0.600	0.619626760483	5.14	4.667000	1.026000	0.599000	1.000000	1.000000	0.998000	15.8123	273
D121G	0.27	0.09	0.00	0.25	0.20	0.17	0.26	0.30	0.21	0.049	0.003	0.013	-4.97	0.491	0.645448446274	6.02	8.942000	1.312000	0.756000	1.000000	1.000000	0.999000	15.5246	273
Y126N	0.33	0.09	0.00	0.26	0.26	0.17	0.35	0.32	0.30	0.0	0.911	0.917	-7.69	0.760	0.730771481991	6.02	5.962000	1.138000	0.665000	1.000000	0.997000	0.988000	15.5246	273
Y126C	0.26	0.09	0.00	0.26	0.21	0.17	0.31	0.34	0.30	0.0	0.996	0.969	-7.24	0.830	0.737150669098	4.81	4.912000	1.312000	0.756000	1.000000	0.999000	0.990000	11.732	273
R127I	0.27	0.10	0.01	0.26	0.28	0.16	0.32	0.20	0.22	0.001	0.996	0.983	-6.26	0.914	0.655968904495	5.72	9.448000	1.176000	0.676000	1.000000	0.997000	0.987000	19.011	273
A128P	0.26	0.13	0.00	0.25	0.30	0.17	0.32	0.17	0.21	0.003	1.0	0.998	-4.44	0.902	0.689323544502	6.05	9.674000	1.162000	0.672000	1.000000	0.998000	0.979000	19.3727	266
Y130H	0.18	0.10	0.00	0.25	0.33	0.19	0.39	0.16	0.24	0.0	1.0	0.999	-4.63	0.873	0.724098920822	6.05	7.761000	1.125000	0.661000	1.000000	0.999000	0.991000	15.5757	266
Y130C	0.17	0.10	0.00	0.26	0.26	0.19	0.28	0.16	0.24	0.0	1.0	1.0	-8.18	0.875	0.714788615704	6.05	9.021000	1.296000	0.751000	1.000000	0.997000	0.989000	15.5757	266
D132H	0.19	0.09	0.00	0.25	0.26	0.20	0.30	0.09	0.20	0.003	1.0	0.999	-5.3	0.690	0.716710686684	5.18	9.674000	1.162000	0.672000	1.000000	0.999000	0.994000	14.2435	266
L135V	0.27	0.10	0.01	0.25	0.25	0.21	0.25	0.09	0.20	0.008	0.581	0.753	-2.18	0.502	0.596442818642	6.05	2.143000	1.014000	0.596000	1.000000	0.999000	0.998000	13.3434	266
P141A	0.30	0.12	0.05	0.24	0.28	0.24	0.27	0.31	0.15	0.012	0.329	0.536	-6.22	0.657	0.692259311676	6.16	5.900000	1.014000	0.596000	1.000000	0.998000	0.999000	19.6313	266
C142S	0.36	0.14	0.08	0.25	0.40	0.23	0.29	0.31	0.15	0.004	0.999	0.987	-8.1	0.735	0.69949054718	6.16	7.761000	1.125000	0.661000	1.000000	0.996000	0.998000	15.7887	266
G147R	0.29	0.31	0.17	0.27	0.19	0.13	0.32	0.31	0.14	0.0	1.0	0.994	-7.58	0.921	0.886325120926	6.16	9.674000	1.162000	0.672000	1.000000	1.000000	0.995000	19.6313	266
Q149H	0.29	0.28	0.15	0.26	0.18	0.13	0.28	0.64	0.04	0.032	0.967	0.75	-3.4	0.709	0.704785168171	4.39	3.815000	1.162000	0.672000	1.000000	1.000000	0.999000	12.1423	266
L155R	0.27	0.18	0.06	0.25	0.11	0.19	0.33	0.28	0.14	0.0	1.0	0.994	-5.28	0.842	0.763404607773	6.17	7.083000	1.138000	0.665000	1.000000	1.000000	0.992000	16.4837	261
A160V	0.23	0.26	0.10	0.24	0.20	0.19	0.36	0.13	0.13	0.098	0.001	0.002	-1.88	0.516	0.370630443096	4.27	2.612000	0.138000	0.599000	0.895000	0.977000	0.964000	6.9591	261
T161M	0.24	0.26	0.10	0.24	0.21	0.18	0.27	0.13	0.13	0.081	0.947	0.449	-3.45	0.612	0.728667795658	6.17	6.986000	1.026000	0.599000	1.000000	0.979000	0.954000	20.4745	261
L166F	0.23	0.26	0.10	0.24	0.23	0.14	0.28	0.12	0.17	0.076	0.343	0.45	-2.35	0.719	0.771903455257	5.02	1.503000	1.312000	0.756000	1.000000	1.000000	0.999000	12.0179	261
P169L	0.31	0.17	0.05	0.27	0.26	0.15	0.28	0.19	0.18	0.002	0.382	0.206	-5.38	0.591	0.785453617573	6.17	4.258000	1.026000	0.599000	1.000000	1.000000	0.996000	20.4745	261
V180A	0.25	0.26	0.16	0.26	0.13	0.07	0.29	0.09	0.21	0.001	0.991	0.844	-3.35	0.883	0.710303127766	6.03	5.403000	1.138000	0.665000	1.000000	1.000000	0.997000	16.2196	261
V180G	0.24	0.26	0.15	0.25	0.16	0.07	0.32	0.09	0.23	0.001	0.996	0.939	-5.86	0.910	0.607634246349	6.03	5.403000	1.138000	0.665000	1.000000	1.000000	0.997000	16.2196	261
R182G	0.23	0.52	0.16	0.27	0.13	0.04	0.33	0.28	0.11	0.002	0.978	0.71	-5.65	0.922	0.533600747585	4.55	8.150000	1.312000	0.756000	1.000000	0.999000	0.999000	12.2383	261
R182K	0.23	0.30	0.16	0.25	0.11	0.05	0.27	0.28	0.52	0.499	0.012	0.012	-1.23	0.549	0.595802605152	5.73	8.742000	1.176000	0.676000	1.000000	0.997000	0.999000	19.8551	261
V185G	0.23	0.27	0.16	0.25	0.27	0.04	0.31	0.28	0.12	0.001	0.41	0.375	-6.69	0.821	0.530144631863	6.08	7.126000	1.138000	0.665000	1.000000	1.000000	0.978000	16.6438	253
H186P	0.24	0.30	0.15	0.27	0.13	0.04	0.26	0.32	0.15	0.0	0.999	0.984	-8.92	0.922	0.620428681374	6.08	8.269000	1.312000	0.756000	1.000000	1.000000	0.964000	16.6438	253
S191I	0.23	0.16	0.01	0.25	0.19	0.06	0.39	0.24	0.11	0.003	0.843	0.474	-4.09	0.811	0.559839069843	5.92	8.862000	1.176000	0.676000	1.000000	1.000000	0.968000	20.3248	253
S193P	0.22	0.16	0.00	0.26	0.21	0.10	0.29	0.10	0.11	0.011	0.964	0.737	-2.86	0.881	0.562106788158	4.77	2.534000	0.203000	-0.115000	1.000000	0.992000	0.868000	12.6665	253
E199Q	0.15	0.05	0.00	0.26	0.19	0.22	0.12	0.05	0.12	0.006	0.249	0.196	-2.33	0.783	0.513417303562	5.76	9.484000	1.176000	0.676000	1.000000	1.000000	0.994000	19.9576	253
N209T	0.15	0.12	0.00	0.25	0.14	0.25	0.27	0.18	0.20	0.127	0.001	0.007	-2.03	0.498	0.275066554546	-5.8	1.159000	-1.591000	-0.559000	0.002000	0.900000	0.972000	13.8638	253
V213M	0.15	0.22	0.00	0.29	0.16	0.23	0.27	0.19	0.15	0.158	0.607	0.107	-0.95	0.407	0.606826841831	5.76	5.276000	1.176000	0.676000	1.000000	0.990000	0.991000	19.9576	253
V213L	0.15	0.21	0.00	0.27	0.15	0.25	0.27	0.18	0.15	0.322	0.001	0.004	-0.69	0.326	0.579159379005	5.76	5.276000	1.176000	0.676000	1.000000	0.990000	0.991000	19.9576	253
N215S	0.15	0.25	0.00	0.26	0.15	0.24	0.28	0.18	0.15	0.028	0.609	0.342	-2.81	0.612	0.543105065823	5.76	8.860000	1.312000	0.756000	1.000000	1.000000	1.000000	16.0659	253
I216S	0.16	0.25	0.00	0.28	0.23	0.26	0.32	0.24	0.15	0.0	1.0	0.999	-5.65	0.955	0.740896940231	5.76	7.628000	1.138000	0.665000	1.000000	1.000000	1.000000	16.0659	253
R217C	0.22	0.25	0.00	0.25	0.12	0.25	0.36	0.23	0.19	0.001	1.0	0.996	-7.17	0.843	0.740964651108	5.76	2.993000	1.026000	0.599000	1.000000	1.000000	0.999000	12.9503	253
I219L	0.22	0.29	0.00	0.25	0.11	0.20	0.32	0.21	0.15	0.324	0.025	0.047	-0.95	0.503	0.500411808491	4.61	2.049000	1.312000	0.756000	1.000000	1.000000	0.998000	7.4844	253
I219V	0.20	0.29	0.00	0.25	0.11	0.20	0.28	0.21	0.16	0.338	0.018	0.06	-0.46	0.292	0.417408555746	4.61	2.049000	1.312000	0.756000	1.000000	1.000000	0.998000	7.4844	253
R226Q	0.21	0.25	0.00	0.25	0.11	0.23	0.29	0.21	0.18	0.006	0.991	0.832	-2.49	0.858	0.536060869694	5.46	7.590000	1.176000	0.676000	1.000000	0.999000	0.996000	19.6609	253
R226L	0.20	0.25	0.00	0.26	0.11	0.20	0.29	0.21	0.18	0.002	0.951	0.836	-5.31	0.897	0.621433019638	5.46	7.590000	1.176000	0.676000	1.000000	0.999000	0.996000	19.6609	253
E234G	0.15	0.03	0.00	0.28	0.17	0.11	0.15	0.24	0.08	0.033	0.001	0.005	-3.64	0.619	0.471711844206	5.7	8.882000	1.312000	0.756000	1.000000	1.000000	0.992000	15.9719	246
G244D	0.18	0.03	0.00	0.26	0.12	0.10	0.28	0.08	0.21	0.006	0.966	0.903	-5.5	0.893	0.690510034561	5.7	9.524000	1.176000	0.618000	1.000000	0.999000	0.985000	19.8412	246
G244V	0.16	0.03	0.00	0.26	0.12	0.09	0.29	0.04	0.16	0.013	0.801	0.512	-6.68	0.781	0.606020748615	5.7	9.524000	1.176000	0.618000	1.000000	0.999000	0.985000	19.8412	246
S247P	0.14	0.03	0.00	0.26	0.13	0.08	0.30	0.04	0.17	0.005	0.996	0.976	-3.45	0.861	0.61436444521	5.69	4.799000	1.138000	0.609000	1.000000	1.000000	0.993000	9.5419	246
S252P	0.09	0.05	0.00	0.26	0.14	0.06	0.34	0.05	0.07	0.028	0.612	0.412	-3.48	0.799	0.669704556465	5.69	5.848000	1.138000	0.609000	1.000000	0.998000	0.992000	15.9592	246
L260F	0.09	0.22	0.18	0.23	0.09	0.10	0.29	0.08	0.06	0.035	0.971	0.835	-3.41	0.776	0.685879230499	5.43	7.574000	1.026000	0.549000	1.000000	1.000000	0.998000	19.2432	246
L260R	0.15	0.27	0.17	0.24	0.10	0.10	0.37	0.07	0.07	0.022	0.965	0.87	-5.23	0.944	0.755051016808	5.43	7.681000	1.138000	0.609000	1.000000	1.000000	0.998000	15.4853	246
N263T	0.11	0.21	0.18	0.24	0.12	0.09	0.30	0.10	0.06	0.002	0.999	0.996	-5.5	0.903	0.56514275074	4.28	8.925000	1.312000	0.691000	1.000000	1.000000	0.998000	11.048	246
H264Y	0.11	0.21	0.19	0.23	0.15	0.09	0.26	0.16	0.07	0.004	0.999	0.969	-4.63	0.911	0.67527794838	5.43	5.774000	1.026000	0.549000	1.000000	1.000000	0.998000	14.8059	246
H264R	0.11	0.26	0.18	0.24	0.14	0.10	0.31	0.16	0.09	0.027	0.097	0.208	-5.72	0.805	0.670066952705	5.7	8.590000	1.312000	0.756000	1.000000	0.997000	0.995000	14.5485	234
R265S	0.18	0.26	0.18	0.25	0.19	0.11	0.32	0.21	0.07	0.0	1.0	0.999	-5.9	0.976	0.655096650124	5.7	7.277000	1.026000	0.599000	1.000000	0.999000	0.996000	18.0284	234
R265C	0.12	0.26	0.21	0.25	0.17	0.10	0.28	0.42	0.07	0.0	1.0	1.0	-7.75	0.969	0.720137357712	5.7	7.277000	1.026000	0.599000	1.000000	0.999000	0.996000	18.0284	234
R265H	0.14	0.24	0.20	0.25	0.18	0.10	0.28	0.39	0.07	0.0	1.0	1.0	-4.97	0.824	0.66603243351	5.7	9.591000	1.176000	0.676000	1.000000	1.000000	0.996000	18.0284	234
E268G	0.12	0.21	0.21	0.25	0.16	0.11	0.36	0.16	0.12	0.007	0.993	0.955	-5.59	0.934	0.530702114105	5.61	7.132000	1.312000	0.691000	1.000000	0.999000	0.999000	15.8064	234
L272V	0.14	0.10	0.00	0.25	0.15	0.11	0.28	0.17	0.13	0.005	0.999	0.986	-1.72	0.622	0.548006415367	1.67	0.067000	1.138000	0.609000	0.011000	1.000000	0.996000	10.1233	234
Y280D	0.13	0.23	0.00	0.25	0.14	0.21	0.35	0.12	0.13	0.0	1.0	1.0	-9.94	0.960	0.767875671387	5.35	7.699000	1.138000	0.609000	1.000000	0.997000	0.997000	15.3325	234
A281V	0.09	0.21	0.00	0.26	0.16	0.16	0.27	0.07	0.11	0.046	0.314	0.248	-2.95	0.736	0.66311776638	4.47	5.866000	1.026000	0.549000	1.000000	1.000000	0.987000	13.4218	234
A282T	0.11	0.21	0.00	0.27	0.16	0.16	0.26	0.12	0.11	0.525	0.198	0.223	-1.14	0.575	0.668705105782	5.35	9.591000	1.176000	0.618000	1.000000	0.998000	0.979000	19.0596	234
A282G	0.11	0.22	0.01	0.29	0.17	0.16	0.25	0.11	0.12	0.049	0.118	0.118	-2.75	0.771	0.651939928532	5.35	7.592000	1.026000	0.549000	1.000000	0.996000	0.975000	19.0596	234
K286Q	0.10	0.14	0.00	0.25	0.16	0.15	0.25	0.27	0.06	0.004	0.999	0.986	-3.88	0.906	0.662435889244	5.35	8.945000	1.312000	0.691000	1.000000	1.000000	0.997000	15.3325	234
L292P	0.22	0.17	0.01	0.26	0.48	0.25	0.30	0.29	0.05	0.016	0.997	0.974	-4.83	0.959	0.870535135269	5.35	7.699000	1.138000	0.609000	1.000000	0.998000	0.955000	15.3325	234
Y293D	0.26	0.14	0.01	0.26	0.15	0.26	0.26	0.28	0.05	0.0	1.0	0.999	-9.67	0.966	0.820704996586	5.35	7.699000	1.138000	0.609000	1.000000	0.998000	0.942000	15.3325	234
S295R	0.22	0.13	0.01	0.26	0.14	0.23	0.29	0.18	0.09	0.001	0.779	0.686	-4.13	0.942	0.805645227432	5.35	8.945000	1.312000	0.691000	1.000000	1.000000	0.937000	15.3325	234
S295G	0.21	0.12	0.02	0.26	0.22	0.20	0.30	0.18	0.05	0.004	0.779	0.589	-3.74	0.890	0.735310673714	5.35	8.945000	1.312000	0.691000	1.000000	1.000000	0.937000	15.3325	234
S295N	0.20	0.12	0.01	0.27	0.14	0.23	0.25	0.17	0.06	0.001	0.993	0.972	-2.65	0.688	0.797565937042	5.05	9.591000	1.176000	0.618000	1.000000	0.998000	0.927000	18.763	234
S295T	0.21	0.12	0.01	0.27	0.14	0.21	0.28	0.18	0.05	0.006	0.986	0.923	-2.55	0.894	0.767698526382	5.05	9.591000	1.176000	0.618000	1.000000	0.998000	0.927000	18.763	234
E297K	0.24	0.13	0.02	0.26	0.14	0.21	0.26	0.19	0.08	0.098	0.571	0.285	-3.09	0.731	0.806172132492	5.76	7.602000	1.176000	0.676000	1.000000	0.999000	0.998000	19.9664	224
V303E	0.21	0.15	0.11	0.26	0.32	0.21	0.28	0.30	0.06	0.0	0.999	0.994	-5.84	0.962	0.725290894508	5.76	7.640000	1.138000	0.665000	1.000000	1.000000	0.999000	16.0735	224
D304G	0.22	0.15	0.11	0.26	0.36	0.15	0.33	0.29	0.03	0.0	1.0	1.0	-6.96	0.968	0.772588372231	5.76	8.878000	1.312000	0.756000	1.000000	0.999000	0.996000	16.0734	224
D304V	0.23	0.15	0.11	0.26	0.18	0.16	0.40	0.30	0.03	0.0	1.0	1.0	-8.95	0.949	0.765321731567	5.76	8.878000	1.312000	0.756000	1.000000	0.999000	0.996000	16.0734	224
N306K	0.16	0.15	0.11	0.25	0.20	0.08	0.27	0.27	0.24	0.0	1.0	1.0	-5.96	0.739	0.849255025387	-5.72	-0.613000	0.202000	-0.120000	0.108000	1.000000	0.992000	17.3009	224
P309S	0.06	0.15	0.10	0.26	0.23	0.04	0.26	0.41	0.23	0.0	1.0	1.0	-7.82	0.900	0.824873685837	5.76	7.534000	1.026000	0.599000	1.000000	0.997000	0.995000	19.9664	224
L317M	0.06	0.07	0.01	0.25	0.23	0.07	0.10	0.22	0.03	0.0	1.0	0.998	-1.96	0.783	0.78258562088	4.89	2.462000	0.129000	-0.182000	1.000000	0.993000	0.995000	14.8269	224
E319K	0.06	0.05	0.00	0.28	0.21	0.08	0.08	0.21	0.11	0.003	0.999	0.939	-3.81	0.864	0.803487718105	5.76	9.519000	1.176000	0.676000	1.000000	0.976000	0.994000	19.9664	224
E320D	0.06	0.03	0.00	0.25	0.21	0.07	0.08	0.22	0.07	1.0	0.0	0.009	1.36	0.385	0.525180339813	3.99	1.820000	-0.660000	0.676000	1.000000	0.991000	0.999000	6.9518	224
S321I	0.07	0.04	0.00	0.26	0.24	0.07	0.09	0.20	0.07	0.046	0.302	0.149	-3.08	0.589	0.658723115921	5.76	5.378000	1.176000	0.676000	1.000000	0.998000	0.999000	19.9664	224
R325Q	0.07	0.04	0.00	0.03	0.24	0.13	0.07	0.05	0.07	0.086	0.769	0.227	-1.08	0.396	0.4325530231	5.76	3.790000	1.176000	0.676000	1.000000	0.996000	0.995000	19.9664	224
V326A	0.10	0.04	0.00	0.03	0.26	0.07	0.13	0.04	0.07	0.002	0.62	0.347	-3.89	0.856	0.645906686783	5.76	7.640000	1.138000	0.665000	1.000000	1.000000	0.997000	16.0735	224
H329N	0.13	0.05	0.00	0.03	0.25	0.07	0.12	0.05	0.19	0.326	0.08	0.105	-2.38	0.673	0.722027659416	5.76	7.534000	1.026000	0.599000	1.000000	1.000000	0.998000	19.9664	224
H329P	0.11	0.04	0.00	0.04	0.25	0.07	0.12	0.05	0.19	0.242	0.933	0.745	-3.62	0.816	0.676464557648	5.76	8.878000	1.312000	0.756000	1.000000	1.000000	0.998000	16.0734	224
I330V	0.10	0.04	0.00	0.09	0.27	0.07	0.13	0.04	0.19	0.782	0.0	0.003	-0.25	0.353	0.287696033716	0.606	0.147000	1.312000	0.756000	0.347000	1.000000	0.996000	10.3837	224
S337C	0.06	0.02	0.00	0.26	0.34	0.08	0.21	0.01	0.19	0.215	0.006	0.019	-1.37	0.474	0.472960203886	5.23	7.354000	1.026000	0.599000	1.000000	1.000000	0.999000	19.0012	224
N338S	0.02	0.02	0.00	0.26	0.34	0.07	0.19	0.01	0.22	0.167	0.506	0.14	-2.6	0.672	0.425179719925	4.08	6.824000	1.312000	0.756000	1.000000	1.000000	0.998000	10.9834	224
T345I	0.00	0.02	0.00	0.26	0.32	0.14	0.28	0.01	0.21	0.2	0.638	0.212	-3.6	0.718	0.668133378029	5.23	7.354000	1.026000	0.599000	1.000000	1.000000	0.992000	19.0012	224
Q346R	0.00	0.02	0.00	0.30	0.25	0.14	0.20	0.00	0.21	0.006	0.989	0.917	-3.91	0.920	0.596437335014	5.23	8.666000	1.312000	0.756000	1.000000	1.000000	0.981000	15.2911	224
T347N	0.00	0.00	0.00	0.25	0.27	0.17	0.19	0.00	0.21	0.073	0.599	0.146	-3.25	0.652	0.648836970329	5.67	7.234000	1.026000	0.599000	1.000000	0.996000	0.928000	17.947	200
A353V	0.00	0.00	0.00	0.28	0.29	0.13	0.17	0.00	0.18	0.168	0.0	0.002	-0.87	0.527	0.293903321028	4.79	2.683000	0.128000	-0.273000	0.420000	0.999000	0.988000	10.795	200
P355L	0.00	0.00	0.00	0.25	0.40	0.15	0.12	0.00	0.19	0.098	0.001	0.002	-2.29	0.476	0.297868192196	5.67	5.348000	1.026000	0.599000	0.983000	0.997000	0.998000	17.947	200
V360F	0.02	0.00	0.00	0.28	0.21	0.20	0.17	0.01	0.22	0.047	0.245	0.092	-1.25	0.539	0.403229027987	1.73	2.871000	1.176000	0.676000	0.781000	0.981000	0.993000	6.4254	200
T364A	0.02	0.00	0.00	0.38	0.23	0.21	0.16	0.01	0.29	0.792	0.0	0.0	-0.08	0.527	0.22507353127	-11.3	-1.889000	0.315000	-0.050000	0.000000	0.740000	0.959000	7.8909	200
S374R	0.01	0.00	0.00	0.25	0.29	0.14	0.24	0.02	0.39	0.246	0.014	0.017	-1.6	0.611	0.36059576273	-0.0457	-0.043000	1.138000	0.665000	0.005000	0.976000	0.667000	4.7864	200
Y379S	0.01	0.00	0.00	0.25	0.25	0.10	0.30	0.01	0.65	0.117	0.011	0.014	-4.35	0.594	0.475080281496	2.56	4.426000	0.326000	0.756000	1.000000	0.985000	0.846000	8.5131	200
Y379F	0.00	0.00	0.00	0.24	0.24	0.09	0.26	0.01	0.79	0.113	0.025	0.022	-2.45	0.592	0.459701865911	2.56	4.426000	0.326000	0.756000	1.000000	0.985000	0.846000	8.5131	200
H381Y	0.00	0.00	0.00	0.24	0.18	0.10	0.39	0.01	0.87	0.284	0.006	0.008	-3.3	0.409	0.365083754063	0.343	1.058000	-0.663000	-0.176000	0.542000	0.946000	0.898000	9.2602	200
Q382H	0.00	0.00	0.00	0.25	0.16	0.11	0.23	0.06	0.35	0.11	0.0	0.003	-1.62	0.501	0.41746866703	2.78	1.506000	1.176000	0.676000	1.000000	0.997000	0.981000	8.8227	200
V384D	0.00	0.00	0.00	0.26	0.22	0.14	0.26	0.01	0.22	0.0	1.0	0.998	-5.62	0.731	0.575590670109	5.67	7.336000	1.138000	0.665000	1.000000	0.998000	0.998000	15.9098	200
R385C	0.00	0.00	0.00	0.25	0.21	0.10	0.26	0.01	0.23	0.0	1.0	1.0	-7.06	0.840	0.662644982338	5.67	4.280000	1.026000	0.599000	1.000000	0.997000	0.999000	19.7664	200
R385P	0.00	0.00	0.00	0.27	0.19	0.14	0.23	0.02	0.22	0.0	1.0	1.0	-6.09	0.929	0.63247436285	5.67	9.126000	1.176000	0.676000	1.000000	0.998000	0.999000	19.7664	200
R389W	0.00	0.00	0.00	0.30	0.49	0.10	0.22	0.00	0.21	0.005	0.999	0.918	-5.3	0.774	0.642231822014	4.78	3.309000	1.026000	0.599000	1.000000	0.998000	0.996000	13.5931	200
R389Q	0.00	0.00	0.00	0.29	0.21	0.10	0.20	0.00	0.23	0.133	0.602	0.1	-1.95	0.594	0.494558870792	5.67	7.298000	1.176000	0.676000	1.000000	0.998000	0.996000	19.7664	200
L393P	0.00	0.00	0.00	0.31	0.23	0.09	0.21	0.00	0.19	0.001	1.0	0.986	-5.0	0.941	0.652207672596	5.68	7.336000	1.138000	0.665000	1.000000	0.978000	0.998000	15.9259	200
A395V	0.00	0.00	0.00	0.28	0.18	0.05	0.20	0.00	0.18	0.071	0.97	0.567	-2.25	0.614	0.510710597038	5.68	5.534000	1.026000	0.599000	1.000000	0.982000	0.998000	19.786	200
L400V	0.00	0.00	0.00	0.27	0.21	0.05	0.21	0.00	0.26	1.0	0.0	0.0	0.46	0.520	0.217059895396	1.91	-0.159000	-0.459000	0.599000	0.000000	0.799000	0.942000	9.1301	200
P403S	0.00	0.00	0.00	0.26	0.23	0.08	0.16	0.00	0.47	1.0	0.0	0.0	0.01	0.547	0.213813856244	-0.0523	-0.145000	0.104000	0.599000	0.000000	0.028000	0.597000	12.2974	200
S406N	0.00	0.00	0.00	0.25	0.23	0.07	0.20	0.00	0.46	0.255	0.384	0.081	0.46	0.385	0.278761684895	2.94	2.951000	1.176000	0.676000	0.178000	0.049000	0.607000	3.0215	200
I411S	0.00	0.00	0.00	0.19	0.21	0.13	0.25	0.00	0.59	0.785	0.0	0.001	0.36	0.558	0.249347984791	-8.84	-1.251000	-0.143000	-0.121000	0.000000	0.001000	0.438000	1.6624	200
D415E	0.00	0.00	0.00	0.19	0.19	0.14	0.22	0.00	0.28	0.459	0.0	0.0	-0.36	0.576	0.300831496716	-1.92	-0.202000	-0.001000	0.665000	0.000000	0.009000	0.779000	10.6267	200
K416E	0.00	0.00	0.00	0.20	0.20	0.15	0.22	0.00	0.28	0.146	0.001	0.002	-0.66	0.577	0.248352751136	-2.27	-0.120000	1.312000	0.756000	0.000000	0.010000	0.784000	7.4703	200
S420C	0.00	0.00	0.00	0.19	0.20	0.15	0.22	0.01	0.72	0.066	0.89	0.215	-1.8	0.406	0.287756621838	3.34	0.323000	1.026000	0.599000	0.000000	0.156000	0.950000	10.7532	198
E433Q	0.00	0.00	0.00	0.24	0.22	0.14	0.16	0.00	0.09	0.139	0.0	0.002	-0.78	0.419	0.312112241983	4.08	3.088000	1.176000	0.676000	0.999000	0.999000	0.990000	15.6033	198
P435L	0.00	0.00	0.00	0.30	0.20	0.14	0.21	0.00	0.10	0.209	0.161	0.197	-0.94	0.428	0.372523128986	4.11	1.614000	1.026000	0.599000	0.379000	0.927000	0.748000	7.0756	198
A441T	0.00	0.00	0.00	0.25	0.17	0.07	0.15	0.00	0.25	0.481	0.001	0.002	-0.33	0.539	0.329827070236	2.19	1.211000	-1.957000	-1.451000	0.883000	0.000000	0.052000	5.8122	198
K443Q	0.00	0.00	0.00	0.26	0.18	0.06	0.13	0.00	0.37	0.581	0.022	0.019	-0.4	0.571	0.248410284519	-0.741	-0.291000	0.324000	0.756000	0.000000	0.027000	0.375000	8.4419	198
G454R	0.01	0.00	0.00	0.25	0.23	0.11	0.09	0.01	0.30	0.511	0.0	0.0	-0.41	0.556	0.273871541023	1.47	0.405000	0.224000	0.676000	0.023000	0.106000	0.136000	7.3493	198
N468D	0.00	0.00	0.00	0.27	0.24	0.09	0.09	0.01	0.30	0.596	0.023	0.01	-0.45	0.300	0.401303291321	2.02	0.495000	1.312000	0.756000	0.001000	0.953000	0.954000	4.6795	198
R472I	0.00	0.00	0.00	0.28	0.24	0.09	0.09	0.01	0.33	0.191	0.105	0.03	-1.8	0.707	0.544513702393	6.04	7.700000	1.176000	0.676000	1.000000	0.998000	0.989000	20.5948	183
R474W	0.00	0.00	0.00	0.29	0.24	0.07	0.07	0.01	0.63	0.002	0.99	0.513	-2.75	0.616	0.539858460426	5.14	1.542000	1.026000	0.599000	0.877000	0.994000	0.981000	16.801	183
R474Q	0.00	0.00	0.00	0.26	0.22	0.08	0.07	0.01	0.49	0.145	0.098	0.022	-0.91	0.491	0.409344792366	6.04	7.700000	1.176000	0.676000	1.000000	0.995000	0.985000	20.5948	183
D484Y	0.00	0.00	0.00	0.28	0.36	0.05	0.08	0.01	0.64	0.005	0.151	0.109	-1.77	0.537	0.410208880901	2.85	2.648000	0.245000	0.676000	1.000000	0.997000	0.988000	12.641	183
D485H	0.00	0.00	0.00	0.26	0.25	0.05	0.06	0.01	0.22	0.056	0.003	0.004	-0.97	0.446	0.289736390114	5.32	2.806000	1.176000	0.676000	0.996000	0.997000	0.991000	19.8899	183
D485E	0.00	0.00	0.00	0.25	0.22	0.05	0.05	0.01	0.23	0.932	0.0	0.0	0.15	0.472	0.275679469109	-3.85	-2.377000	-0.226000	-0.169000	0.000000	0.991000	0.989000	1.0017	183
R487Q	0.00	0.00	0.00	0.29	0.24	0.06	0.06	0.01	0.23	0.646	0.0	0.0	-0.24	0.539	0.205217242241	-1.86	0.368000	-0.122000	-0.633000	0.000000	0.980000	0.983000	6.9925	183
M490I	0.00	0.00	0.00	0.27	0.34	0.05	0.11	0.00	0.22	0.341	0.0	0.001	-0.7	0.324	0.534885466099	6.04	5.967000	1.176000	0.676000	1.000000	0.985000	0.989000	20.5948	183
A492T	0.00	0.00	0.00	0.27	0.30	0.05	0.10	0.00	0.21	0.065	0.033	0.005	-0.92	0.504	0.479162454605	6.04	5.964000	0.228000	-0.113000	1.000000	0.898000	0.981000	20.5948	183
C494Y	0.00	0.00	0.00	0.26	0.33	0.04	0.28	0.00	0.52	0.189	0.816	0.357	-1.98	0.497	0.613465547562	4.2	2.771000	1.176000	0.676000	0.981000	0.790000	0.993000	16.1541	183
P496R	0.00	0.00	0.00	0.28	0.30	0.03	0.23	0.00	0.26	0.004	0.189	0.125	-3.38	0.603	0.582973062992	5.9	6.114000	1.026000	0.599000	0.999000	0.817000	0.997000	20.2723	183
V506A	0.02	0.00	0.00	0.24	0.25	0.07	0.16	0.00	0.13	0.001	0.96	0.879	-3.73	0.759	0.472916066647	5.9	6.199000	1.134000	0.665000	0.992000	0.992000	0.957000	16.3245	183
S508R	0.02	0.00	0.00	0.23	0.24	0.07	0.12	0.01	0.12	0.151	0.052	0.017	-1.31	0.559	0.443663448095	0.682	-0.129000	0.197000	0.665000	0.055000	0.997000	0.990000	5.9871	183
L509F	0.02	0.00	0.00	0.22	0.24	0.08	0.12	0.01	0.11	0.003	1.0	0.994	-3.83	0.693	0.583779990673	5.9	4.355000	1.026000	0.599000	0.999000	0.999000	0.994000	20.2723	183
R522Q	0.00	0.02	0.00	0.26	0.22	0.10	0.09	0.11	0.09	0.275	0.0	0.0	-0.38	0.462	0.282671540976	4.03	4.761000	0.230000	-0.106000	1.000000	0.577000	0.511000	7.7584	154
E523D	0.01	0.04	0.00	0.26	0.20	0.10	0.09	0.09	0.09	0.429	0.0	0.002	-1.33	0.427	0.575057804585	4.96	3.197000	1.176000	0.676000	1.000000	0.980000	0.792000	10.3496	154
H528Y	0.00	0.04	0.00	0.26	0.18	0.05	0.13	0.10	0.05	0.035	0.99	0.925	-3.92	0.592	0.704306662083	4.93	5.948000	1.026000	0.599000	1.000000	0.997000	0.939000	13.4897	154
A539D	0.05	0.03	0.00	0.27	0.13	0.06	0.18	0.07	0.01	0.002	0.995	0.896	-4.25	0.725	0.639514803886	4.86	4.839000	1.026000	0.599000	1.000000	1.000000	0.997000	16.1297	154
Q542P	0.05	0.03	0.00	0.27	0.14	0.07	0.17	0.10	0.05	0.0	1.0	1.0	-5.33	0.915	0.644721746445	5.74	9.081000	1.312000	0.756000	1.000000	1.000000	0.998000	16.0229	154
Q542L	0.04	0.03	0.00	0.26	0.14	0.07	0.17	0.08	0.05	0.0	1.0	1.0	-5.95	0.900	0.634433031082	5.74	9.081000	1.312000	0.756000	1.000000	1.000000	0.998000	16.0229	154
T545A	0.04	0.04	0.01	0.27	0.13	0.07	0.18	0.07	0.06	0.042	0.971	0.674	-3.45	0.774	0.710070848465	5.74	9.081000	1.312000	0.756000	1.000000	1.000000	0.993000	16.0229	154
L549P	0.06	0.04	0.00	0.28	0.26	0.08	0.19	0.13	0.07	0.001	1.0	1.0	-6.23	0.931	0.846934080124	5.74	7.811000	1.138000	0.665000	1.000000	1.000000	0.990000	16.0229	154
L550P	0.05	0.05	0.00	0.28	0.75	0.07	0.19	0.14	0.07	0.039	0.996	0.909	-4.14	0.779	0.860952377319	4.56	7.811000	1.138000	0.665000	1.000000	0.998000	0.976000	13.0198	154
N551T	0.03	0.04	0.00	0.25	0.18	0.04	0.16	0.09	0.07	0.011	0.995	0.894	-4.11	0.803	0.769664466381	5.74	9.081000	1.312000	0.756000	1.000000	0.993000	0.966000	16.0229	154
L555P	0.04	0.05	0.00	0.25	0.26	0.07	0.13	0.09	0.07	0.001	1.0	0.994	-5.47	0.858	0.840159058571	4.26	7.811000	1.138000	0.665000	1.000000	0.768000	0.977000	11.9854	154
S556I	0.03	0.05	0.00	0.22	0.20	0.08	0.20	0.09	0.07	0.07	0.989	0.809	-3.37	0.676	0.746131777763	4.55	9.739000	1.176000	0.676000	1.000000	0.798000	0.978000	16.5182	154
L559P	0.04	0.07	0.00	0.05	0.20	0.12	0.21	0.03	0.07	0.001	1.0	0.986	-5.62	0.935	0.863965153694	5.44	7.158000	1.138000	0.609000	1.000000	0.999000	1.000000	15.662	154
Y561H	0.03	0.05	0.00	0.04	0.17	0.08	0.26	0.05	0.06	0.0	1.0	0.995	-4.71	0.911	0.811204135418	5.44	5.429000	1.138000	0.609000	1.000000	1.000000	0.999000	15.662	154
Y561C	0.03	0.05	0.00	0.04	0.17	0.08	0.26	0.03	0.06	0.0	1.0	0.999	-8.38	0.896	0.809291005135	5.44	6.532000	1.312000	0.691000	1.000000	1.000000	0.999000	15.662	154
I565F	0.01	0.05	0.00	0.25	0.08	0.09	0.21	0.02	0.06	0.01	0.807	0.297	-2.56	0.791	0.730808734894	3.1	3.701000	1.312000	0.691000	1.000000	1.000000	1.000000	9.579	154
F568I	0.01	0.02	0.00	0.25	0.08	0.08	0.22	0.02	0.07	0.0	1.0	0.998	-5.65	0.892	0.847053050995	5.44	7.158000	1.138000	0.609000	1.000000	1.000000	0.999000	15.662	154
F571L	0.01	0.05	0.00	0.27	0.12	0.15	0.16	0.02	0.10	0.069	0.633	0.367	-4.75	0.870	0.8570997715	5.44	7.158000	1.138000	0.609000	1.000000	1.000000	0.994000	15.662	154
L574P	0.01	0.08	0.00	0.28	0.19	0.25	0.10	0.02	0.11	0.003	0.61	0.275	-5.14	0.846	0.843013942242	5.44	7.158000	1.138000	0.609000	0.997000	0.998000	0.914000	15.662	154
E578K	0.02	0.05	0.00	0.25	0.18	0.25	0.07	0.02	0.13	0.269	0.15	0.093	-1.6	0.647	0.746373057365	5.56	7.544000	1.172000	0.614000	1.000000	0.983000	0.978000	19.5689	154
E578G	0.02	0.05	0.00	0.25	0.17	0.28	0.07	0.01	0.11	0.099	0.005	0.011	-3.51	0.797	0.626111388206	5.56	2.901000	1.307000	0.686000	1.000000	0.985000	0.978000	15.7458	154
P581L	0.02	0.07	0.00	0.25	0.18	0.27	0.08	0.03	0.05	0.046	0.997	0.616	-6.32	0.853	0.749466359615	5.56	7.702000	1.022000	0.545000	1.000000	0.637000	0.825000	19.5689	154
L582V	0.02	0.08	0.00	0.25	0.18	0.24	0.06	0.03	0.05	0.085	0.261	0.196	-1.35	0.634	0.62038898468	5.56	4.876000	1.022000	0.545000	1.000000	0.621000	0.789000	13.2882	154
L582F	0.02	0.07	0.00	0.24	0.18	0.27	0.07	0.03	0.05	0.004	0.997	0.966	-3.14	0.861	0.659818291664	5.56	4.876000	1.022000	0.545000	1.000000	0.621000	0.789000	13.2882	154
L582P	0.02	0.08	0.00	0.26	0.24	0.29	0.09	0.04	0.05	0.001	1.0	0.994	-5.66	0.957	0.763884902	5.56	7.811000	1.134000	0.605000	1.000000	0.620000	0.786000	15.7458	154
L585R	0.02	0.11	0.00	0.23	0.16	0.30	0.06	0.03	0.10	0.0	0.988	0.706	-5.71	0.906	0.722897768021	5.56	7.811000	1.134000	0.605000	1.000000	0.481000	0.764000	15.7458	154
A586P	0.02	0.07	0.00	0.27	0.17	0.30	0.11	0.04	0.09	0.017	0.987	0.843	-3.56	0.900	0.718227505684	5.56	6.578000	1.172000	0.614000	1.000000	0.769000	0.824000	15.8854	154
A586D	0.03	0.07	0.00	0.24	0.17	0.36	0.10	0.05	0.09	0.004	0.974	0.74	-4.46	0.875	0.753042042255	5.56	5.978000	1.022000	0.545000	1.000000	0.866000	0.869000	19.5689	154
M587T	0.02	0.07	0.00	0.26	0.22	0.35	0.12	0.05	0.10	0.002	0.01	0.096	-3.63	0.859	0.767408967018	5.56	7.811000	1.134000	0.605000	1.000000	0.969000	0.932000	15.7458	154
L588P	0.02	0.09	0.00	0.27	0.33	0.32	0.12	0.05	0.13	0.002	1.0	0.989	-5.57	0.954	0.856966018677	5.56	7.811000	1.134000	0.605000	1.000000	0.971000	0.942000	15.7458	154
A589D	0.03	0.07	0.00	0.26	0.29	0.37	0.12	0.06	0.13	0.003	1.0	0.994	-5.05	0.921	0.799754261971	5.56	7.702000	1.022000	0.545000	1.000000	0.976000	0.943000	19.5689	154
E600G	0.05	0.02	0.00	0.26	0.28	0.27	0.09	0.07	0.21	0.007	0.682	0.358	-4.53	0.786	0.638982415199	5.56	9.081000	1.307000	0.686000	1.000000	1.000000	0.998000	15.7458	154
D601G	0.05	0.02	0.00	0.27	0.27	0.29	0.13	0.07	0.19	0.002	0.207	0.189	-5.55	0.835	0.677497267723	5.56	9.081000	1.307000	0.686000	1.000000	1.000000	0.999000	15.7458	154
P603R	0.06	0.02	0.00	0.25	0.27	0.28	0.21	0.06	0.20	0.013	0.973	0.76	-4.38	0.821	0.806651473045	5.56	7.702000	1.022000	0.545000	1.000000	0.998000	0.997000	19.5689	154
L607H	0.10	0.02	0.00	0.24	0.29	0.31	0.21	0.08	0.24	0.0	1.0	0.981	-6.09	0.934	0.842031598091	5.35	7.811000	1.134000	0.605000	1.000000	1.000000	0.997000	15.372	154
K618E	0.05	0.09	0.00	0.05	0.21	0.05	0.18	0.09	0.16	0.003	0.993	0.868	-3.14	0.874	0.728138923645	5.35	7.062000	1.307000	0.686000	1.000000	1.000000	0.998000	15.372	154
K618T	0.05	0.09	0.00	0.05	0.22	0.05	0.21	0.10	0.16	0.002	0.997	0.975	-4.82	0.963	0.738194584846	5.35	7.335000	1.307000	0.686000	1.000000	0.997000	0.997000	15.372	154
K618R	0.05	0.09	0.00	0.05	0.22	0.05	0.18	0.10	0.16	0.072	0.454	0.197	-1.67	0.731	0.680370867252	5.35	7.335000	1.307000	0.686000	1.000000	0.997000	0.997000	15.372	154
A619P	0.05	0.10	0.02	0.08	0.24	0.05	0.17	0.13	0.15	0.006	0.844	0.337	-3.11	0.818	0.468183964491	4.57	1.782000	1.172000	0.614000	1.000000	0.990000	0.995000	8.5193	154
L622H	0.04	0.19	0.04	0.25	0.20	0.05	0.23	0.17	0.21	0.0	1.0	0.998	-6.42	0.970	0.808720350266	5.5	7.811000	1.134000	0.605000	1.000000	1.000000	0.999000	15.6496	154
L622P	0.04	0.20	0.03	0.25	0.22	0.05	0.21	0.15	0.22	0.001	1.0	0.998	-6.42	0.974	0.826922595501	5.5	7.811000	1.134000	0.605000	1.000000	1.000000	0.999000	15.6496	154
A623S	0.06	0.19	0.04	0.26	0.19	0.05	0.24	0.16	0.19	0.72	0.001	0.002	-0.05	0.447	0.39775711298	4.63	1.973000	1.172000	0.614000	1.000000	1.000000	0.999000	9.3931	154
F626S	0.07	0.19	0.04	0.26	0.24	0.23	0.22	0.20	0.20	0.0	1.0	0.995	-7.79	0.944	0.786962091923	5.5	7.811000	1.134000	0.605000	1.000000	1.000000	0.998000	15.6496	154
S627T	0.09	0.19	0.03	0.25	0.20	0.06	0.22	0.14	0.17	0.037	0.986	0.969	-2.83	0.897	0.659717202187	5.5	7.811000	1.134000	0.605000	1.000000	1.000000	0.999000	15.6496	154
D631A	0.09	0.14	0.00	0.25	0.22	0.05	0.12	0.15	0.03	0.007	0.979	0.867	-4.84	0.906	0.645061612129	5.5	9.077000	1.307000	0.686000	1.000000	0.999000	0.997000	15.6496	154
N635S	0.09	0.08	0.00	0.26	0.20	0.04	0.14	0.16	0.03	0.325	0.159	0.043	-2.12	0.578	0.599093317986	4.66	6.914000	-0.124000	-0.051000	1.000000	0.993000	0.965000	11.9849	154
N635K	0.09	0.08	0.00	0.25	0.21	0.04	0.14	0.14	0.11	0.382	0.842	0.339	-2.48	0.666	0.688607811928	4.02	2.993000	0.057000	-0.218000	1.000000	0.993000	0.964000	8.0943	154
L636P	0.10	0.09	0.00	0.29	0.24	0.04	0.20	0.15	0.04	0.001	1.0	0.999	-6.29	0.975	0.623888492584	5.81	7.498000	1.049000	0.665000	1.000000	0.998000	0.977000	16.2192	154
P640S	0.07	0.08	0.00	0.26	0.15	0.03	0.14	0.12	0.01	0.0	1.0	1.0	-7.75	0.974	0.618619441986	5.81	7.394000	0.947000	0.599000	1.000000	1.000000	0.996000	20.1437	154
P640L	0.05	0.08	0.00	0.28	0.15	0.03	0.15	0.09	0.00	0.0	1.0	1.0	-9.66	0.955	0.678315401077	5.81	7.394000	0.947000	0.599000	1.000000	0.998000	0.996000	20.1437	154
N645S	0.05	0.10	0.00	0.27	0.16	0.05	0.16	0.05	0.04	0.395	0.0	0.001	-1.89	0.254	0.45153644681	4.67	3.984000	-0.101000	0.756000	1.000000	0.996000	0.998000	11.0142	154
Y646S	0.06	0.10	0.00	0.25	0.19	0.05	0.18	0.08	0.07	0.003	1.0	1.0	-8.18	0.916	0.646259009838	5.81	8.943000	1.207000	0.756000	1.000000	1.000000	0.998000	16.2192	154
Y646C	0.05	0.10	0.00	0.26	0.16	0.05	0.18	0.05	0.07	0.002	1.0	1.0	-8.34	0.958	0.708726465702	5.81	8.943000	1.207000	0.756000	1.000000	1.000000	0.998000	16.2192	154
V647M	0.05	0.10	0.00	0.26	0.18	0.05	0.16	0.05	0.07	0.148	0.699	0.291	-1.4	0.394	0.539563179016	4.93	2.036000	1.083000	0.676000	0.973000	1.000000	0.999000	8.2713	154
P648S	0.07	0.10	0.00	0.27	0.17	0.07	0.16	0.06	0.07	0.0	1.0	1.0	-7.71	0.942	0.645788013935	5.81	7.588000	0.947000	0.599000	1.000000	1.000000	0.998000	20.1437	154
P654L	0.05	0.04	0.00	0.28	0.17	0.07	0.11	0.02	0.10	0.0	1.0	1.0	-9.69	0.957	0.754395604134	5.81	7.588000	0.947000	0.599000	1.000000	1.000000	0.996000	20.1437	154
I655V	0.05	0.05	0.00	0.25	0.17	0.07	0.11	0.02	0.12	0.74	0.0	0.003	-0.17	0.354	0.321152627468	0.59	1.917000	0.246000	-0.050000	0.886000	0.999000	0.994000	2.2062	154
I655T	0.07	0.06	0.00	0.25	0.18	0.07	0.11	0.02	0.10	0.146	0.008	0.018	-1.5	0.594	0.473843812943	5.81	7.695000	1.049000	0.665000	1.000000	1.000000	0.996000	16.2192	154
F656S	0.09	0.05	0.00	0.25	0.16	0.10	0.13	0.03	0.11	0.001	1.0	0.999	-7.45	0.973	0.773869037628	5.81	7.695000	1.049000	0.665000	1.000000	1.000000	0.999000	16.2192	154
R659Q	0.05	0.04	0.00	0.27	0.10	0.07	0.12	0.03	0.11	0.002	1.0	0.986	-3.54	0.798	0.582165122032	5.49	9.590000	1.083000	0.676000	1.000000	0.999000	0.995000	19.8114	154
R659P	0.05	0.04	0.00	0.28	0.10	0.08	0.12	0.03	0.11	0.002	1.0	0.998	-6.39	0.958	0.672699093819	5.49	9.590000	1.083000	0.676000	1.000000	0.999000	0.995000	19.8114	154
R659L	0.04	0.04	0.00	0.27	0.09	0.07	0.12	0.02	0.11	0.001	1.0	0.988	-6.5	0.963	0.657716035843	5.49	9.590000	1.083000	0.676000	1.000000	0.999000	0.995000	19.8114	154
T662P	0.05	0.10	0.00	0.26	0.17	0.03	0.15	0.03	0.12	0.019	0.07	0.093	-2.8	0.907	0.682955384254	5.49	8.878000	1.207000	0.756000	1.000000	0.898000	0.925000	15.9448	154
E663G	0.06	0.09	0.00	0.28	0.20	0.03	0.16	0.02	0.10	0.001	0.998	0.975	-5.5	0.881	0.729465007782	4.29	8.878000	1.207000	0.756000	1.000000	0.737000	0.861000	13.1745	154
E663D	0.06	0.09	0.00	0.26	0.20	0.03	0.15	0.03	0.10	0.066	0.094	0.082	-2.32	0.668	0.768745779991	3.73	7.391000	0.166000	-0.106000	1.000000	0.676000	0.826000	12.0629	154
W666R	0.14	0.08	0.00	0.27	0.33	0.13	0.16	0.08	0.11	0.0	1.0	1.0	-13.07	0.850	0.846465945244	4.76	7.440000	1.138000	0.665000	1.000000	0.941000	0.344000	12.5882	154
K670R	0.15	0.08	0.01	0.25	0.22	0.13	0.15	0.31	0.11	0.056	0.035	0.039	-1.68	0.535	0.597270429134	5.93	5.677000	1.312000	0.756000	1.000000	0.999000	0.982000	16.4321	154
C672W	0.15	0.07	0.02	0.26	0.21	0.14	0.12	0.61	0.10	0.001	1.0	1.0	-10.31	0.848	0.800626397133	2.19	0.455000	0.197000	0.665000	0.999000	0.994000	0.996000	9.7049	154
S675N	0.15	0.05	0.00	0.16	0.22	0.12	0.14	0.17	0.10	0.253	0.102	0.039	-1.55	0.371	0.583457589149	5.93	2.883000	1.176000	0.676000	1.000000	1.000000	0.999000	17.3363	154
L676P	0.15	0.06	0.00	0.20	0.28	0.12	0.15	0.24	0.06	0.007	0.996	0.894	-4.47	0.917	0.662827253342	5.93	5.610000	1.138000	0.665000	1.000000	1.000000	0.999000	16.4322	154
L676R	0.15	0.05	0.00	0.16	0.27	0.14	0.12	0.27	0.14	0.008	0.991	0.79	-3.94	0.904	0.631813585758	5.93	5.610000	1.138000	0.665000	1.000000	1.000000	0.999000	16.4322	154
S677N	0.11	0.05	0.00	0.16	0.20	0.08	0.09	0.17	0.06	0.007	0.973	0.501	-2.19	0.596	0.658493697643	5.93	7.374000	1.176000	0.676000	1.000000	1.000000	1.000000	20.4023	154
C680R	0.04	0.03	0.00	0.24	0.24	0.06	0.15	0.06	0.18	0.009	0.97	0.742	-5.32	0.879	0.720441937447	4.76	3.080000	1.138000	0.665000	1.000000	1.000000	0.988000	8.1264	154
C680G	0.04	0.03	0.00	0.25	0.24	0.05	0.15	0.06	0.18	0.004	0.475	0.353	-6.14	0.790	0.619882106781	4.76	3.080000	1.138000	0.665000	1.000000	1.000000	0.988000	8.1264	154
A681T	0.02	0.03	0.00	0.25	0.17	0.03	0.15	0.06	0.15	0.003	0.995	0.748	-2.23	0.831	0.485512852669	5.93	4.676000	1.176000	0.676000	1.000000	0.998000	0.983000	14.3685	154
A681V	0.02	0.03	0.00	0.25	0.16	0.03	0.15	0.06	0.15	0.023	0.993	0.829	-3.38	0.785	0.519830822945	5.93	5.712000	1.026000	0.599000	1.000000	0.998000	0.985000	20.4023	154
Y684C	0.02	0.03	0.00	0.25	0.15	0.02	0.20	0.08	0.18	0.0	1.0	0.999	-7.79	0.933	0.657507419586	5.93	6.808000	1.312000	0.756000	1.000000	1.000000	0.992000	16.4321	154
R687W	0.02	0.04	0.00	0.25	0.29	0.04	0.21	0.02	0.18	0.001	1.0	0.983	-3.32	0.881	0.681606888771	4.98	4.984000	1.026000	0.599000	1.000000	0.997000	0.996000	13.828	154
Q689K	0.03	0.03	0.00	0.25	0.26	0.05	0.19	0.03	0.17	0.591	0.028	0.018	-1.02	0.409	0.492319494486	5.93	4.416000	1.026000	0.599000	1.000000	0.999000	0.999000	20.4023	154
Q689R	0.03	0.03	0.00	0.24	0.25	0.05	0.20	0.02	0.18	0.329	0.0	0.001	-1.3	0.441	0.48570099473	5.93	5.691000	1.312000	0.756000	1.000000	0.999000	0.999000	16.4321	154
L697V	0.03	0.00	0.00	0.25	0.26	0.08	0.09	0.02	0.15	0.575	0.001	0.001	0.39	0.414	0.368184566498	5.46	2.808000	1.026000	0.599000	0.769000	1.000000	0.987000	17.9374	154
Q701K	0.03	0.00	0.00	0.25	0.26	0.07	0.05	0.00	0.26	0.9	0.105	0.02	-0.56	0.524	0.434797018766	4.94	4.676000	1.026000	0.599000	1.000000	1.000000	0.914000	17.3004	154
Q701H	0.03	0.00	0.00	0.25	0.26	0.08	0.05	0.01	0.15	0.11	0.902	0.466	-1.0	0.492	0.428551614285	4.94	8.049000	1.176000	0.676000	1.000000	0.995000	0.864000	17.3004	154
W712R	0.10	0.04	0.01	0.32	0.28	0.03	0.14	0.07	0.16	0.008	0.798	0.695	-7.53	0.893	0.669863283634	5.41	7.637000	1.134000	0.661000	1.000000	0.970000	0.966000	15.4922	154
V716M	0.10	0.07	0.01	0.28	0.12	0.03	0.15	0.18	0.09	0.149	0.974	0.828	-1.98	0.523	0.416913926601	5.41	6.672000	1.172000	0.672000	1.000000	1.000000	0.998000	12.5807	154
H718Y	0.10	0.07	0.01	0.28	0.09	0.03	0.23	0.21	0.11	0.001	0.973	0.702	-5.29	0.898	0.63085514307	5.41	7.720000	1.022000	0.596000	1.000000	1.000000	0.999000	19.2553	154
H718P	0.11	0.10	0.01	0.28	0.09	0.03	0.17	0.21	0.11	0.003	0.951	0.668	-9.15	0.914	0.590714216232	5.41	9.104000	1.307000	0.751000	1.000000	1.000000	0.999000	15.4922	154
V720G	0.06	0.07	0.01	0.26	0.16	0.04	0.15	0.17	0.13	0.001	0.825	0.381	-5.06	0.749	0.305385321379	5.41	7.830000	1.134000	0.661000	0.996000	1.000000	0.998000	15.4922	154
Y721C	0.05	0.07	0.01	0.25	0.09	0.05	0.17	0.33	0.11	0.001	0.336	0.147	-6.46	0.774	0.618553221226	5.41	5.606000	1.307000	0.751000	1.000000	1.000000	0.997000	15.4922	154
L724M	0.05	0.07	0.00	0.26	0.13	0.06	0.22	0.04	0.11	0.113	0.001	0.014	-0.13	0.564	0.360672801733	4.26	3.359000	1.134000	0.661000	1.000000	1.000000	0.998000	11.0596	154
R725C	0.06	0.07	0.00	0.28	0.16	0.07	0.22	0.04	0.11	0.0	1.0	0.976	-6.44	0.912	0.503561496735	4.48	3.069000	1.022000	0.596000	0.997000	1.000000	0.995000	11.5738	154
R725H	0.06	0.07	0.00	0.28	0.19	0.06	0.22	0.05	0.11	0.003	1.0	0.949	-4.08	0.931	0.456539481878	5.41	9.763000	1.172000	0.672000	1.000000	1.000000	0.995000	19.2553	154
L729V	0.08	0.06	0.00	0.25	0.17	0.08	0.22	0.08	0.17	0.111	0.0	0.001	-1.11	0.526	0.298112899065	2.11	0.692000	0.127000	-0.186000	0.170000	0.997000	0.991000	5.6376	154
D737V	0.30	0.09	0.00	0.25	0.18	0.18	0.26	0.28	0.23	0.001	0.987	0.952	-6.71	0.957	0.571125745773	5.41	9.077000	1.307000	0.751000	1.000000	1.000000	0.999000	15.4922	154
D748N	0.36	0.10	0.00	0.25	0.19	0.12	0.31	0.25	0.12	0.122	0.298	0.164	-2.15	0.489	0.66848218441	5.41	9.735000	1.172000	0.672000	1.000000	0.970000	0.991000	19.2553	154
L749P	0.25	0.10	0.01	0.28	0.34	0.14	0.29	0.35	0.14	0.0	1.0	1.0	-6.76	0.981	0.784520089626	5.41	7.808000	1.134000	0.661000	1.000000	0.992000	0.993000	15.4922	154
K751R	0.33	0.10	0.01	0.25	0.25	0.09	0.30	0.29	0.14	0.147	0.007	0.057	-1.53	0.620	0.376493036747	1.72	2.153000	-0.044000	-0.057000	1.000000	0.998000	0.996000	8.5463	154
F753S	0.40	0.13	0.02	0.25	0.50	0.09	0.40	0.27	0.12	0.0	1.0	1.0	-7.68	0.978	0.739358663559	5.41	7.741000	1.134000	0.661000	1.000000	1.000000	0.996000	15.4922	154
R755G	0.28	0.10	0.02	0.25	0.28	0.08	0.36	0.42	0.12	0.0	1.0	1.0	-6.66	0.950	0.639899492264	1.29	1.562000	0.229000	0.751000	1.000000	0.999000	0.993000	12.4971	154
R755W	0.53	0.11	0.02	0.25	0.57	0.08	0.38	0.29	0.13	0.0	1.0	1.0	-7.68	0.946	0.712532639503	1.29	1.562000	0.229000	0.751000	1.000000	0.999000	0.993000	12.4971	154
V267R	0.16	0.21	0.29	0.26	0.27	0.10	0.35	0.18	0.06	0.0	0.0	0.0	0.0	0.0	0.0	0.0	0.0	0.0	0.0	0.0	0.0	0.0	0.0	0.0
A31C	0.25	0.26	0.16	0.17	0.15	0.15	0.34	0.30	0.25	0.0	0.0	0.0	0.0	0.0	0.0	0.0	0.0	0.0	0.0	0.0	0.0	0.0	0.0	0.0
K618A	0.05	0.09	0.00	0.05	0.22	0.05	0.19	0.10	0.16	0.0	0.0	0.0	0.0	0.0	0.0	0.0	0.0	0.0	0.0	0.0	0.0	0.0	0.0	0.0
M35N	0.20	0.25	0.16	0.25	0.16	0.07	0.35	0.27	0.24	0.0	0.0	0.0	0.0	0.0	0.0	0.0	0.0	0.0	0.0	0.0	0.0	0.0	0.0	0.0
