0.14	0.05	0.00	0.25	0.26	0.03	0.17	0.01	0.14	0.0	0.0	0.0	0.0	0.114	0.539388239384	4.3	1.050000	1.138000	0.665000	0.964000	0.213000	0.760000	6.0176	562
0.08	0.05	0.00	0.27	0.17	0.02	0.07	0.05	0.19	0.0	0.0	0.0	0.0	0.128	0.498694479465	0.281	3.405000	-0.280000	-0.187000	0.970000	0.042000	0.470000	3.2236	562
0.05	0.04	0.00	0.25	0.28	0.06	0.07	0.03	0.09	0.0	0.0	0.0	0.0	0.037	0.424321115017	2.55	1.614000	1.302000	0.750000	0.996000	0.945000	0.996000	8.9178	558
0.03	0.05	0.00	0.25	0.18	0.09	0.11	0.04	0.06	0.0	0.0	0.0	0.0	0.110	0.550392627716	5.65	6.523000	1.167000	0.671000	1.000000	1.000000	1.000000	18.3036	558
0.03	0.08	0.00	0.29	0.18	0.10	0.12	0.02	0.03	0.0	0.0	0.0	0.0	0.100	0.312528192997	0.65	2.747000	1.167000	0.671000	1.000000	1.000000	0.998000	14.7294	558
0.20	0.23	0.19	0.26	0.18	0.10	0.37	0.18	0.12	0.0	0.0	0.0	0.0	0.855	0.567499041557	5.29	8.839000	1.167000	0.671000	1.000000	1.000000	0.998000	17.4907	558
0.22	0.17	0.35	0.27	0.14	0.29	0.26	0.24	0.11	0.0	0.0	0.0	0.0	0.798	0.554879128933	5.07	4.884000	1.312000	0.691000	1.000000	1.000000	1.000000	12.2249	543
0.24	0.16	0.25	0.28	0.14	0.29	0.27	0.23	0.20	0.0	0.0	0.0	0.0	0.212	0.569404304028	5.07	4.884000	1.312000	0.691000	1.000000	1.000000	0.999000	12.2249	543
0.12	0.20	0.24	0.24	0.11	0.12	0.36	0.22	0.06	0.0	0.0	0.0	0.0	0.695	0.75107049942	3.97	0.925000	0.074000	0.599000	1.000000	0.999000	0.998000	13.0779	535
0.28	0.09	0.00	0.25	0.14	0.20	0.29	0.18	0.08	0.0	0.0	0.0	0.0	0.102	0.633553087711	-2.14	-0.125000	0.198000	-0.135000	0.969000	0.997000	0.910000	0.8558	535
0.08	0.05	0.00	0.28	0.24	0.05	0.10	0.09	0.12	0.0	0.0	0.0	0.0	0.0	0.0	0.0	0.0	0.0	0.0	0.0	0.0	0.0	0.0	0.0
0.11	0.11	0.00	0.28	0.15	0.07	0.20	0.17	0.08	0.0	0.0	0.0	0.0	0.0	0.0	0.0	0.0	0.0	0.0	0.0	0.0	0.0	0.0	0.0
0.08	0.15	0.27	0.27	0.18	0.03	0.28	0.07	0.12	0.0	0.0	0.0	0.0	0.0	0.0	0.0	0.0	0.0	0.0	0.0	0.0	0.0	0.0	0.0
