# Variant	Relative_solvent_accessibility	Allosteric_site	Catalytic_site	Altered Secondary_structure	Altered Stability_and_conformational_flexibility	Altered Special_structural_signatures	Altered Macromolecular_binding	Altered Metal_binding	Altered PTM_site	SIFT_score	Polyphen2_HDIV_score	Polyphen2_HVAR_score	PROVEAN_score	REVEL_score	PrimateAI_score	GERP++_RS	phyloP100way_vertebrate	phyloP30way_mammalian	phyloP17way_primate	phastCons100way_vertebrate	phastCons30way_mammalian	phastCons17way_primate	SiPhy_29way_logOdds	bStatistic
V12M	0.05	0.35	0.08	0.26	0.28	0.06	0.36	0.10	0.13	0.0	1.0	0.991	0.0	0.401	0.843031704426	5.72	9.756000	1.176000	0.676000	1.000000	1.000000	0.999000	17.3711	778
T32S	0.31	0.16	0.05	0.24	0.16	0.08	0.29	0.15	0.03	0.0	1.0	1.0	0.0	0.645	0.674610376358	5.72	9.098000	1.312000	0.756000	1.000000	0.999000	0.990000	13.9504	778
I45T	0.25	0.32	0.24	0.26	0.23	0.09	0.28	0.25	0.20	0.0	1.0	0.999	0.0	0.608	0.832589387894	5.44	7.534000	1.138000	0.607000	1.000000	1.000000	0.994000	13.4384	777
P58S	0.20	0.16	0.03	0.26	0.24	0.06	0.32	0.21	0.13	0.0	1.0	1.0	0.0	0.427	0.680300474167	5.11	7.430000	1.026000	0.547000	1.000000	1.000000	0.999000	16.0615	777
K62N	0.17	0.10	0.03	0.26	0.23	0.06	0.36	0.19	0.16	0.0	0.387	0.312	0.0	0.198	0.836425423622	5.11	6.986000	1.312000	0.688000	1.000000	1.000000	0.998000	12.8847	777
G124A	0.13	0.00	0.00	0.30	0.29	0.25	0.11	0.05	0.13	0.0	0.0	0.0	0.0	0.0	0.0	0.0	0.0	0.0	0.0	0.0	0.0	0.0	0.0	0.0
Q159H	0.02	0.06	0.00	0.26	0.22	0.04	0.10	0.19	0.02	0.0	0.0	0.0	0.0	0.0	0.0	0.0	0.0	0.0	0.0	0.0	0.0	0.0	0.0	0.0
I186F	0.03	0.02	0.00	0.09	0.13	0.40	0.13	0.00	0.30	0.0	0.0	0.0	0.0	0.0	0.0	0.0	0.0	0.0	0.0	0.0	0.0	0.0	0.0	0.0
C221R	0.02	0.00	0.00	0.02	0.35	0.01	0.23	0.01	0.21	0.0	0.0	0.0	0.0	0.0	0.0	0.0	0.0	0.0	0.0	0.0	0.0	0.0	0.0	0.0
D225N	0.02	0.00	0.00	0.02	0.25	0.01	0.10	0.01	0.18	0.0	0.0	0.0	0.0	0.0	0.0	0.0	0.0	0.0	0.0	0.0	0.0	0.0	0.0	0.0
H260N	0.03	0.00	0.00	0.02	0.20	0.05	0.16	0.01	0.23	0.0	0.0	0.0	0.0	0.0	0.0	0.0	0.0	0.0	0.0	0.0	0.0	0.0	0.0	0.0
R278L	0.01	0.00	0.00	0.02	0.22	0.08	0.11	0.00	0.25	0.0	0.0	0.0	0.0	0.0	0.0	0.0	0.0	0.0	0.0	0.0	0.0	0.0	0.0	0.0
H326R	0.01	0.00	0.00	0.02	0.19	0.01	0.21	0.01	0.21	0.0	0.0	0.0	0.0	0.0	0.0	0.0	0.0	0.0	0.0	0.0	0.0	0.0	0.0	0.0
S336C	0.01	0.00	0.00	0.02	0.22	0.01	0.06	0.00	0.21	0.0	0.0	0.0	0.0	0.0	0.0	0.0	0.0	0.0	0.0	0.0	0.0	0.0	0.0	0.0
S344L	0.00	0.00	0.00	0.02	0.21	0.03	0.08	0.00	0.19	0.0	0.0	0.0	0.0	0.0	0.0	0.0	0.0	0.0	0.0	0.0	0.0	0.0	0.0	0.0
R385C	0.05	0.00	0.00	0.28	0.34	0.06	0.05	0.01	0.17	0.0	0.0	0.0	0.0	0.0	0.0	0.0	0.0	0.0	0.0	0.0	0.0	0.0	0.0	0.0
K398R	0.02	0.00	0.00	0.02	0.26	0.19	0.14	0.01	0.40	0.0	0.0	0.0	0.0	0.0	0.0	0.0	0.0	0.0	0.0	0.0	0.0	0.0	0.0	0.0
T410S	0.01	0.00	0.00	0.02	0.27	0.05	0.05	0.00	0.21	0.0	0.0	0.0	0.0	0.0	0.0	0.0	0.0	0.0	0.0	0.0	0.0	0.0	0.0	0.0
I432L	0.01	0.00	0.00	0.02	0.22	0.02	0.10	0.00	0.17	0.0	0.0	0.0	0.0	0.0	0.0	0.0	0.0	0.0	0.0	0.0	0.0	0.0	0.0	0.0
R519C	0.01	0.00	0.00	0.02	0.18	0.01	0.09	0.01	0.16	0.0	0.0	0.0	0.0	0.0	0.0	0.0	0.0	0.0	0.0	0.0	0.0	0.0	0.0	0.0
H531R	0.00	0.00	0.00	0.02	0.18	0.02	0.06	0.06	0.11	0.0	0.0	0.0	0.0	0.0	0.0	0.0	0.0	0.0	0.0	0.0	0.0	0.0	0.0	0.0
T542A	0.00	0.00	0.00	0.02	0.25	0.08	0.08	0.00	0.18	0.0	0.0	0.0	0.0	0.0	0.0	0.0	0.0	0.0	0.0	0.0	0.0	0.0	0.0	0.0
Y569S	0.00	0.00	0.00	0.23	0.61	0.20	0.16	0.00	0.24	0.0	0.0	0.0	0.0	0.0	0.0	0.0	0.0	0.0	0.0	0.0	0.0	0.0	0.0	0.0
S582N	0.02	0.00	0.00	0.03	0.30	0.27	0.10	0.01	0.17	0.0	0.0	0.0	0.0	0.0	0.0	0.0	0.0	0.0	0.0	0.0	0.0	0.0	0.0	0.0
R656Q	0.03	0.00	0.00	0.02	0.27	0.15	0.03	0.00	0.17	0.0	0.0	0.0	0.0	0.0	0.0	0.0	0.0	0.0	0.0	0.0	0.0	0.0	0.0	0.0
G661A	0.00	0.00	0.00	0.02	0.24	0.14	0.09	0.00	0.17	0.0	0.0	0.0	0.0	0.0	0.0	0.0	0.0	0.0	0.0	0.0	0.0	0.0	0.0	0.0
K720R	0.03	0.00	0.00	0.03	0.30	0.14	0.09	0.00	0.27	0.0	0.0	0.0	0.0	0.0	0.0	0.0	0.0	0.0	0.0	0.0	0.0	0.0	0.0	0.0
R726C	0.02	0.00	0.00	0.02	0.28	0.13	0.07	0.01	0.20	0.0	0.0	0.0	0.0	0.0	0.0	0.0	0.0	0.0	0.0	0.0	0.0	0.0	0.0	0.0
S738N	0.00	0.00	0.00	0.04	0.17	0.02	0.21	0.00	0.46	0.0	0.0	0.0	0.0	0.0	0.0	0.0	0.0	0.0	0.0	0.0	0.0	0.0	0.0	0.0
T793I	0.03	0.00	0.00	0.02	0.14	0.24	0.16	0.01	0.11	0.0	0.0	0.0	0.0	0.0	0.0	0.0	0.0	0.0	0.0	0.0	0.0	0.0	0.0	0.0
T841I	0.00	0.00	0.00	0.02	0.20	0.03	0.16	0.01	0.19	0.0	0.0	0.0	0.0	0.0	0.0	0.0	0.0	0.0	0.0	0.0	0.0	0.0	0.0	0.0
I846T	0.02	0.00	0.00	0.02	0.19	0.03	0.14	0.00	0.19	0.0	0.0	0.0	0.0	0.0	0.0	0.0	0.0	0.0	0.0	0.0	0.0	0.0	0.0	0.0
R850S	0.02	0.00	0.00	0.02	0.17	0.03	0.14	0.00	0.20	0.0	0.0	0.0	0.0	0.0	0.0	0.0	0.0	0.0	0.0	0.0	0.0	0.0	0.0	0.0
N868S	0.01	0.00	0.00	0.03	0.21	0.02	0.08	0.00	0.14	0.0	0.0	0.0	0.0	0.0	0.0	0.0	0.0	0.0	0.0	0.0	0.0	0.0	0.0	0.0
T896A	0.00	0.00	0.00	0.02	0.13	0.02	0.08	0.00	0.20	0.0	0.0	0.0	0.0	0.0	0.0	0.0	0.0	0.0	0.0	0.0	0.0	0.0	0.0	0.0
L929S	0.06	0.00	0.00	0.02	0.25	0.08	0.11	0.00	0.17	0.0	0.0	0.0	0.0	0.0	0.0	0.0	0.0	0.0	0.0	0.0	0.0	0.0	0.0	0.0
D971E	0.03	0.00	0.00	0.02	0.27	0.04	0.12	0.01	0.32	0.0	0.0	0.0	0.0	0.0	0.0	0.0	0.0	0.0	0.0	0.0	0.0	0.0	0.0	0.0
Y972H	0.03	0.00	0.00	0.02	0.32	0.04	0.11	0.03	0.61	0.0	0.0	0.0	0.0	0.0	0.0	0.0	0.0	0.0	0.0	0.0	0.0	0.0	0.0	0.0
L980R	0.01	0.00	0.00	0.02	0.38	0.02	0.04	0.00	0.27	0.0	0.0	0.0	0.0	0.0	0.0	0.0	0.0	0.0	0.0	0.0	0.0	0.0	0.0	0.0
S1055N	0.00	0.00	0.00	0.03	0.18	0.01	0.07	0.02	0.19	0.0	0.0	0.0	0.0	0.0	0.0	0.0	0.0	0.0	0.0	0.0	0.0	0.0	0.0	0.0
E1082K	0.01	0.00	0.00	0.02	0.26	0.04	0.18	0.01	0.39	0.0	0.0	0.0	0.0	0.0	0.0	0.0	0.0	0.0	0.0	0.0	0.0	0.0	0.0	0.0
V1186G	0.08	0.11	0.02	0.26	0.72	0.12	0.28	0.05	0.21	0.0	0.0	0.0	0.0	0.0	0.0	0.0	0.0	0.0	0.0	0.0	0.0	0.0	0.0	0.0
M1197T	0.11	0.22	0.20	0.22	0.16	0.10	0.26	0.18	0.11	0.0	0.0	0.0	0.0	0.0	0.0	0.0	0.0	0.0	0.0	0.0	0.0	0.0	0.0	0.0
A1209T	0.07	0.21	0.08	0.24	0.13	0.11	0.20	0.06	0.09	0.0	0.0	0.0	0.0	0.0	0.0	0.0	0.0	0.0	0.0	0.0	0.0	0.0	0.0	0.0
R1214H	0.03	0.20	0.04	0.05	0.09	0.05	0.16	0.05	0.09	0.0	0.0	0.0	0.0	0.0	0.0	0.0	0.0	0.0	0.0	0.0	0.0	0.0	0.0	0.0
Q1258E	0.04	0.30	0.02	0.28	0.20	0.11	0.25	0.19	0.13	0.0	0.0	0.0	0.0	0.0	0.0	0.0	0.0	0.0	0.0	0.0	0.0	0.0	0.0	0.0
E1281A	0.26	0.14	0.00	0.27	0.14	0.03	0.18	0.06	0.20	0.0	0.0	0.0	0.0	0.0	0.0	0.0	0.0	0.0	0.0	0.0	0.0	0.0	0.0	0.0
