# Variant	Relative_solvent_accessibility	Allosteric_site	Catalytic_site	Altered Secondary_structure	Altered Stability_and_conformational_flexibility	Altered Special_structural_signatures	Altered Macromolecular_binding	Altered Metal_binding	Altered PTM_site	SIFT_score	Polyphen2_HDIV_score	Polyphen2_HVAR_score	PROVEAN_score	REVEL_score	PrimateAI_score	GERP++_RS	phyloP100way_vertebrate	phyloP30way_mammalian	phyloP17way_primate	phastCons100way_vertebrate	phastCons30way_mammalian	phastCons17way_primate	SiPhy_29way_logOdds	bStatistic
E3G	0.00	0.00	0.00	0.26	0.26	0.03	0.04	0.04	0.05	0.0	0.0	0.0	0.0	0.0	0.0	0.0	0.0	0.0	0.0	0.0	0.0	0.0	0.0	0.0
D7H	0.00	0.00	0.00	0.25	0.25	0.02	0.03	0.06	0.05	0.0	0.0	0.0	0.0	0.0	0.0	0.0	0.0	0.0	0.0	0.0	0.0	0.0	0.0	0.0
P34A	0.01	0.00	0.00	0.26	0.38	0.04	0.07	0.00	0.20	0.0	0.0	0.0	0.0	0.0	0.0	0.0	0.0	0.0	0.0	0.0	0.0	0.0	0.0	0.0
D48E	0.00	0.00	0.00	0.25	0.20	0.03	0.26	0.01	0.29	0.0	0.0	0.0	0.0	0.0	0.0	0.0	0.0	0.0	0.0	0.0	0.0	0.0	0.0	0.0
D57E	0.00	0.00	0.00	0.25	0.25	0.07	0.27	0.01	0.10	0.0	0.0	0.0	0.0	0.0	0.0	0.0	0.0	0.0	0.0	0.0	0.0	0.0	0.0	0.0
P89L	0.00	0.00	0.00	0.26	0.26	0.06	0.16	0.01	0.06	0.0	0.0	0.0	0.0	0.0	0.0	0.0	0.0	0.0	0.0	0.0	0.0	0.0	0.0	0.0
L111P	0.00	0.02	0.00	0.26	0.65	0.05	0.20	0.01	0.10	0.0	0.0	0.0	0.0	0.0	0.0	0.0	0.0	0.0	0.0	0.0	0.0	0.0	0.0	0.0
Q136H	0.06	0.04	0.00	0.26	0.11	0.13	0.21	0.21	0.07	0.0	0.0	0.0	0.0	0.0	0.0	0.0	0.0	0.0	0.0	0.0	0.0	0.0	0.0	0.0
P153S	0.08	0.09	0.00	0.23	0.27	0.12	0.23	0.04	0.15	0.0	0.0	0.0	0.0	0.0	0.0	0.0	0.0	0.0	0.0	0.0	0.0	0.0	0.0	0.0
G154D	0.06	0.10	0.00	0.22	0.25	0.13	0.25	0.04	0.15	0.0	0.0	0.0	0.0	0.0	0.0	0.0	0.0	0.0	0.0	0.0	0.0	0.0	0.0	0.0
C176W	0.02	0.14	0.02	0.28	0.31	0.03	0.12	0.37	0.11	0.0	0.0	0.0	0.0	0.0	0.0	0.0	0.0	0.0	0.0	0.0	0.0	0.0	0.0	0.0
R181S	0.01	0.09	0.00	0.29	0.29	0.02	0.07	0.24	0.12	0.0	0.0	0.0	0.0	0.0	0.0	0.0	0.0	0.0	0.0	0.0	0.0	0.0	0.0	0.0
D186N	0.02	0.07	0.00	0.28	0.28	0.03	0.07	0.04	0.11	0.0	0.0	0.0	0.0	0.0	0.0	0.0	0.0	0.0	0.0	0.0	0.0	0.0	0.0	0.0
P190L	0.01	0.06	0.00	0.25	0.33	0.03	0.08	0.03	0.05	0.0	0.0	0.0	0.0	0.0	0.0	0.0	0.0	0.0	0.0	0.0	0.0	0.0	0.0	0.0
H193Y	0.00	0.09	0.00	0.26	0.28	0.03	0.13	0.03	0.18	0.0	0.0	0.0	0.0	0.0	0.0	0.0	0.0	0.0	0.0	0.0	0.0	0.0	0.0	0.0
V203M	0.03	0.05	0.00	0.25	0.17	0.04	0.21	0.18	0.15	0.0	0.0	0.0	0.0	0.0	0.0	0.0	0.0	0.0	0.0	0.0	0.0	0.0	0.0	0.0
R213P	0.09	0.10	0.01	0.27	0.17	0.14	0.24	0.18	0.12	0.0	0.0	0.0	0.0	0.0	0.0	0.0	0.0	0.0	0.0	0.0	0.0	0.0	0.0	0.0
S215R	0.09	0.09	0.02	0.25	0.15	0.17	0.24	0.14	0.18	0.0	0.0	0.0	0.0	0.0	0.0	0.0	0.0	0.0	0.0	0.0	0.0	0.0	0.0	0.0
G226V	0.02	0.03	0.00	0.24	0.23	0.05	0.16	0.07	0.10	0.0	0.0	0.0	0.0	0.0	0.0	0.0	0.0	0.0	0.0	0.0	0.0	0.0	0.0	0.0
H233R	0.01	0.02	0.00	0.25	0.20	0.03	0.22	0.07	0.15	0.0	0.0	0.0	0.0	0.0	0.0	0.0	0.0	0.0	0.0	0.0	0.0	0.0	0.0	0.0
Y236N	0.02	0.02	0.00	0.27	0.24	0.04	0.28	0.08	0.07	0.0	0.0	0.0	0.0	0.0	0.0	0.0	0.0	0.0	0.0	0.0	0.0	0.0	0.0	0.0
S241C	0.02	0.02	0.00	0.27	0.23	0.03	0.22	0.15	0.06	0.0	0.0	0.0	0.0	0.0	0.0	0.0	0.0	0.0	0.0	0.0	0.0	0.0	0.0	0.0
M243V	0.02	0.02	0.00	0.25	0.20	0.03	0.14	0.07	0.18	0.0	0.0	0.0	0.0	0.0	0.0	0.0	0.0	0.0	0.0	0.0	0.0	0.0	0.0	0.0
R249S	0.00	0.01	0.00	0.25	0.18	0.02	0.13	0.02	0.19	0.0	0.0	0.0	0.0	0.0	0.0	0.0	0.0	0.0	0.0	0.0	0.0	0.0	0.0	0.0
I251L	0.00	0.02	0.00	0.25	0.18	0.03	0.12	0.02	0.16	0.0	0.0	0.0	0.0	0.0	0.0	0.0	0.0	0.0	0.0	0.0	0.0	0.0	0.0	0.0
E258K	0.02	0.03	0.00	0.26	0.23	0.03	0.09	0.05	0.08	0.0	0.0	0.0	0.0	0.0	0.0	0.0	0.0	0.0	0.0	0.0	0.0	0.0	0.0	0.0
A276D	0.01	0.02	0.00	0.26	0.40	0.02	0.11	0.23	0.16	0.0	0.0	0.0	0.0	0.0	0.0	0.0	0.0	0.0	0.0	0.0	0.0	0.0	0.0	0.0
P278R	0.00	0.02	0.00	0.30	0.27	0.02	0.11	0.09	0.16	0.0	0.0	0.0	0.0	0.0	0.0	0.0	0.0	0.0	0.0	0.0	0.0	0.0	0.0	0.0
D281V	0.00	0.02	0.00	0.29	0.37	0.02	0.09	0.07	0.21	0.0	0.0	0.0	0.0	0.0	0.0	0.0	0.0	0.0	0.0	0.0	0.0	0.0	0.0	0.0
E287D	0.00	0.02	0.00	0.28	0.24	0.02	0.08	0.01	0.28	0.0	0.0	0.0	0.0	0.0	0.0	0.0	0.0	0.0	0.0	0.0	0.0	0.0	0.0	0.0
K292R	0.00	0.00	0.00	0.34	0.25	0.02	0.08	0.05	0.52	0.0	0.0	0.0	0.0	0.0	0.0	0.0	0.0	0.0	0.0	0.0	0.0	0.0	0.0	0.0
S314F	0.00	0.01	0.00	0.28	0.33	0.02	0.13	0.01	0.36	0.0	0.0	0.0	0.0	0.0	0.0	0.0	0.0	0.0	0.0	0.0	0.0	0.0	0.0	0.0
P316T	0.00	0.01	0.00	0.26	0.30	0.02	0.07	0.01	0.84	0.0	0.0	0.0	0.0	0.0	0.0	0.0	0.0	0.0	0.0	0.0	0.0	0.0	0.0	0.0
R363G	0.00	0.01	0.00	0.26	0.28	0.02	0.22	0.03	0.18	0.0	0.0	0.0	0.0	0.0	0.0	0.0	0.0	0.0	0.0	0.0	0.0	0.0	0.0	0.0
R363K	0.01	0.01	0.00	0.25	0.26	0.02	0.20	0.03	0.24	0.0	0.0	0.0	0.0	0.0	0.0	0.0	0.0	0.0	0.0	0.0	0.0	0.0	0.0	0.0
H368Y	0.00	0.02	0.00	0.28	0.24	0.01	0.25	0.02	0.72	0.0	0.0	0.0	0.0	0.0	0.0	0.0	0.0	0.0	0.0	0.0	0.0	0.0	0.0	0.0
