# Variant	Altered Effect	Altered Structure_and_dynamics	Altered Secondary_structure	Altered Stability_and_conformational_flexibility	Altered Conformational_flexibility	Altered Special_structural_signatures	Altered Signal_peptide	Altered Transmembrane_protein	Altered Functional_residue	Altered Macromolecular_binding	Altered Protein_binding	Altered Disordered_interface	Altered Ordered_interface	Altered Metal_binding	Altered PTM_site	Intrinsic_disorder	B-factor	Relative_solvent_accessibility	Helix	Strand	Loop	N-terminal_signal	Signal_helix	C-terminal_signal	Signal_cleavage	Cytoplasmic_loop	Transmembrane_region	Non_cytoplasmic_loop	Coiled_coil	Catalytic_site	Calmodulin_binding	DNA_binding	RNA_binding	PPI_residue	PPI_hotspot	MoRF	Allosteric_site	Cadmium_binding	Calcium_binding	Cobalt_binding	Copper_binding	Iron_binding	Magnesium_binding	Manganese_binding	Nickel_binding	Potassium_binding	Sodium_binding	Zinc_binding	Acetylation	ADP-ribosylation	Amidation	C-linked_glycosylation	Carboxylation	Disulfide_linkage	Farnesylation	Geranylgeranylation	GPI_anchor_amidation	Hydroxylation	Methylation	Myristoylation	N-terminal_acetylation	N-linked_glycosylation	O-linked_glycosylation	Palmitoylation	Phosphorylation	Proteolytic_cleavage	Pyrrolidone_carboxylic_acid	Sulfation	SUMOylation	Ubiquitylation	Stability
R5W	0.52	0.26	0.26	0.23	0.23	0.06	0.00	0.06	0.52	0.52	0.52	0.52	0.10	0.05	0.16	0.00	0.23	0.03	0.10	0.16	0.26	0.00	0.00	0.00	0.00	0.06	0.00	0.00	0.00	0.00	0.28	0.06	0.00	0.10	0.05	0.52	0.04	0.00	0.00	0.00	0.00	0.00	0.00	0.01	0.05	0.00	0.03	0.00	0.00	0.16	0.00	0.00	0.00	0.00	0.00	0.00	0.00	0.00	0.11	0.00	0.00	0.00	0.00	0.00	0.00	0.11	0.00	0.00	0.00	0.00	0.00
L44V	0.26	0.26	0.24	0.26	0.26	0.04	0.00	0.04	0.17	0.17	0.17	0.17	0.06	0.01	0.10	0.26	0.15	0.00	0.24	0.02	0.22	0.00	0.00	0.00	0.00	0.00	0.00	0.00	0.00	0.00	0.17	0.03	0.00	0.03	0.06	0.14	0.02	0.00	0.00	0.00	0.00	0.00	0.00	0.00	0.00	0.00	0.00	0.00	0.05	0.08	0.00	0.00	0.00	0.00	0.00	0.00	0.00	0.00	0.00	0.00	0.00	0.00	0.00	0.00	0.00	0.03	0.00	0.00	0.10	0.02	0.07
S51L	0.28	0.28	0.28	0.18	0.18	0.05	0.00	0.05	0.13	0.13	0.13	0.13	0.07	0.11	0.10	0.18	0.13	0.01	0.28	0.08	0.20	0.00	0.00	0.00	0.00	0.05	0.00	0.00	0.00	0.00	0.11	0.03	0.00	0.03	0.07	0.13	0.04	0.00	0.00	0.00	0.00	0.00	0.00	0.00	0.00	0.00	0.00	0.11	0.05	0.08	0.00	0.00	0.00	0.00	0.00	0.00	0.00	0.00	0.00	0.00	0.00	0.00	0.00	0.00	0.02	0.00	0.00	0.00	0.10	0.02	0.00
I56V	0.25	0.25	0.25	0.10	0.10	0.05	0.00	0.05	0.11	0.08	0.08	0.08	0.08	0.10	0.11	0.08	0.10	0.01	0.25	0.24	0.20	0.00	0.00	0.00	0.00	0.05	0.00	0.00	0.00	0.00	0.06	0.03	0.00	0.02	0.08	0.08	0.02	0.00	0.00	0.00	0.00	0.00	0.00	0.00	0.00	0.00	0.00	0.10	0.00	0.11	0.00	0.00	0.00	0.00	0.00	0.00	0.00	0.00	0.00	0.00	0.00	0.00	0.00	0.00	0.02	0.00	0.00	0.00	0.00	0.00	0.01
T81I	0.28	0.28	0.25	0.12	0.12	0.12	0.00	0.12	0.28	0.15	0.15	0.15	0.09	0.28	0.02	0.00	0.12	0.02	0.15	0.25	0.25	0.00	0.00	0.00	0.00	0.12	0.00	0.00	0.00	0.03	0.00	0.00	0.00	0.04	0.09	0.15	0.03	0.00	0.00	0.00	0.02	0.00	0.00	0.00	0.02	0.02	0.03	0.28	0.00	0.00	0.00	0.00	0.00	0.00	0.00	0.00	0.00	0.00	0.00	0.00	0.00	0.00	0.02	0.00	0.00	0.01	0.00	0.00	0.00	0.00	0.00
R99K	0.25	0.25	0.25	0.16	0.16	0.23	0.00	0.05	0.19	0.19	0.19	0.19	0.12	0.02	0.10	0.10	0.16	0.02	0.25	0.16	0.15	0.00	0.00	0.00	0.00	0.03	0.00	0.00	0.00	0.00	0.05	0.01	0.00	0.05	0.12	0.19	0.08	0.00	0.00	0.00	0.00	0.00	0.00	0.00	0.02	0.00	0.02	0.02	0.02	0.10	0.00	0.00	0.00	0.00	0.00	0.00	0.00	0.00	0.00	0.00	0.00	0.00	0.00	0.00	0.04	0.05	0.00	0.00	0.04	0.06	0.04
S162L	0.56	0.56	0.23	0.56	0.56	0.02	0.00	0.02	0.28	0.28	0.28	0.28	0.06	0.00	0.25	0.56	0.14	0.00	0.11	0.23	0.15	0.00	0.00	0.00	0.00	0.02	0.00	0.00	0.00	0.00	0.28	0.00	0.00	0.01	0.06	0.14	0.00	0.00	0.00	0.00	0.00	0.00	0.00	0.00	0.00	0.00	0.00	0.00	0.16	0.00	0.00	0.00	0.00	0.00	0.00	0.00	0.00	0.00	0.03	0.00	0.00	0.00	0.12	0.00	0.25	0.07	0.00	0.00	0.11	0.11	0.00
T165S	0.34	0.31	0.24	0.31	0.31	0.04	0.00	0.04	0.34	0.22	0.22	0.22	0.05	0.00	0.34	0.31	0.17	0.00	0.24	0.13	0.16	0.00	0.00	0.00	0.00	0.04	0.00	0.00	0.00	0.00	0.22	0.00	0.00	0.01	0.05	0.20	0.00	0.00	0.00	0.00	0.00	0.00	0.00	0.00	0.00	0.00	0.00	0.00	0.12	0.00	0.00	0.00	0.00	0.00	0.00	0.00	0.00	0.00	0.10	0.00	0.00	0.00	0.13	0.00	0.34	0.06	0.00	0.00	0.12	0.19	0.00
P188T	0.36	0.30	0.30	0.27	0.27	0.03	0.00	0.02	0.36	0.11	0.11	0.11	0.02	0.00	0.36	0.00	0.27	0.00	0.30	0.19	0.25	0.00	0.00	0.00	0.00	0.01	0.00	0.00	0.00	0.00	0.09	0.00	0.00	0.02	0.01	0.11	0.00	0.00	0.00	0.00	0.00	0.00	0.00	0.00	0.00	0.00	0.00	0.00	0.00	0.12	0.00	0.00	0.00	0.00	0.00	0.00	0.00	0.00	0.00	0.00	0.00	0.00	0.08	0.00	0.36	0.05	0.00	0.00	0.00	0.00	0.00
A189V	0.28	0.26	0.26	0.25	0.25	0.06	0.00	0.02	0.28	0.11	0.11	0.11	0.03	0.00	0.28	0.00	0.25	0.00	0.26	0.07	0.25	0.00	0.00	0.00	0.00	0.01	0.00	0.00	0.00	0.00	0.10	0.00	0.00	0.03	0.02	0.11	0.00	0.00	0.00	0.00	0.00	0.00	0.00	0.00	0.00	0.00	0.00	0.00	0.00	0.17	0.00	0.00	0.00	0.00	0.00	0.00	0.00	0.00	0.00	0.00	0.00	0.00	0.06	0.00	0.28	0.05	0.00	0.00	0.00	0.00	0.00
K305Q	0.30	0.30	0.30	0.29	0.29	0.02	0.00	0.02	0.26	0.06	0.06	0.06	0.03	0.00	0.26	0.29	0.17	0.00	0.29	0.09	0.30	0.00	0.00	0.00	0.00	0.00	0.00	0.00	0.00	0.00	0.05	0.00	0.00	0.01	0.03	0.06	0.00	0.00	0.00	0.00	0.00	0.00	0.00	0.00	0.00	0.00	0.00	0.00	0.23	0.06	0.00	0.00	0.00	0.00	0.00	0.00	0.00	0.00	0.02	0.00	0.00	0.00	0.00	0.00	0.26	0.03	0.00	0.00	0.19	0.09	0.00
I332F	0.26	0.21	0.21	0.18	0.18	0.01	0.00	0.01	0.26	0.16	0.16	0.16	0.02	0.00	0.26	0.00	0.18	0.00	0.17	0.09	0.21	0.00	0.00	0.00	0.00	0.00	0.00	0.00	0.00	0.00	0.16	0.00	0.00	0.00	0.02	0.11	0.00	0.00	0.00	0.00	0.00	0.00	0.00	0.00	0.00	0.00	0.00	0.00	0.15	0.15	0.00	0.00	0.00	0.00	0.00	0.00	0.00	0.00	0.01	0.00	0.00	0.00	0.00	0.00	0.26	0.03	0.00	0.00	0.16	0.10	0.00
C336R	0.56	0.19	0.16	0.19	0.19	0.01	0.00	0.01	0.56	0.27	0.27	0.27	0.02	0.00	0.56	0.00	0.19	0.00	0.16	0.11	0.16	0.00	0.00	0.00	0.00	0.00	0.00	0.00	0.00	0.00	0.27	0.00	0.00	0.00	0.02	0.13	0.00	0.00	0.00	0.00	0.00	0.00	0.00	0.00	0.00	0.00	0.00	0.00	0.10	0.17	0.00	0.00	0.00	0.00	0.00	0.00	0.00	0.00	0.01	0.00	0.00	0.00	0.03	0.00	0.56	0.05	0.00	0.00	0.18	0.11	0.01
C336Y	0.31	0.18	0.18	0.16	0.16	0.01	0.00	0.01	0.31	0.18	0.18	0.18	0.06	0.00	0.31	0.00	0.16	0.00	0.16	0.12	0.18	0.00	0.00	0.00	0.00	0.00	0.00	0.00	0.00	0.00	0.18	0.00	0.00	0.00	0.06	0.14	0.00	0.00	0.00	0.00	0.00	0.00	0.00	0.00	0.00	0.00	0.00	0.00	0.12	0.15	0.00	0.00	0.00	0.00	0.00	0.00	0.00	0.00	0.01	0.00	0.00	0.00	0.04	0.00	0.31	0.05	0.00	0.00	0.17	0.11	0.00
D385Y	0.76	0.23	0.23	0.23	0.23	0.04	0.00	0.04	0.76	0.39	0.39	0.39	0.03	0.01	0.76	0.00	0.23	0.00	0.23	0.07	0.20	0.00	0.00	0.00	0.00	0.04	0.00	0.00	0.00	0.00	0.10	0.00	0.00	0.02	0.03	0.39	0.00	0.00	0.00	0.00	0.00	0.00	0.00	0.00	0.00	0.00	0.00	0.00	0.00	0.07	0.00	0.00	0.00	0.00	0.00	0.00	0.00	0.00	0.00	0.00	0.00	0.00	0.02	0.00	0.76	0.06	0.00	0.00	0.00	0.00	0.00
S403G	0.27	0.26	0.26	0.23	0.23	0.02	0.00	0.02	0.27	0.09	0.09	0.09	0.02	0.00	0.27	0.00	0.23	0.00	0.20	0.09	0.26	0.00	0.00	0.00	0.00	0.00	0.00	0.00	0.00	0.00	0.09	0.00	0.00	0.01	0.02	0.06	0.00	0.00	0.00	0.00	0.00	0.00	0.00	0.00	0.00	0.00	0.00	0.00	0.00	0.16	0.00	0.00	0.00	0.00	0.00	0.00	0.00	0.00	0.00	0.00	0.00	0.00	0.11	0.00	0.27	0.08	0.00	0.00	0.00	0.00	0.00
T430S	0.28	0.28	0.26	0.28	0.28	0.04	0.00	0.04	0.22	0.18	0.18	0.18	0.06	0.22	0.11	0.28	0.18	0.03	0.25	0.26	0.25	0.00	0.00	0.00	0.00	0.04	0.00	0.00	0.00	0.02	0.09	0.15	0.00	0.04	0.06	0.18	0.07	0.00	0.00	0.00	0.02	0.00	0.00	0.12	0.10	0.04	0.06	0.22	0.00	0.10	0.00	0.00	0.00	0.00	0.00	0.00	0.00	0.00	0.00	0.00	0.00	0.00	0.00	0.00	0.11	0.01	0.00	0.00	0.00	0.00	0.01
P454L	0.28	0.28	0.25	0.28	0.28	0.13	0.00	0.13	0.16	0.15	0.15	0.15	0.13	0.16	0.14	0.28	0.24	0.12	0.25	0.24	0.25	0.00	0.00	0.00	0.00	0.13	0.00	0.00	0.00	0.01	0.00	0.02	0.00	0.13	0.11	0.15	0.10	0.00	0.00	0.00	0.01	0.00	0.00	0.09	0.05	0.10	0.13	0.16	0.05	0.00	0.00	0.00	0.00	0.00	0.00	0.00	0.00	0.00	0.01	0.00	0.00	0.03	0.00	0.00	0.08	0.06	0.00	0.00	0.05	0.14	0.00
T463I	0.25	0.25	0.24	0.22	0.22	0.09	0.00	0.09	0.25	0.23	0.23	0.07	0.23	0.25	0.06	0.22	0.15	0.07	0.24	0.12	0.24	0.00	0.00	0.00	0.00	0.09	0.00	0.00	0.00	0.02	0.00	0.03	0.00	0.21	0.23	0.07	0.20	0.00	0.00	0.00	0.06	0.00	0.00	0.09	0.19	0.09	0.07	0.25	0.00	0.03	0.00	0.00	0.00	0.00	0.00	0.00	0.00	0.00	0.00	0.00	0.00	0.00	0.00	0.00	0.00	0.06	0.00	0.00	0.00	0.00	0.00
H466R	0.57	0.57	0.26	0.14	0.14	0.09	0.00	0.09	0.57	0.28	0.28	0.05	0.28	0.57	0.10	0.11	0.14	0.10	0.26	0.11	0.24	0.00	0.00	0.00	0.00	0.09	0.00	0.00	0.00	0.02	0.01	0.01	0.00	0.28	0.23	0.05	0.25	0.00	0.00	0.00	0.06	0.00	0.00	0.05	0.23	0.06	0.06	0.57	0.00	0.10	0.00	0.00	0.00	0.00	0.00	0.00	0.00	0.00	0.00	0.00	0.00	0.00	0.00	0.00	0.01	0.02	0.00	0.00	0.00	0.00	0.00
C469G	0.41	0.41	0.25	0.27	0.24	0.04	0.00	0.04	0.41	0.18	0.18	0.06	0.18	0.41	0.03	0.24	0.21	0.10	0.25	0.09	0.22	0.00	0.00	0.00	0.00	0.04	0.00	0.00	0.00	0.00	0.00	0.01	0.00	0.11	0.18	0.06	0.21	0.00	0.00	0.00	0.06	0.00	0.00	0.07	0.19	0.03	0.06	0.41	0.00	0.03	0.00	0.00	0.00	0.00	0.00	0.00	0.00	0.00	0.00	0.00	0.00	0.00	0.00	0.00	0.00	0.00	0.00	0.00	0.00	0.00	0.27
N488S	0.27	0.27	0.25	0.22	0.22	0.12	0.00	0.12	0.27	0.27	0.27	0.06	0.27	0.24	0.09	0.22	0.16	0.27	0.15	0.18	0.25	0.00	0.00	0.00	0.00	0.06	0.00	0.00	0.00	0.05	0.00	0.03	0.00	0.27	0.19	0.06	0.10	0.00	0.00	0.00	0.00	0.00	0.00	0.02	0.06	0.17	0.24	0.06	0.05	0.00	0.00	0.00	0.00	0.00	0.00	0.00	0.00	0.00	0.02	0.00	0.00	0.02	0.01	0.00	0.09	0.02	0.00	0.00	0.05	0.09	0.01
N494S	0.33	0.33	0.25	0.32	0.32	0.13	0.00	0.13	0.27	0.27	0.27	0.13	0.27	0.27	0.09	0.32	0.20	0.33	0.25	0.08	0.25	0.00	0.00	0.00	0.00	0.13	0.00	0.00	0.00	0.15	0.00	0.06	0.00	0.27	0.19	0.13	0.25	0.00	0.00	0.00	0.08	0.00	0.00	0.21	0.21	0.17	0.27	0.13	0.00	0.00	0.00	0.00	0.00	0.00	0.00	0.00	0.00	0.00	0.00	0.00	0.00	0.00	0.00	0.00	0.09	0.03	0.00	0.00	0.00	0.00	0.00
G505R	0.28	0.28	0.25	0.24	0.24	0.10	0.00	0.10	0.28	0.28	0.28	0.08	0.28	0.23	0.15	0.24	0.19	0.28	0.24	0.04	0.25	0.00	0.00	0.00	0.00	0.10	0.00	0.00	0.00	0.02	0.03	0.03	0.00	0.28	0.11	0.08	0.09	0.00	0.00	0.00	0.02	0.00	0.00	0.09	0.23	0.08	0.15	0.19	0.09	0.10	0.00	0.00	0.00	0.00	0.00	0.00	0.00	0.00	0.03	0.00	0.00	0.00	0.00	0.00	0.00	0.03	0.00	0.00	0.02	0.15	0.02
Y516F	0.25	0.25	0.25	0.15	0.15	0.09	0.00	0.09	0.25	0.25	0.25	0.15	0.25	0.12	0.20	0.05	0.15	0.11	0.22	0.13	0.25	0.00	0.00	0.00	0.00	0.09	0.00	0.00	0.00	0.00	0.03	0.09	0.00	0.23	0.25	0.15	0.12	0.00	0.00	0.00	0.00	0.00	0.00	0.01	0.00	0.04	0.12	0.00	0.11	0.20	0.00	0.00	0.00	0.00	0.00	0.00	0.00	0.00	0.04	0.00	0.00	0.00	0.00	0.00	0.11	0.02	0.00	0.00	0.05	0.10	0.01
S551L	0.46	0.46	0.25	0.46	0.46	0.25	0.00	0.25	0.22	0.19	0.19	0.19	0.06	0.01	0.22	0.46	0.32	0.03	0.21	0.08	0.25	0.00	0.00	0.00	0.00	0.25	0.00	0.00	0.00	0.00	0.00	0.00	0.00	0.06	0.01	0.19	0.02	0.00	0.00	0.00	0.01	0.00	0.00	0.00	0.01	0.01	0.01	0.01	0.05	0.07	0.00	0.00	0.00	0.00	0.00	0.00	0.00	0.00	0.02	0.00	0.00	0.04	0.00	0.00	0.11	0.06	0.00	0.00	0.22	0.14	0.00
M560L	0.31	0.31	0.23	0.31	0.31	0.06	0.00	0.06	0.16	0.02	0.02	0.02	0.02	0.01	0.16	0.31	0.19	0.00	0.23	0.09	0.22	0.00	0.00	0.00	0.00	0.06	0.00	0.00	0.00	0.00	0.02	0.00	0.00	0.02	0.02	0.02	0.00	0.00	0.00	0.00	0.01	0.00	0.00	0.00	0.01	0.00	0.00	0.01	0.00	0.16	0.00	0.00	0.00	0.00	0.00	0.00	0.00	0.00	0.00	0.00	0.00	0.00	0.01	0.00	0.13	0.07	0.00	0.00	0.00	0.00	0.00
S575N	0.28	0.28	0.27	0.28	0.28	0.02	0.00	0.02	0.10	0.02	0.02	0.02	0.02	0.01	0.10	0.28	0.22	0.00	0.27	0.19	0.26	0.00	0.00	0.00	0.00	0.02	0.00	0.00	0.00	0.00	0.02	0.00	0.00	0.01	0.02	0.02	0.00	0.00	0.00	0.00	0.00	0.00	0.00	0.00	0.00	0.00	0.01	0.00	0.00	0.08	0.00	0.00	0.00	0.00	0.00	0.00	0.00	0.00	0.00	0.00	0.00	0.00	0.01	0.00	0.10	0.04	0.00	0.00	0.00	0.00	0.03
S578F	0.33	0.33	0.27	0.33	0.33	0.03	0.00	0.02	0.10	0.04	0.04	0.04	0.02	0.01	0.10	0.33	0.27	0.02	0.27	0.16	0.25	0.00	0.00	0.00	0.00	0.02	0.00	0.00	0.00	0.00	0.01	0.00	0.00	0.02	0.02	0.04	0.00	0.00	0.00	0.00	0.00	0.00	0.00	0.00	0.00	0.00	0.01	0.00	0.10	0.08	0.00	0.00	0.00	0.00	0.00	0.00	0.00	0.00	0.03	0.00	0.00	0.00	0.01	0.00	0.09	0.04	0.00	0.00	0.08	0.10	0.00
Q582R	0.27	0.27	0.27	0.26	0.26	0.02	0.00	0.02	0.14	0.04	0.04	0.04	0.03	0.01	0.14	0.26	0.22	0.02	0.27	0.03	0.20	0.00	0.00	0.00	0.00	0.02	0.00	0.00	0.00	0.00	0.04	0.00	0.00	0.02	0.03	0.02	0.01	0.00	0.00	0.00	0.00	0.00	0.00	0.00	0.00	0.00	0.01	0.00	0.10	0.14	0.00	0.00	0.00	0.00	0.00	0.00	0.00	0.00	0.03	0.00	0.00	0.00	0.00	0.00	0.05	0.02	0.00	0.00	0.10	0.10	0.02
Q615R	0.26	0.26	0.26	0.14	0.14	0.03	0.00	0.03	0.26	0.26	0.26	0.03	0.26	0.10	0.16	0.09	0.14	0.10	0.26	0.25	0.25	0.00	0.00	0.00	0.00	0.02	0.00	0.00	0.00	0.02	0.03	0.09	0.00	0.26	0.13	0.00	0.14	0.00	0.00	0.00	0.01	0.00	0.00	0.02	0.05	0.05	0.10	0.05	0.05	0.16	0.00	0.00	0.00	0.00	0.00	0.00	0.00	0.00	0.01	0.00	0.00	0.00	0.00	0.00	0.02	0.03	0.00	0.00	0.05	0.02	0.00
G623R	0.26	0.26	0.26	0.10	0.10	0.02	0.00	0.02	0.17	0.17	0.17	0.14	0.17	0.03	0.17	0.02	0.10	0.04	0.21	0.11	0.26	0.00	0.00	0.00	0.00	0.00	0.00	0.00	0.00	0.02	0.14	0.11	0.00	0.17	0.13	0.04	0.13	0.00	0.00	0.00	0.00	0.00	0.00	0.00	0.00	0.01	0.01	0.03	0.04	0.17	0.00	0.00	0.00	0.00	0.00	0.00	0.00	0.00	0.01	0.00	0.00	0.00	0.00	0.00	0.00	0.00	0.00	0.00	0.04	0.02	0.00
P654S	0.29	0.29	0.25	0.29	0.29	0.04	0.00	0.04	0.25	0.25	0.17	0.17	0.17	0.06	0.25	0.29	0.23	0.08	0.25	0.14	0.25	0.00	0.00	0.00	0.00	0.04	0.00	0.00	0.00	0.03	0.01	0.25	0.00	0.15	0.17	0.17	0.13	0.00	0.00	0.00	0.00	0.00	0.00	0.02	0.03	0.01	0.06	0.05	0.25	0.14	0.00	0.00	0.00	0.00	0.00	0.00	0.00	0.00	0.03	0.00	0.00	0.00	0.00	0.00	0.24	0.05	0.00	0.00	0.21	0.09	0.00
E655Q	0.32	0.32	0.26	0.32	0.32	0.04	0.00	0.04	0.27	0.27	0.18	0.18	0.18	0.05	0.26	0.32	0.23	0.06	0.24	0.14	0.26	0.00	0.00	0.00	0.00	0.04	0.00	0.00	0.00	0.02	0.02	0.27	0.00	0.13	0.18	0.18	0.13	0.00	0.00	0.00	0.00	0.00	0.00	0.02	0.03	0.01	0.05	0.02	0.26	0.14	0.00	0.00	0.00	0.00	0.00	0.00	0.00	0.00	0.03	0.00	0.00	0.00	0.00	0.00	0.24	0.05	0.00	0.00	0.21	0.08	0.00
G656D	0.26	0.26	0.25	0.26	0.26	0.05	0.00	0.05	0.26	0.26	0.17	0.17	0.17	0.09	0.23	0.26	0.22	0.08	0.25	0.14	0.25	0.00	0.00	0.00	0.00	0.04	0.00	0.00	0.00	0.03	0.01	0.26	0.00	0.14	0.17	0.17	0.18	0.00	0.00	0.00	0.00	0.00	0.00	0.03	0.03	0.02	0.09	0.03	0.00	0.14	0.00	0.00	0.00	0.00	0.00	0.00	0.00	0.00	0.01	0.00	0.00	0.00	0.00	0.00	0.23	0.07	0.00	0.00	0.00	0.00	0.00
P657T	0.33	0.33	0.25	0.33	0.33	0.06	0.00	0.06	0.24	0.24	0.17	0.17	0.17	0.06	0.14	0.33	0.24	0.06	0.25	0.14	0.25	0.00	0.00	0.00	0.00	0.05	0.00	0.00	0.00	0.02	0.02	0.24	0.00	0.17	0.11	0.17	0.18	0.00	0.00	0.00	0.00	0.00	0.00	0.02	0.03	0.02	0.06	0.02	0.00	0.14	0.00	0.00	0.00	0.00	0.00	0.00	0.00	0.00	0.01	0.00	0.00	0.00	0.00	0.00	0.04	0.05	0.00	0.00	0.00	0.00	0.00
R659G	0.29	0.26	0.26	0.25	0.25	0.09	0.00	0.09	0.29	0.29	0.21	0.17	0.21	0.06	0.16	0.25	0.23	0.09	0.24	0.04	0.26	0.00	0.00	0.00	0.00	0.04	0.00	0.00	0.00	0.02	0.02	0.29	0.00	0.21	0.11	0.17	0.25	0.00	0.00	0.00	0.00	0.00	0.00	0.00	0.02	0.01	0.06	0.00	0.00	0.16	0.00	0.00	0.00	0.00	0.00	0.00	0.00	0.00	0.03	0.00	0.00	0.00	0.00	0.00	0.04	0.05	0.00	0.00	0.00	0.00	0.03
K684R	0.25	0.25	0.25	0.21	0.21	0.13	0.00	0.13	0.22	0.22	0.22	0.04	0.22	0.19	0.18	0.11	0.21	0.25	0.18	0.24	0.25	0.00	0.00	0.00	0.00	0.13	0.00	0.00	0.00	0.00	0.02	0.18	0.00	0.22	0.13	0.04	0.12	0.00	0.00	0.00	0.03	0.00	0.00	0.05	0.19	0.03	0.12	0.12	0.18	0.09	0.00	0.00	0.00	0.00	0.00	0.00	0.00	0.00	0.01	0.00	0.00	0.00	0.00	0.00	0.00	0.03	0.00	0.00	0.04	0.04	0.01
L691F	0.39	0.28	0.18	0.21	0.21	0.27	0.00	0.27	0.39	0.28	0.28	0.09	0.28	0.20	0.39	0.12	0.21	0.28	0.18	0.04	0.09	0.00	0.00	0.00	0.00	0.27	0.00	0.00	0.00	0.00	0.03	0.18	0.00	0.28	0.12	0.09	0.14	0.00	0.00	0.00	0.02	0.00	0.00	0.05	0.20	0.05	0.12	0.16	0.39	0.00	0.00	0.00	0.00	0.00	0.00	0.00	0.00	0.00	0.04	0.00	0.00	0.00	0.00	0.00	0.03	0.02	0.00	0.00	0.04	0.09	0.04
G699R	0.37	0.27	0.25	0.24	0.24	0.27	0.00	0.27	0.37	0.37	0.37	0.10	0.37	0.20	0.14	0.24	0.20	0.27	0.12	0.25	0.24	0.00	0.00	0.00	0.00	0.27	0.00	0.00	0.00	0.07	0.05	0.30	0.00	0.37	0.10	0.10	0.18	0.00	0.00	0.00	0.00	0.00	0.00	0.01	0.03	0.13	0.20	0.00	0.00	0.14	0.00	0.00	0.00	0.00	0.00	0.00	0.00	0.00	0.00	0.00	0.00	0.00	0.00	0.00	0.03	0.02	0.00	0.00	0.00	0.00	0.01
Q701E	0.28	0.28	0.25	0.28	0.28	0.22	0.00	0.22	0.27	0.25	0.25	0.08	0.25	0.22	0.15	0.28	0.20	0.26	0.12	0.25	0.24	0.00	0.00	0.00	0.00	0.22	0.00	0.00	0.00	0.06	0.03	0.17	0.00	0.25	0.10	0.08	0.27	0.00	0.00	0.00	0.00	0.00	0.00	0.02	0.03	0.15	0.22	0.03	0.05	0.15	0.00	0.00	0.00	0.00	0.00	0.00	0.00	0.00	0.10	0.00	0.00	0.00	0.00	0.00	0.03	0.03	0.00	0.00	0.07	0.11	0.03
V713G	0.32	0.32	0.26	0.32	0.32	0.05	0.00	0.05	0.19	0.19	0.19	0.07	0.19	0.04	0.13	0.32	0.29	0.09	0.12	0.25	0.26	0.00	0.00	0.00	0.00	0.05	0.00	0.00	0.00	0.00	0.00	0.02	0.00	0.19	0.06	0.07	0.05	0.00	0.00	0.00	0.00	0.00	0.00	0.00	0.02	0.01	0.04	0.02	0.07	0.00	0.00	0.00	0.00	0.00	0.00	0.00	0.00	0.00	0.11	0.00	0.00	0.00	0.03	0.00	0.10	0.05	0.00	0.00	0.00	0.13	0.11
T734A	0.26	0.26	0.26	0.18	0.18	0.10	0.00	0.10	0.22	0.22	0.22	0.15	0.22	0.06	0.13	0.14	0.18	0.05	0.07	0.26	0.24	0.00	0.00	0.00	0.00	0.10	0.00	0.00	0.00	0.00	0.00	0.01	0.00	0.16	0.22	0.15	0.04	0.00	0.00	0.00	0.00	0.00	0.00	0.01	0.00	0.02	0.06	0.03	0.00	0.12	0.00	0.00	0.00	0.00	0.00	0.00	0.00	0.00	0.00	0.00	0.00	0.00	0.00	0.00	0.13	0.03	0.00	0.00	0.00	0.00	0.02
C743R	0.26	0.26	0.26	0.17	0.17	0.10	0.00	0.10	0.22	0.22	0.22	0.10	0.22	0.06	0.16	0.17	0.14	0.04	0.25	0.26	0.25	0.00	0.00	0.00	0.00	0.10	0.00	0.00	0.00	0.00	0.02	0.07	0.00	0.22	0.22	0.10	0.05	0.00	0.00	0.00	0.00	0.00	0.00	0.03	0.03	0.03	0.03	0.06	0.00	0.16	0.00	0.00	0.00	0.00	0.00	0.00	0.00	0.00	0.00	0.00	0.00	0.00	0.00	0.00	0.13	0.02	0.00	0.00	0.00	0.00	0.02
V750I	0.29	0.29	0.29	0.16	0.16	0.07	0.00	0.07	0.21	0.21	0.21	0.07	0.21	0.06	0.16	0.16	0.14	0.04	0.26	0.29	0.25	0.00	0.00	0.00	0.00	0.06	0.00	0.00	0.00	0.00	0.04	0.09	0.00	0.21	0.21	0.07	0.05	0.00	0.00	0.00	0.00	0.00	0.00	0.00	0.03	0.02	0.03	0.06	0.09	0.16	0.00	0.00	0.00	0.00	0.00	0.00	0.00	0.00	0.00	0.00	0.00	0.00	0.00	0.00	0.07	0.03	0.00	0.00	0.02	0.03	0.01
R751W	0.28	0.28	0.28	0.18	0.18	0.08	0.00	0.08	0.20	0.15	0.15	0.04	0.15	0.03	0.20	0.18	0.15	0.03	0.28	0.26	0.25	0.00	0.00	0.00	0.00	0.06	0.00	0.00	0.00	0.00	0.04	0.08	0.00	0.15	0.14	0.04	0.06	0.00	0.00	0.00	0.00	0.00	0.00	0.00	0.02	0.02	0.03	0.02	0.09	0.20	0.00	0.00	0.00	0.00	0.00	0.00	0.00	0.00	0.00	0.00	0.00	0.00	0.00	0.00	0.00	0.03	0.00	0.00	0.02	0.03	0.01
Q752R	0.27	0.27	0.27	0.15	0.15	0.06	0.00	0.06	0.21	0.16	0.16	0.07	0.16	0.05	0.21	0.15	0.15	0.04	0.27	0.26	0.25	0.00	0.00	0.00	0.00	0.05	0.00	0.00	0.00	0.00	0.07	0.08	0.00	0.16	0.11	0.04	0.07	0.00	0.00	0.00	0.00	0.00	0.00	0.00	0.02	0.02	0.05	0.02	0.09	0.21	0.00	0.00	0.00	0.00	0.00	0.00	0.00	0.00	0.00	0.00	0.00	0.00	0.00	0.00	0.00	0.03	0.00	0.00	0.04	0.03	0.00
S760L	0.34	0.29	0.27	0.14	0.14	0.04	0.00	0.04	0.34	0.34	0.34	0.04	0.34	0.07	0.06	0.13	0.14	0.04	0.27	0.26	0.22	0.00	0.00	0.00	0.00	0.04	0.00	0.00	0.00	0.05	0.04	0.08	0.00	0.34	0.19	0.03	0.29	0.00	0.00	0.00	0.06	0.00	0.00	0.01	0.05	0.03	0.05	0.07	0.06	0.00	0.00	0.00	0.00	0.00	0.00	0.00	0.00	0.00	0.00	0.00	0.00	0.00	0.00	0.00	0.00	0.00	0.00	0.00	0.04	0.03	0.00
