0.52	0.26	0.26	0.23	0.23	0.06	0.00	0.06	0.52	0.52	0.52	0.52	0.10	0.05	0.16	0.00	0.23	0.03	0.10	0.16	0.26	0.00	0.00	0.00	0.00	0.06	0.00	0.00	0.00	0.00	0.28	0.06	0.00	0.10	0.05	0.52	0.04	0.00	0.00	0.00	0.00	0.00	0.00	0.01	0.05	0.00	0.03	0.00	0.00	0.16	0.00	0.00	0.00	0.00	0.00	0.00	0.00	0.00	0.11	0.00	0.00	0.00	0.00	0.00	0.00	0.11	0.00	0.00	0.00	0.00	0.00
0.26	0.26	0.24	0.26	0.26	0.04	0.00	0.04	0.17	0.17	0.17	0.17	0.06	0.01	0.10	0.26	0.15	0.00	0.24	0.02	0.22	0.00	0.00	0.00	0.00	0.00	0.00	0.00	0.00	0.00	0.17	0.03	0.00	0.03	0.06	0.14	0.02	0.00	0.00	0.00	0.00	0.00	0.00	0.00	0.00	0.00	0.00	0.00	0.05	0.08	0.00	0.00	0.00	0.00	0.00	0.00	0.00	0.00	0.00	0.00	0.00	0.00	0.00	0.00	0.00	0.03	0.00	0.00	0.10	0.02	0.07
0.28	0.28	0.28	0.18	0.18	0.05	0.00	0.05	0.13	0.13	0.13	0.13	0.07	0.11	0.10	0.18	0.13	0.01	0.28	0.08	0.20	0.00	0.00	0.00	0.00	0.05	0.00	0.00	0.00	0.00	0.11	0.03	0.00	0.03	0.07	0.13	0.04	0.00	0.00	0.00	0.00	0.00	0.00	0.00	0.00	0.00	0.00	0.11	0.05	0.08	0.00	0.00	0.00	0.00	0.00	0.00	0.00	0.00	0.00	0.00	0.00	0.00	0.00	0.00	0.02	0.00	0.00	0.00	0.10	0.02	0.00
0.25	0.25	0.25	0.10	0.10	0.05	0.00	0.05	0.11	0.08	0.08	0.08	0.08	0.10	0.11	0.08	0.10	0.01	0.25	0.24	0.20	0.00	0.00	0.00	0.00	0.05	0.00	0.00	0.00	0.00	0.06	0.03	0.00	0.02	0.08	0.08	0.02	0.00	0.00	0.00	0.00	0.00	0.00	0.00	0.00	0.00	0.00	0.10	0.00	0.11	0.00	0.00	0.00	0.00	0.00	0.00	0.00	0.00	0.00	0.00	0.00	0.00	0.00	0.00	0.02	0.00	0.00	0.00	0.00	0.00	0.01
0.28	0.28	0.25	0.12	0.12	0.12	0.00	0.12	0.28	0.15	0.15	0.15	0.09	0.28	0.02	0.00	0.12	0.02	0.15	0.25	0.25	0.00	0.00	0.00	0.00	0.12	0.00	0.00	0.00	0.03	0.00	0.00	0.00	0.04	0.09	0.15	0.03	0.00	0.00	0.00	0.02	0.00	0.00	0.00	0.02	0.02	0.03	0.28	0.00	0.00	0.00	0.00	0.00	0.00	0.00	0.00	0.00	0.00	0.00	0.00	0.00	0.00	0.02	0.00	0.00	0.01	0.00	0.00	0.00	0.00	0.00
0.25	0.25	0.25	0.16	0.16	0.23	0.00	0.05	0.19	0.19	0.19	0.19	0.12	0.02	0.10	0.10	0.16	0.02	0.25	0.16	0.15	0.00	0.00	0.00	0.00	0.03	0.00	0.00	0.00	0.00	0.05	0.01	0.00	0.05	0.12	0.19	0.08	0.00	0.00	0.00	0.00	0.00	0.00	0.00	0.02	0.00	0.02	0.02	0.02	0.10	0.00	0.00	0.00	0.00	0.00	0.00	0.00	0.00	0.00	0.00	0.00	0.00	0.00	0.00	0.04	0.05	0.00	0.00	0.04	0.06	0.04
0.56	0.56	0.23	0.56	0.56	0.02	0.00	0.02	0.28	0.28	0.28	0.28	0.06	0.00	0.25	0.56	0.14	0.00	0.11	0.23	0.15	0.00	0.00	0.00	0.00	0.02	0.00	0.00	0.00	0.00	0.28	0.00	0.00	0.01	0.06	0.14	0.00	0.00	0.00	0.00	0.00	0.00	0.00	0.00	0.00	0.00	0.00	0.00	0.16	0.00	0.00	0.00	0.00	0.00	0.00	0.00	0.00	0.00	0.03	0.00	0.00	0.00	0.12	0.00	0.25	0.07	0.00	0.00	0.11	0.11	0.00
0.34	0.31	0.24	0.31	0.31	0.04	0.00	0.04	0.34	0.22	0.22	0.22	0.05	0.00	0.34	0.31	0.17	0.00	0.24	0.13	0.16	0.00	0.00	0.00	0.00	0.04	0.00	0.00	0.00	0.00	0.22	0.00	0.00	0.01	0.05	0.20	0.00	0.00	0.00	0.00	0.00	0.00	0.00	0.00	0.00	0.00	0.00	0.00	0.12	0.00	0.00	0.00	0.00	0.00	0.00	0.00	0.00	0.00	0.10	0.00	0.00	0.00	0.13	0.00	0.34	0.06	0.00	0.00	0.12	0.19	0.00
0.36	0.30	0.30	0.27	0.27	0.03	0.00	0.02	0.36	0.11	0.11	0.11	0.02	0.00	0.36	0.00	0.27	0.00	0.30	0.19	0.25	0.00	0.00	0.00	0.00	0.01	0.00	0.00	0.00	0.00	0.09	0.00	0.00	0.02	0.01	0.11	0.00	0.00	0.00	0.00	0.00	0.00	0.00	0.00	0.00	0.00	0.00	0.00	0.00	0.12	0.00	0.00	0.00	0.00	0.00	0.00	0.00	0.00	0.00	0.00	0.00	0.00	0.08	0.00	0.36	0.05	0.00	0.00	0.00	0.00	0.00
0.28	0.26	0.26	0.25	0.25	0.06	0.00	0.02	0.28	0.11	0.11	0.11	0.03	0.00	0.28	0.00	0.25	0.00	0.26	0.07	0.25	0.00	0.00	0.00	0.00	0.01	0.00	0.00	0.00	0.00	0.10	0.00	0.00	0.03	0.02	0.11	0.00	0.00	0.00	0.00	0.00	0.00	0.00	0.00	0.00	0.00	0.00	0.00	0.00	0.17	0.00	0.00	0.00	0.00	0.00	0.00	0.00	0.00	0.00	0.00	0.00	0.00	0.06	0.00	0.28	0.05	0.00	0.00	0.00	0.00	0.00
0.30	0.30	0.30	0.29	0.29	0.02	0.00	0.02	0.26	0.06	0.06	0.06	0.03	0.00	0.26	0.29	0.17	0.00	0.29	0.09	0.30	0.00	0.00	0.00	0.00	0.00	0.00	0.00	0.00	0.00	0.05	0.00	0.00	0.01	0.03	0.06	0.00	0.00	0.00	0.00	0.00	0.00	0.00	0.00	0.00	0.00	0.00	0.00	0.23	0.06	0.00	0.00	0.00	0.00	0.00	0.00	0.00	0.00	0.02	0.00	0.00	0.00	0.00	0.00	0.26	0.03	0.00	0.00	0.19	0.09	0.00
0.26	0.21	0.21	0.18	0.18	0.01	0.00	0.01	0.26	0.16	0.16	0.16	0.02	0.00	0.26	0.00	0.18	0.00	0.17	0.09	0.21	0.00	0.00	0.00	0.00	0.00	0.00	0.00	0.00	0.00	0.16	0.00	0.00	0.00	0.02	0.11	0.00	0.00	0.00	0.00	0.00	0.00	0.00	0.00	0.00	0.00	0.00	0.00	0.15	0.15	0.00	0.00	0.00	0.00	0.00	0.00	0.00	0.00	0.01	0.00	0.00	0.00	0.00	0.00	0.26	0.03	0.00	0.00	0.16	0.10	0.00
0.56	0.19	0.16	0.19	0.19	0.01	0.00	0.01	0.56	0.27	0.27	0.27	0.02	0.00	0.56	0.00	0.19	0.00	0.16	0.11	0.16	0.00	0.00	0.00	0.00	0.00	0.00	0.00	0.00	0.00	0.27	0.00	0.00	0.00	0.02	0.13	0.00	0.00	0.00	0.00	0.00	0.00	0.00	0.00	0.00	0.00	0.00	0.00	0.10	0.17	0.00	0.00	0.00	0.00	0.00	0.00	0.00	0.00	0.01	0.00	0.00	0.00	0.03	0.00	0.56	0.05	0.00	0.00	0.18	0.11	0.01
0.31	0.18	0.18	0.16	0.16	0.01	0.00	0.01	0.31	0.18	0.18	0.18	0.06	0.00	0.31	0.00	0.16	0.00	0.16	0.12	0.18	0.00	0.00	0.00	0.00	0.00	0.00	0.00	0.00	0.00	0.18	0.00	0.00	0.00	0.06	0.14	0.00	0.00	0.00	0.00	0.00	0.00	0.00	0.00	0.00	0.00	0.00	0.00	0.12	0.15	0.00	0.00	0.00	0.00	0.00	0.00	0.00	0.00	0.01	0.00	0.00	0.00	0.04	0.00	0.31	0.05	0.00	0.00	0.17	0.11	0.00
0.76	0.23	0.23	0.23	0.23	0.04	0.00	0.04	0.76	0.39	0.39	0.39	0.03	0.01	0.76	0.00	0.23	0.00	0.23	0.07	0.20	0.00	0.00	0.00	0.00	0.04	0.00	0.00	0.00	0.00	0.10	0.00	0.00	0.02	0.03	0.39	0.00	0.00	0.00	0.00	0.00	0.00	0.00	0.00	0.00	0.00	0.00	0.00	0.00	0.07	0.00	0.00	0.00	0.00	0.00	0.00	0.00	0.00	0.00	0.00	0.00	0.00	0.02	0.00	0.76	0.06	0.00	0.00	0.00	0.00	0.00
0.27	0.26	0.26	0.23	0.23	0.02	0.00	0.02	0.27	0.09	0.09	0.09	0.02	0.00	0.27	0.00	0.23	0.00	0.20	0.09	0.26	0.00	0.00	0.00	0.00	0.00	0.00	0.00	0.00	0.00	0.09	0.00	0.00	0.01	0.02	0.06	0.00	0.00	0.00	0.00	0.00	0.00	0.00	0.00	0.00	0.00	0.00	0.00	0.00	0.16	0.00	0.00	0.00	0.00	0.00	0.00	0.00	0.00	0.00	0.00	0.00	0.00	0.11	0.00	0.27	0.08	0.00	0.00	0.00	0.00	0.00
0.28	0.28	0.26	0.28	0.28	0.04	0.00	0.04	0.22	0.18	0.18	0.18	0.06	0.22	0.11	0.28	0.18	0.03	0.25	0.26	0.25	0.00	0.00	0.00	0.00	0.04	0.00	0.00	0.00	0.02	0.09	0.15	0.00	0.04	0.06	0.18	0.07	0.00	0.00	0.00	0.02	0.00	0.00	0.12	0.10	0.04	0.06	0.22	0.00	0.10	0.00	0.00	0.00	0.00	0.00	0.00	0.00	0.00	0.00	0.00	0.00	0.00	0.00	0.00	0.11	0.01	0.00	0.00	0.00	0.00	0.01
0.28	0.28	0.25	0.28	0.28	0.13	0.00	0.13	0.16	0.15	0.15	0.15	0.13	0.16	0.14	0.28	0.24	0.12	0.25	0.24	0.25	0.00	0.00	0.00	0.00	0.13	0.00	0.00	0.00	0.01	0.00	0.02	0.00	0.13	0.11	0.15	0.10	0.00	0.00	0.00	0.01	0.00	0.00	0.09	0.05	0.10	0.13	0.16	0.05	0.00	0.00	0.00	0.00	0.00	0.00	0.00	0.00	0.00	0.01	0.00	0.00	0.03	0.00	0.00	0.08	0.06	0.00	0.00	0.05	0.14	0.00
0.25	0.25	0.24	0.22	0.22	0.09	0.00	0.09	0.25	0.23	0.23	0.07	0.23	0.25	0.06	0.22	0.15	0.07	0.24	0.12	0.24	0.00	0.00	0.00	0.00	0.09	0.00	0.00	0.00	0.02	0.00	0.03	0.00	0.21	0.23	0.07	0.20	0.00	0.00	0.00	0.06	0.00	0.00	0.09	0.19	0.09	0.07	0.25	0.00	0.03	0.00	0.00	0.00	0.00	0.00	0.00	0.00	0.00	0.00	0.00	0.00	0.00	0.00	0.00	0.00	0.06	0.00	0.00	0.00	0.00	0.00
0.57	0.57	0.26	0.14	0.14	0.09	0.00	0.09	0.57	0.28	0.28	0.05	0.28	0.57	0.10	0.11	0.14	0.10	0.26	0.11	0.24	0.00	0.00	0.00	0.00	0.09	0.00	0.00	0.00	0.02	0.01	0.01	0.00	0.28	0.23	0.05	0.25	0.00	0.00	0.00	0.06	0.00	0.00	0.05	0.23	0.06	0.06	0.57	0.00	0.10	0.00	0.00	0.00	0.00	0.00	0.00	0.00	0.00	0.00	0.00	0.00	0.00	0.00	0.00	0.01	0.02	0.00	0.00	0.00	0.00	0.00
0.41	0.41	0.25	0.27	0.24	0.04	0.00	0.04	0.41	0.18	0.18	0.06	0.18	0.41	0.03	0.24	0.21	0.10	0.25	0.09	0.22	0.00	0.00	0.00	0.00	0.04	0.00	0.00	0.00	0.00	0.00	0.01	0.00	0.11	0.18	0.06	0.21	0.00	0.00	0.00	0.06	0.00	0.00	0.07	0.19	0.03	0.06	0.41	0.00	0.03	0.00	0.00	0.00	0.00	0.00	0.00	0.00	0.00	0.00	0.00	0.00	0.00	0.00	0.00	0.00	0.00	0.00	0.00	0.00	0.00	0.27
0.27	0.27	0.25	0.22	0.22	0.12	0.00	0.12	0.27	0.27	0.27	0.06	0.27	0.24	0.09	0.22	0.16	0.27	0.15	0.18	0.25	0.00	0.00	0.00	0.00	0.06	0.00	0.00	0.00	0.05	0.00	0.03	0.00	0.27	0.19	0.06	0.10	0.00	0.00	0.00	0.00	0.00	0.00	0.02	0.06	0.17	0.24	0.06	0.05	0.00	0.00	0.00	0.00	0.00	0.00	0.00	0.00	0.00	0.02	0.00	0.00	0.02	0.01	0.00	0.09	0.02	0.00	0.00	0.05	0.09	0.01
0.33	0.33	0.25	0.32	0.32	0.13	0.00	0.13	0.27	0.27	0.27	0.13	0.27	0.27	0.09	0.32	0.20	0.33	0.25	0.08	0.25	0.00	0.00	0.00	0.00	0.13	0.00	0.00	0.00	0.15	0.00	0.06	0.00	0.27	0.19	0.13	0.25	0.00	0.00	0.00	0.08	0.00	0.00	0.21	0.21	0.17	0.27	0.13	0.00	0.00	0.00	0.00	0.00	0.00	0.00	0.00	0.00	0.00	0.00	0.00	0.00	0.00	0.00	0.00	0.09	0.03	0.00	0.00	0.00	0.00	0.00
0.28	0.28	0.25	0.24	0.24	0.10	0.00	0.10	0.28	0.28	0.28	0.08	0.28	0.23	0.15	0.24	0.19	0.28	0.24	0.04	0.25	0.00	0.00	0.00	0.00	0.10	0.00	0.00	0.00	0.02	0.03	0.03	0.00	0.28	0.11	0.08	0.09	0.00	0.00	0.00	0.02	0.00	0.00	0.09	0.23	0.08	0.15	0.19	0.09	0.10	0.00	0.00	0.00	0.00	0.00	0.00	0.00	0.00	0.03	0.00	0.00	0.00	0.00	0.00	0.00	0.03	0.00	0.00	0.02	0.15	0.02
0.25	0.25	0.25	0.15	0.15	0.09	0.00	0.09	0.25	0.25	0.25	0.15	0.25	0.12	0.20	0.05	0.15	0.11	0.22	0.13	0.25	0.00	0.00	0.00	0.00	0.09	0.00	0.00	0.00	0.00	0.03	0.09	0.00	0.23	0.25	0.15	0.12	0.00	0.00	0.00	0.00	0.00	0.00	0.01	0.00	0.04	0.12	0.00	0.11	0.20	0.00	0.00	0.00	0.00	0.00	0.00	0.00	0.00	0.04	0.00	0.00	0.00	0.00	0.00	0.11	0.02	0.00	0.00	0.05	0.10	0.01
0.46	0.46	0.25	0.46	0.46	0.25	0.00	0.25	0.22	0.19	0.19	0.19	0.06	0.01	0.22	0.46	0.32	0.03	0.21	0.08	0.25	0.00	0.00	0.00	0.00	0.25	0.00	0.00	0.00	0.00	0.00	0.00	0.00	0.06	0.01	0.19	0.02	0.00	0.00	0.00	0.01	0.00	0.00	0.00	0.01	0.01	0.01	0.01	0.05	0.07	0.00	0.00	0.00	0.00	0.00	0.00	0.00	0.00	0.02	0.00	0.00	0.04	0.00	0.00	0.11	0.06	0.00	0.00	0.22	0.14	0.00
0.31	0.31	0.23	0.31	0.31	0.06	0.00	0.06	0.16	0.02	0.02	0.02	0.02	0.01	0.16	0.31	0.19	0.00	0.23	0.09	0.22	0.00	0.00	0.00	0.00	0.06	0.00	0.00	0.00	0.00	0.02	0.00	0.00	0.02	0.02	0.02	0.00	0.00	0.00	0.00	0.01	0.00	0.00	0.00	0.01	0.00	0.00	0.01	0.00	0.16	0.00	0.00	0.00	0.00	0.00	0.00	0.00	0.00	0.00	0.00	0.00	0.00	0.01	0.00	0.13	0.07	0.00	0.00	0.00	0.00	0.00
0.28	0.28	0.27	0.28	0.28	0.02	0.00	0.02	0.10	0.02	0.02	0.02	0.02	0.01	0.10	0.28	0.22	0.00	0.27	0.19	0.26	0.00	0.00	0.00	0.00	0.02	0.00	0.00	0.00	0.00	0.02	0.00	0.00	0.01	0.02	0.02	0.00	0.00	0.00	0.00	0.00	0.00	0.00	0.00	0.00	0.00	0.01	0.00	0.00	0.08	0.00	0.00	0.00	0.00	0.00	0.00	0.00	0.00	0.00	0.00	0.00	0.00	0.01	0.00	0.10	0.04	0.00	0.00	0.00	0.00	0.03
0.33	0.33	0.27	0.33	0.33	0.03	0.00	0.02	0.10	0.04	0.04	0.04	0.02	0.01	0.10	0.33	0.27	0.02	0.27	0.16	0.25	0.00	0.00	0.00	0.00	0.02	0.00	0.00	0.00	0.00	0.01	0.00	0.00	0.02	0.02	0.04	0.00	0.00	0.00	0.00	0.00	0.00	0.00	0.00	0.00	0.00	0.01	0.00	0.10	0.08	0.00	0.00	0.00	0.00	0.00	0.00	0.00	0.00	0.03	0.00	0.00	0.00	0.01	0.00	0.09	0.04	0.00	0.00	0.08	0.10	0.00
0.27	0.27	0.27	0.26	0.26	0.02	0.00	0.02	0.14	0.04	0.04	0.04	0.03	0.01	0.14	0.26	0.22	0.02	0.27	0.03	0.20	0.00	0.00	0.00	0.00	0.02	0.00	0.00	0.00	0.00	0.04	0.00	0.00	0.02	0.03	0.02	0.01	0.00	0.00	0.00	0.00	0.00	0.00	0.00	0.00	0.00	0.01	0.00	0.10	0.14	0.00	0.00	0.00	0.00	0.00	0.00	0.00	0.00	0.03	0.00	0.00	0.00	0.00	0.00	0.05	0.02	0.00	0.00	0.10	0.10	0.02
0.26	0.26	0.26	0.14	0.14	0.03	0.00	0.03	0.26	0.26	0.26	0.03	0.26	0.10	0.16	0.09	0.14	0.10	0.26	0.25	0.25	0.00	0.00	0.00	0.00	0.02	0.00	0.00	0.00	0.02	0.03	0.09	0.00	0.26	0.13	0.00	0.14	0.00	0.00	0.00	0.01	0.00	0.00	0.02	0.05	0.05	0.10	0.05	0.05	0.16	0.00	0.00	0.00	0.00	0.00	0.00	0.00	0.00	0.01	0.00	0.00	0.00	0.00	0.00	0.02	0.03	0.00	0.00	0.05	0.02	0.00
0.26	0.26	0.26	0.10	0.10	0.02	0.00	0.02	0.17	0.17	0.17	0.14	0.17	0.03	0.17	0.02	0.10	0.04	0.21	0.11	0.26	0.00	0.00	0.00	0.00	0.00	0.00	0.00	0.00	0.02	0.14	0.11	0.00	0.17	0.13	0.04	0.13	0.00	0.00	0.00	0.00	0.00	0.00	0.00	0.00	0.01	0.01	0.03	0.04	0.17	0.00	0.00	0.00	0.00	0.00	0.00	0.00	0.00	0.01	0.00	0.00	0.00	0.00	0.00	0.00	0.00	0.00	0.00	0.04	0.02	0.00
0.29	0.29	0.25	0.29	0.29	0.04	0.00	0.04	0.25	0.25	0.17	0.17	0.17	0.06	0.25	0.29	0.23	0.08	0.25	0.14	0.25	0.00	0.00	0.00	0.00	0.04	0.00	0.00	0.00	0.03	0.01	0.25	0.00	0.15	0.17	0.17	0.13	0.00	0.00	0.00	0.00	0.00	0.00	0.02	0.03	0.01	0.06	0.05	0.25	0.14	0.00	0.00	0.00	0.00	0.00	0.00	0.00	0.00	0.03	0.00	0.00	0.00	0.00	0.00	0.24	0.05	0.00	0.00	0.21	0.09	0.00
0.32	0.32	0.26	0.32	0.32	0.04	0.00	0.04	0.27	0.27	0.18	0.18	0.18	0.05	0.26	0.32	0.23	0.06	0.24	0.14	0.26	0.00	0.00	0.00	0.00	0.04	0.00	0.00	0.00	0.02	0.02	0.27	0.00	0.13	0.18	0.18	0.13	0.00	0.00	0.00	0.00	0.00	0.00	0.02	0.03	0.01	0.05	0.02	0.26	0.14	0.00	0.00	0.00	0.00	0.00	0.00	0.00	0.00	0.03	0.00	0.00	0.00	0.00	0.00	0.24	0.05	0.00	0.00	0.21	0.08	0.00
0.26	0.26	0.25	0.26	0.26	0.05	0.00	0.05	0.26	0.26	0.17	0.17	0.17	0.09	0.23	0.26	0.22	0.08	0.25	0.14	0.25	0.00	0.00	0.00	0.00	0.04	0.00	0.00	0.00	0.03	0.01	0.26	0.00	0.14	0.17	0.17	0.18	0.00	0.00	0.00	0.00	0.00	0.00	0.03	0.03	0.02	0.09	0.03	0.00	0.14	0.00	0.00	0.00	0.00	0.00	0.00	0.00	0.00	0.01	0.00	0.00	0.00	0.00	0.00	0.23	0.07	0.00	0.00	0.00	0.00	0.00
0.33	0.33	0.25	0.33	0.33	0.06	0.00	0.06	0.24	0.24	0.17	0.17	0.17	0.06	0.14	0.33	0.24	0.06	0.25	0.14	0.25	0.00	0.00	0.00	0.00	0.05	0.00	0.00	0.00	0.02	0.02	0.24	0.00	0.17	0.11	0.17	0.18	0.00	0.00	0.00	0.00	0.00	0.00	0.02	0.03	0.02	0.06	0.02	0.00	0.14	0.00	0.00	0.00	0.00	0.00	0.00	0.00	0.00	0.01	0.00	0.00	0.00	0.00	0.00	0.04	0.05	0.00	0.00	0.00	0.00	0.00
0.29	0.26	0.26	0.25	0.25	0.09	0.00	0.09	0.29	0.29	0.21	0.17	0.21	0.06	0.16	0.25	0.23	0.09	0.24	0.04	0.26	0.00	0.00	0.00	0.00	0.04	0.00	0.00	0.00	0.02	0.02	0.29	0.00	0.21	0.11	0.17	0.25	0.00	0.00	0.00	0.00	0.00	0.00	0.00	0.02	0.01	0.06	0.00	0.00	0.16	0.00	0.00	0.00	0.00	0.00	0.00	0.00	0.00	0.03	0.00	0.00	0.00	0.00	0.00	0.04	0.05	0.00	0.00	0.00	0.00	0.03
0.25	0.25	0.25	0.21	0.21	0.13	0.00	0.13	0.22	0.22	0.22	0.04	0.22	0.19	0.18	0.11	0.21	0.25	0.18	0.24	0.25	0.00	0.00	0.00	0.00	0.13	0.00	0.00	0.00	0.00	0.02	0.18	0.00	0.22	0.13	0.04	0.12	0.00	0.00	0.00	0.03	0.00	0.00	0.05	0.19	0.03	0.12	0.12	0.18	0.09	0.00	0.00	0.00	0.00	0.00	0.00	0.00	0.00	0.01	0.00	0.00	0.00	0.00	0.00	0.00	0.03	0.00	0.00	0.04	0.04	0.01
0.39	0.28	0.18	0.21	0.21	0.27	0.00	0.27	0.39	0.28	0.28	0.09	0.28	0.20	0.39	0.12	0.21	0.28	0.18	0.04	0.09	0.00	0.00	0.00	0.00	0.27	0.00	0.00	0.00	0.00	0.03	0.18	0.00	0.28	0.12	0.09	0.14	0.00	0.00	0.00	0.02	0.00	0.00	0.05	0.20	0.05	0.12	0.16	0.39	0.00	0.00	0.00	0.00	0.00	0.00	0.00	0.00	0.00	0.04	0.00	0.00	0.00	0.00	0.00	0.03	0.02	0.00	0.00	0.04	0.09	0.04
0.37	0.27	0.25	0.24	0.24	0.27	0.00	0.27	0.37	0.37	0.37	0.10	0.37	0.20	0.14	0.24	0.20	0.27	0.12	0.25	0.24	0.00	0.00	0.00	0.00	0.27	0.00	0.00	0.00	0.07	0.05	0.30	0.00	0.37	0.10	0.10	0.18	0.00	0.00	0.00	0.00	0.00	0.00	0.01	0.03	0.13	0.20	0.00	0.00	0.14	0.00	0.00	0.00	0.00	0.00	0.00	0.00	0.00	0.00	0.00	0.00	0.00	0.00	0.00	0.03	0.02	0.00	0.00	0.00	0.00	0.01
0.28	0.28	0.25	0.28	0.28	0.22	0.00	0.22	0.27	0.25	0.25	0.08	0.25	0.22	0.15	0.28	0.20	0.26	0.12	0.25	0.24	0.00	0.00	0.00	0.00	0.22	0.00	0.00	0.00	0.06	0.03	0.17	0.00	0.25	0.10	0.08	0.27	0.00	0.00	0.00	0.00	0.00	0.00	0.02	0.03	0.15	0.22	0.03	0.05	0.15	0.00	0.00	0.00	0.00	0.00	0.00	0.00	0.00	0.10	0.00	0.00	0.00	0.00	0.00	0.03	0.03	0.00	0.00	0.07	0.11	0.03
0.32	0.32	0.26	0.32	0.32	0.05	0.00	0.05	0.19	0.19	0.19	0.07	0.19	0.04	0.13	0.32	0.29	0.09	0.12	0.25	0.26	0.00	0.00	0.00	0.00	0.05	0.00	0.00	0.00	0.00	0.00	0.02	0.00	0.19	0.06	0.07	0.05	0.00	0.00	0.00	0.00	0.00	0.00	0.00	0.02	0.01	0.04	0.02	0.07	0.00	0.00	0.00	0.00	0.00	0.00	0.00	0.00	0.00	0.11	0.00	0.00	0.00	0.03	0.00	0.10	0.05	0.00	0.00	0.00	0.13	0.11
0.26	0.26	0.26	0.18	0.18	0.10	0.00	0.10	0.22	0.22	0.22	0.15	0.22	0.06	0.13	0.14	0.18	0.05	0.07	0.26	0.24	0.00	0.00	0.00	0.00	0.10	0.00	0.00	0.00	0.00	0.00	0.01	0.00	0.16	0.22	0.15	0.04	0.00	0.00	0.00	0.00	0.00	0.00	0.01	0.00	0.02	0.06	0.03	0.00	0.12	0.00	0.00	0.00	0.00	0.00	0.00	0.00	0.00	0.00	0.00	0.00	0.00	0.00	0.00	0.13	0.03	0.00	0.00	0.00	0.00	0.02
0.26	0.26	0.26	0.17	0.17	0.10	0.00	0.10	0.22	0.22	0.22	0.10	0.22	0.06	0.16	0.17	0.14	0.04	0.25	0.26	0.25	0.00	0.00	0.00	0.00	0.10	0.00	0.00	0.00	0.00	0.02	0.07	0.00	0.22	0.22	0.10	0.05	0.00	0.00	0.00	0.00	0.00	0.00	0.03	0.03	0.03	0.03	0.06	0.00	0.16	0.00	0.00	0.00	0.00	0.00	0.00	0.00	0.00	0.00	0.00	0.00	0.00	0.00	0.00	0.13	0.02	0.00	0.00	0.00	0.00	0.02
0.29	0.29	0.29	0.16	0.16	0.07	0.00	0.07	0.21	0.21	0.21	0.07	0.21	0.06	0.16	0.16	0.14	0.04	0.26	0.29	0.25	0.00	0.00	0.00	0.00	0.06	0.00	0.00	0.00	0.00	0.04	0.09	0.00	0.21	0.21	0.07	0.05	0.00	0.00	0.00	0.00	0.00	0.00	0.00	0.03	0.02	0.03	0.06	0.09	0.16	0.00	0.00	0.00	0.00	0.00	0.00	0.00	0.00	0.00	0.00	0.00	0.00	0.00	0.00	0.07	0.03	0.00	0.00	0.02	0.03	0.01
0.28	0.28	0.28	0.18	0.18	0.08	0.00	0.08	0.20	0.15	0.15	0.04	0.15	0.03	0.20	0.18	0.15	0.03	0.28	0.26	0.25	0.00	0.00	0.00	0.00	0.06	0.00	0.00	0.00	0.00	0.04	0.08	0.00	0.15	0.14	0.04	0.06	0.00	0.00	0.00	0.00	0.00	0.00	0.00	0.02	0.02	0.03	0.02	0.09	0.20	0.00	0.00	0.00	0.00	0.00	0.00	0.00	0.00	0.00	0.00	0.00	0.00	0.00	0.00	0.00	0.03	0.00	0.00	0.02	0.03	0.01
0.27	0.27	0.27	0.15	0.15	0.06	0.00	0.06	0.21	0.16	0.16	0.07	0.16	0.05	0.21	0.15	0.15	0.04	0.27	0.26	0.25	0.00	0.00	0.00	0.00	0.05	0.00	0.00	0.00	0.00	0.07	0.08	0.00	0.16	0.11	0.04	0.07	0.00	0.00	0.00	0.00	0.00	0.00	0.00	0.02	0.02	0.05	0.02	0.09	0.21	0.00	0.00	0.00	0.00	0.00	0.00	0.00	0.00	0.00	0.00	0.00	0.00	0.00	0.00	0.00	0.03	0.00	0.00	0.04	0.03	0.00
0.34	0.29	0.27	0.14	0.14	0.04	0.00	0.04	0.34	0.34	0.34	0.04	0.34	0.07	0.06	0.13	0.14	0.04	0.27	0.26	0.22	0.00	0.00	0.00	0.00	0.04	0.00	0.00	0.00	0.05	0.04	0.08	0.00	0.34	0.19	0.03	0.29	0.00	0.00	0.00	0.06	0.00	0.00	0.01	0.05	0.03	0.05	0.07	0.06	0.00	0.00	0.00	0.00	0.00	0.00	0.00	0.00	0.00	0.00	0.00	0.00	0.00	0.00	0.00	0.00	0.00	0.00	0.00	0.04	0.03	0.00
