# Variant	Altered Effect	Altered Structure_and_dynamics	Altered Secondary_structure	Altered Stability_and_conformational_flexibility	Altered Conformational_flexibility	Altered Special_structural_signatures	Altered Signal_peptide	Altered Transmembrane_protein	Altered Functional_residue	Altered Macromolecular_binding	Altered Protein_binding	Altered Disordered_interface	Altered Ordered_interface	Altered Metal_binding	Altered PTM_site	Intrinsic_disorder	B-factor	Relative_solvent_accessibility	Helix	Strand	Loop	N-terminal_signal	Signal_helix	C-terminal_signal	Signal_cleavage	Cytoplasmic_loop	Transmembrane_region	Non_cytoplasmic_loop	Coiled_coil	Catalytic_site	Calmodulin_binding	DNA_binding	RNA_binding	PPI_residue	PPI_hotspot	MoRF	Allosteric_site	Cadmium_binding	Calcium_binding	Cobalt_binding	Copper_binding	Iron_binding	Magnesium_binding	Manganese_binding	Nickel_binding	Potassium_binding	Sodium_binding	Zinc_binding	Acetylation	ADP-ribosylation	Amidation	C-linked_glycosylation	Carboxylation	Disulfide_linkage	Farnesylation	Geranylgeranylation	GPI_anchor_amidation	Hydroxylation	Methylation	Myristoylation	N-terminal_acetylation	N-linked_glycosylation	O-linked_glycosylation	Palmitoylation	Phosphorylation	Proteolytic_cleavage	Pyrrolidone_carboxylic_acid	Sulfation	SUMOylation	Ubiquitylation	Stability
V11G	0.27	0.27	0.27	0.22	0.22	0.05	0.00	0.05	0.23	0.23	0.23	0.23	0.17	0.05	0.10	0.22	0.19	0.25	0.27	0.26	0.03	0.00	0.00	0.00	0.00	0.03	0.00	0.00	0.00	0.00	0.00	0.00	0.00	0.17	0.11	0.23	0.10	0.00	0.00	0.00	0.01	0.00	0.00	0.01	0.02	0.01	0.01	0.05	0.00	0.10	0.00	0.00	0.00	0.00	0.00	0.00	0.00	0.00	0.00	0.00	0.00	0.00	0.00	0.00	0.00	0.05	0.00	0.00	0.00	0.00	0.00
I15T	0.24	0.18	0.18	0.14	0.14	0.05	0.00	0.05	0.24	0.24	0.24	0.24	0.11	0.05	0.08	0.11	0.14	0.14	0.18	0.05	0.03	0.00	0.00	0.00	0.00	0.04	0.00	0.00	0.00	0.00	0.00	0.00	0.00	0.10	0.11	0.24	0.12	0.00	0.00	0.00	0.01	0.00	0.00	0.00	0.02	0.01	0.00	0.05	0.03	0.02	0.00	0.00	0.00	0.00	0.00	0.00	0.00	0.00	0.00	0.00	0.00	0.00	0.00	0.00	0.02	0.00	0.00	0.00	0.08	0.02	0.00
I21V	0.28	0.25	0.24	0.10	0.10	0.12	0.00	0.12	0.28	0.28	0.28	0.28	0.11	0.25	0.09	0.03	0.10	0.09	0.24	0.06	0.18	0.00	0.00	0.00	0.00	0.12	0.00	0.00	0.00	0.00	0.00	0.00	0.00	0.09	0.11	0.28	0.11	0.00	0.00	0.00	0.00	0.00	0.00	0.03	0.02	0.01	0.05	0.25	0.03	0.02	0.00	0.00	0.00	0.00	0.00	0.00	0.00	0.00	0.00	0.00	0.00	0.00	0.00	0.00	0.00	0.00	0.00	0.00	0.09	0.02	0.00
L22S	0.27	0.25	0.25	0.12	0.12	0.19	0.00	0.19	0.27	0.27	0.27	0.27	0.11	0.24	0.08	0.05	0.12	0.11	0.25	0.06	0.20	0.00	0.00	0.00	0.00	0.19	0.00	0.00	0.00	0.01	0.00	0.00	0.00	0.11	0.11	0.27	0.10	0.00	0.00	0.00	0.00	0.00	0.00	0.03	0.02	0.02	0.06	0.24	0.03	0.02	0.00	0.00	0.00	0.00	0.00	0.00	0.00	0.00	0.00	0.00	0.00	0.00	0.00	0.00	0.00	0.00	0.00	0.00	0.08	0.02	0.00
E23D	0.26	0.26	0.25	0.09	0.09	0.14	0.00	0.14	0.26	0.24	0.24	0.24	0.12	0.26	0.09	0.02	0.09	0.09	0.25	0.06	0.17	0.00	0.00	0.00	0.00	0.14	0.00	0.00	0.00	0.00	0.00	0.00	0.00	0.09	0.12	0.24	0.10	0.00	0.00	0.00	0.00	0.00	0.00	0.03	0.02	0.01	0.07	0.26	0.03	0.02	0.00	0.00	0.00	0.00	0.00	0.00	0.00	0.00	0.00	0.00	0.00	0.00	0.00	0.00	0.00	0.00	0.00	0.00	0.09	0.02	0.00
C24Y	0.44	0.31	0.25	0.09	0.09	0.17	0.00	0.17	0.44	0.44	0.44	0.44	0.24	0.31	0.08	0.02	0.09	0.09	0.25	0.06	0.18	0.00	0.00	0.00	0.00	0.17	0.00	0.00	0.00	0.02	0.00	0.00	0.00	0.11	0.24	0.44	0.10	0.00	0.00	0.00	0.00	0.00	0.00	0.06	0.02	0.02	0.05	0.31	0.03	0.02	0.00	0.00	0.00	0.00	0.00	0.00	0.00	0.00	0.00	0.00	0.00	0.00	0.00	0.00	0.03	0.00	0.00	0.00	0.08	0.02	0.00
P25L	0.27	0.27	0.27	0.09	0.09	0.13	0.00	0.13	0.27	0.26	0.26	0.26	0.12	0.27	0.08	0.04	0.09	0.09	0.27	0.06	0.18	0.00	0.00	0.00	0.00	0.13	0.00	0.00	0.00	0.00	0.00	0.00	0.00	0.09	0.12	0.26	0.10	0.00	0.00	0.00	0.00	0.00	0.00	0.03	0.02	0.01	0.06	0.27	0.03	0.02	0.00	0.00	0.00	0.00	0.00	0.00	0.00	0.00	0.00	0.00	0.00	0.00	0.00	0.00	0.00	0.00	0.00	0.00	0.08	0.01	0.00
L28P	0.26	0.26	0.26	0.14	0.14	0.16	0.00	0.16	0.26	0.24	0.24	0.24	0.13	0.26	0.12	0.13	0.14	0.12	0.26	0.06	0.20	0.00	0.00	0.00	0.00	0.16	0.00	0.00	0.00	0.00	0.00	0.00	0.00	0.13	0.11	0.24	0.11	0.00	0.00	0.00	0.00	0.00	0.00	0.04	0.02	0.02	0.07	0.26	0.01	0.02	0.00	0.00	0.00	0.00	0.00	0.00	0.00	0.00	0.00	0.00	0.00	0.00	0.00	0.00	0.00	0.00	0.00	0.00	0.12	0.00	0.00
E33A	0.25	0.25	0.25	0.15	0.15	0.07	0.00	0.07	0.16	0.16	0.16	0.16	0.12	0.03	0.12	0.09	0.15	0.06	0.25	0.08	0.23	0.00	0.00	0.00	0.00	0.07	0.00	0.00	0.00	0.00	0.01	0.00	0.00	0.06	0.12	0.16	0.05	0.00	0.00	0.00	0.00	0.00	0.00	0.02	0.01	0.02	0.03	0.03	0.04	0.02	0.00	0.00	0.00	0.00	0.00	0.00	0.00	0.00	0.00	0.00	0.00	0.00	0.02	0.00	0.00	0.00	0.00	0.00	0.12	0.00	0.00
E33Q	0.25	0.25	0.25	0.15	0.15	0.07	0.00	0.07	0.16	0.16	0.16	0.16	0.11	0.03	0.12	0.09	0.15	0.05	0.25	0.08	0.23	0.00	0.00	0.00	0.00	0.07	0.00	0.00	0.00	0.00	0.01	0.00	0.00	0.06	0.11	0.16	0.05	0.00	0.00	0.00	0.00	0.00	0.00	0.02	0.01	0.02	0.03	0.02	0.04	0.02	0.00	0.00	0.00	0.00	0.00	0.00	0.00	0.00	0.00	0.00	0.00	0.00	0.02	0.00	0.00	0.00	0.00	0.00	0.12	0.00	0.00
P34S	0.25	0.25	0.25	0.15	0.15	0.07	0.00	0.07	0.22	0.16	0.16	0.16	0.10	0.22	0.12	0.10	0.15	0.07	0.25	0.08	0.23	0.00	0.00	0.00	0.00	0.07	0.00	0.00	0.00	0.00	0.01	0.00	0.00	0.05	0.10	0.16	0.06	0.00	0.00	0.00	0.00	0.00	0.00	0.02	0.02	0.02	0.04	0.22	0.04	0.02	0.00	0.00	0.00	0.00	0.00	0.00	0.00	0.00	0.00	0.00	0.00	0.00	0.02	0.00	0.00	0.01	0.00	0.00	0.12	0.00	0.00
T37K	0.27	0.27	0.27	0.20	0.20	0.06	0.00	0.06	0.24	0.24	0.24	0.24	0.11	0.18	0.12	0.16	0.20	0.05	0.27	0.11	0.23	0.00	0.00	0.00	0.00	0.06	0.00	0.00	0.00	0.00	0.03	0.00	0.00	0.05	0.11	0.24	0.06	0.00	0.00	0.00	0.03	0.00	0.00	0.05	0.16	0.02	0.03	0.18	0.04	0.02	0.00	0.00	0.00	0.00	0.00	0.00	0.00	0.00	0.00	0.00	0.00	0.00	0.02	0.00	0.00	0.02	0.00	0.00	0.12	0.00	0.00
C39R	0.31	0.31	0.27	0.16	0.16	0.15	0.00	0.15	0.31	0.27	0.27	0.27	0.13	0.31	0.10	0.13	0.16	0.05	0.27	0.14	0.23	0.00	0.00	0.00	0.00	0.15	0.00	0.00	0.00	0.02	0.04	0.00	0.00	0.04	0.13	0.27	0.06	0.00	0.00	0.00	0.04	0.00	0.00	0.04	0.16	0.00	0.02	0.31	0.06	0.10	0.00	0.00	0.00	0.00	0.00	0.00	0.00	0.00	0.00	0.00	0.00	0.00	0.02	0.00	0.01	0.04	0.00	0.00	0.07	0.02	0.00
H41R	0.33	0.33	0.27	0.16	0.16	0.11	0.00	0.11	0.33	0.24	0.24	0.24	0.13	0.33	0.16	0.16	0.15	0.06	0.27	0.13	0.23	0.00	0.00	0.00	0.00	0.11	0.00	0.00	0.00	0.00	0.07	0.00	0.00	0.04	0.13	0.24	0.06	0.00	0.00	0.00	0.04	0.00	0.00	0.04	0.18	0.00	0.02	0.33	0.16	0.09	0.00	0.00	0.00	0.00	0.00	0.00	0.00	0.00	0.00	0.00	0.00	0.00	0.03	0.00	0.00	0.03	0.00	0.00	0.07	0.00	0.00
C44S	0.36	0.36	0.25	0.19	0.19	0.17	0.00	0.17	0.36	0.36	0.36	0.36	0.13	0.36	0.13	0.19	0.10	0.04	0.25	0.15	0.13	0.00	0.00	0.00	0.00	0.17	0.00	0.00	0.00	0.00	0.04	0.00	0.00	0.05	0.13	0.36	0.07	0.00	0.00	0.00	0.04	0.00	0.00	0.06	0.20	0.00	0.04	0.36	0.13	0.00	0.00	0.00	0.00	0.00	0.00	0.00	0.00	0.00	0.00	0.00	0.00	0.00	0.00	0.00	0.02	0.02	0.00	0.00	0.06	0.00	0.00
C44Y	0.40	0.37	0.25	0.17	0.17	0.17	0.00	0.17	0.40	0.40	0.40	0.40	0.22	0.37	0.14	0.17	0.10	0.03	0.25	0.15	0.13	0.00	0.00	0.00	0.00	0.17	0.00	0.00	0.00	0.01	0.03	0.00	0.00	0.07	0.22	0.40	0.09	0.00	0.00	0.00	0.06	0.00	0.00	0.07	0.18	0.00	0.03	0.37	0.14	0.00	0.00	0.00	0.00	0.00	0.00	0.00	0.00	0.00	0.00	0.00	0.00	0.00	0.00	0.00	0.02	0.02	0.00	0.00	0.06	0.00	0.00
K45Q	0.28	0.28	0.25	0.18	0.18	0.11	0.00	0.11	0.28	0.24	0.24	0.24	0.14	0.28	0.14	0.18	0.10	0.02	0.25	0.14	0.12	0.00	0.00	0.00	0.00	0.11	0.00	0.00	0.00	0.00	0.03	0.00	0.00	0.05	0.14	0.24	0.06	0.00	0.00	0.00	0.04	0.00	0.00	0.04	0.16	0.00	0.02	0.28	0.14	0.00	0.00	0.00	0.00	0.00	0.00	0.00	0.00	0.00	0.00	0.00	0.00	0.00	0.00	0.00	0.00	0.02	0.00	0.00	0.07	0.00	0.00
G57R	0.33	0.33	0.29	0.33	0.33	0.08	0.00	0.08	0.23	0.23	0.23	0.23	0.07	0.20	0.13	0.33	0.25	0.03	0.29	0.05	0.26	0.00	0.00	0.00	0.00	0.08	0.00	0.00	0.00	0.00	0.06	0.00	0.00	0.05	0.07	0.23	0.02	0.00	0.00	0.00	0.00	0.00	0.00	0.00	0.00	0.00	0.00	0.20	0.05	0.13	0.00	0.00	0.00	0.00	0.00	0.00	0.00	0.00	0.00	0.00	0.00	0.00	0.02	0.00	0.06	0.01	0.00	0.00	0.08	0.01	0.00
P58A	0.36	0.36	0.30	0.36	0.36	0.11	0.00	0.11	0.20	0.20	0.20	0.20	0.08	0.20	0.06	0.36	0.25	0.04	0.30	0.09	0.25	0.00	0.00	0.00	0.00	0.11	0.00	0.00	0.00	0.00	0.03	0.00	0.00	0.06	0.08	0.20	0.02	0.00	0.00	0.00	0.00	0.00	0.00	0.00	0.00	0.00	0.01	0.20	0.05	0.00	0.00	0.00	0.00	0.00	0.00	0.00	0.00	0.00	0.00	0.00	0.00	0.00	0.02	0.00	0.04	0.01	0.00	0.00	0.06	0.02	0.00
C61G	0.33	0.33	0.27	0.33	0.33	0.11	0.00	0.11	0.24	0.23	0.23	0.23	0.09	0.24	0.08	0.33	0.27	0.03	0.16	0.09	0.27	0.00	0.00	0.00	0.00	0.11	0.00	0.00	0.00	0.00	0.02	0.00	0.00	0.05	0.09	0.23	0.03	0.00	0.00	0.00	0.00	0.00	0.00	0.00	0.00	0.00	0.01	0.24	0.08	0.00	0.00	0.00	0.00	0.00	0.00	0.00	0.00	0.00	0.02	0.00	0.00	0.00	0.02	0.00	0.05	0.02	0.00	0.00	0.08	0.03	0.00
C61Y	0.38	0.34	0.25	0.34	0.34	0.12	0.00	0.12	0.38	0.38	0.38	0.38	0.17	0.25	0.08	0.34	0.23	0.03	0.16	0.09	0.25	0.00	0.00	0.00	0.00	0.12	0.00	0.00	0.00	0.01	0.02	0.00	0.00	0.07	0.17	0.38	0.04	0.00	0.00	0.00	0.00	0.00	0.00	0.00	0.01	0.00	0.00	0.25	0.07	0.00	0.00	0.00	0.00	0.00	0.00	0.00	0.00	0.00	0.01	0.00	0.00	0.00	0.02	0.00	0.07	0.02	0.00	0.00	0.08	0.03	0.00
D67Y	0.38	0.29	0.24	0.29	0.29	0.07	0.00	0.07	0.38	0.38	0.38	0.38	0.22	0.16	0.13	0.29	0.14	0.02	0.24	0.11	0.24	0.00	0.00	0.00	0.00	0.07	0.00	0.00	0.00	0.00	0.03	0.00	0.00	0.04	0.22	0.38	0.05	0.00	0.00	0.00	0.00	0.00	0.00	0.00	0.00	0.00	0.00	0.16	0.07	0.13	0.00	0.00	0.00	0.00	0.00	0.00	0.00	0.00	0.01	0.00	0.00	0.00	0.00	0.00	0.08	0.09	0.00	0.00	0.09	0.03	0.00
R71K	0.30	0.30	0.25	0.30	0.30	0.03	0.00	0.03	0.26	0.26	0.26	0.26	0.10	0.01	0.15	0.30	0.19	0.03	0.25	0.11	0.23	0.00	0.00	0.00	0.00	0.03	0.00	0.00	0.00	0.00	0.03	0.00	0.00	0.04	0.10	0.26	0.03	0.00	0.00	0.00	0.00	0.00	0.00	0.00	0.00	0.00	0.00	0.01	0.02	0.15	0.00	0.00	0.00	0.00	0.00	0.00	0.00	0.00	0.01	0.00	0.00	0.00	0.02	0.00	0.05	0.08	0.00	0.00	0.09	0.05	0.00
C91R	0.26	0.26	0.26	0.12	0.12	0.17	0.00	0.03	0.19	0.19	0.19	0.19	0.17	0.06	0.18	0.07	0.12	0.14	0.26	0.16	0.15	0.00	0.00	0.00	0.00	0.00	0.00	0.00	0.00	0.00	0.02	0.00	0.00	0.11	0.17	0.19	0.13	0.00	0.00	0.00	0.00	0.00	0.00	0.06	0.05	0.01	0.06	0.03	0.18	0.11	0.00	0.00	0.00	0.00	0.00	0.00	0.00	0.00	0.04	0.00	0.00	0.00	0.00	0.00	0.00	0.03	0.00	0.00	0.11	0.06	0.00
D96N	0.27	0.27	0.27	0.13	0.13	0.02	0.00	0.02	0.20	0.20	0.20	0.11	0.20	0.05	0.15	0.07	0.13	0.09	0.27	0.18	0.24	0.00	0.00	0.00	0.00	0.01	0.00	0.00	0.00	0.00	0.00	0.00	0.00	0.12	0.20	0.11	0.12	0.00	0.00	0.00	0.00	0.00	0.00	0.03	0.05	0.01	0.05	0.03	0.00	0.07	0.00	0.00	0.00	0.00	0.00	0.00	0.00	0.00	0.00	0.00	0.00	0.00	0.00	0.00	0.15	0.03	0.00	0.00	0.00	0.00	0.00
Y105C	0.33	0.31	0.26	0.31	0.31	0.05	0.00	0.05	0.33	0.33	0.33	0.33	0.24	0.01	0.22	0.31	0.21	0.09	0.26	0.18	0.26	0.00	0.00	0.00	0.00	0.05	0.00	0.00	0.00	0.00	0.00	0.00	0.00	0.15	0.24	0.33	0.05	0.00	0.00	0.00	0.00	0.00	0.00	0.00	0.00	0.00	0.01	0.00	0.13	0.07	0.00	0.00	0.00	0.00	0.00	0.00	0.00	0.00	0.14	0.00	0.00	0.00	0.00	0.00	0.22	0.02	0.00	0.00	0.08	0.15	0.00
P115L	0.35	0.31	0.29	0.31	0.31	0.06	0.00	0.03	0.35	0.18	0.18	0.18	0.16	0.05	0.35	0.31	0.28	0.03	0.29	0.07	0.25	0.00	0.00	0.00	0.00	0.00	0.00	0.00	0.00	0.00	0.02	0.00	0.00	0.06	0.16	0.18	0.04	0.00	0.00	0.00	0.00	0.00	0.00	0.04	0.04	0.00	0.01	0.05	0.11	0.04	0.00	0.00	0.00	0.00	0.00	0.00	0.00	0.00	0.14	0.00	0.00	0.00	0.00	0.00	0.35	0.01	0.00	0.00	0.10	0.13	0.00
I124V	0.36	0.27	0.25	0.27	0.27	0.04	0.00	0.04	0.36	0.36	0.36	0.36	0.09	0.05	0.13	0.27	0.16	0.02	0.25	0.25	0.25	0.00	0.00	0.00	0.00	0.01	0.00	0.00	0.00	0.00	0.13	0.00	0.00	0.05	0.09	0.36	0.04	0.00	0.00	0.00	0.00	0.00	0.00	0.05	0.02	0.02	0.03	0.03	0.11	0.02	0.00	0.00	0.00	0.00	0.00	0.00	0.00	0.00	0.11	0.00	0.00	0.00	0.01	0.00	0.13	0.02	0.00	0.00	0.12	0.11	0.00
I125V	0.36	0.28	0.25	0.28	0.28	0.04	0.00	0.04	0.36	0.36	0.36	0.36	0.17	0.05	0.21	0.28	0.15	0.01	0.25	0.25	0.25	0.00	0.00	0.00	0.00	0.02	0.00	0.00	0.00	0.00	0.13	0.00	0.00	0.05	0.17	0.36	0.09	0.00	0.00	0.00	0.00	0.00	0.00	0.05	0.02	0.02	0.03	0.02	0.00	0.02	0.00	0.00	0.00	0.00	0.00	0.00	0.00	0.00	0.00	0.00	0.00	0.00	0.01	0.00	0.21	0.03	0.00	0.00	0.00	0.00	0.00
N132K	0.30	0.30	0.26	0.30	0.30	0.04	0.00	0.04	0.27	0.27	0.27	0.27	0.17	0.03	0.22	0.30	0.17	0.01	0.26	0.19	0.25	0.00	0.00	0.00	0.00	0.03	0.00	0.00	0.00	0.00	0.21	0.00	0.00	0.06	0.17	0.27	0.08	0.00	0.00	0.00	0.00	0.00	0.00	0.01	0.01	0.02	0.03	0.00	0.11	0.10	0.00	0.00	0.00	0.00	0.00	0.00	0.00	0.00	0.11	0.00	0.00	0.00	0.00	0.00	0.22	0.10	0.00	0.00	0.15	0.10	0.00
L138P	0.34	0.34	0.28	0.34	0.34	0.04	0.00	0.04	0.34	0.34	0.34	0.34	0.09	0.01	0.16	0.34	0.27	0.02	0.28	0.06	0.25	0.00	0.00	0.00	0.00	0.04	0.00	0.00	0.00	0.00	0.12	0.00	0.00	0.06	0.09	0.34	0.04	0.00	0.00	0.00	0.00	0.00	0.00	0.00	0.00	0.00	0.00	0.01	0.06	0.11	0.00	0.00	0.00	0.00	0.00	0.00	0.00	0.00	0.13	0.00	0.00	0.00	0.02	0.00	0.15	0.10	0.00	0.00	0.16	0.10	0.00
P142H	0.27	0.27	0.26	0.27	0.27	0.03	0.00	0.03	0.27	0.27	0.27	0.27	0.05	0.08	0.13	0.25	0.27	0.03	0.22	0.06	0.26	0.00	0.00	0.00	0.00	0.03	0.00	0.00	0.00	0.00	0.07	0.00	0.00	0.03	0.05	0.27	0.02	0.00	0.00	0.00	0.00	0.00	0.00	0.02	0.02	0.00	0.01	0.08	0.00	0.03	0.00	0.00	0.00	0.00	0.00	0.00	0.00	0.00	0.00	0.00	0.00	0.00	0.01	0.00	0.13	0.05	0.00	0.00	0.00	0.00	0.00
E143K	0.27	0.25	0.25	0.25	0.25	0.03	0.00	0.03	0.27	0.27	0.27	0.27	0.05	0.01	0.20	0.00	0.25	0.02	0.23	0.09	0.25	0.00	0.00	0.00	0.00	0.03	0.00	0.00	0.00	0.00	0.10	0.00	0.00	0.03	0.05	0.27	0.01	0.00	0.00	0.00	0.00	0.00	0.00	0.00	0.00	0.00	0.00	0.01	0.09	0.04	0.00	0.00	0.00	0.00	0.00	0.00	0.00	0.00	0.07	0.00	0.00	0.00	0.01	0.00	0.12	0.05	0.00	0.00	0.20	0.18	0.00
P145L	0.33	0.28	0.26	0.28	0.28	0.03	0.00	0.03	0.33	0.33	0.33	0.33	0.06	0.02	0.12	0.20	0.28	0.03	0.26	0.11	0.26	0.00	0.00	0.00	0.00	0.03	0.00	0.00	0.00	0.00	0.03	0.00	0.00	0.03	0.06	0.33	0.01	0.00	0.00	0.00	0.00	0.00	0.00	0.01	0.00	0.00	0.01	0.02	0.00	0.03	0.00	0.00	0.00	0.00	0.00	0.00	0.00	0.00	0.00	0.00	0.00	0.00	0.04	0.00	0.12	0.02	0.00	0.00	0.00	0.00	0.00
Q148K	0.31	0.31	0.31	0.24	0.24	0.02	0.00	0.02	0.29	0.29	0.29	0.29	0.05	0.01	0.20	0.08	0.24	0.02	0.23	0.17	0.31	0.00	0.00	0.00	0.00	0.02	0.00	0.00	0.00	0.00	0.03	0.00	0.00	0.04	0.05	0.29	0.00	0.00	0.00	0.00	0.00	0.00	0.00	0.00	0.00	0.00	0.01	0.01	0.03	0.03	0.00	0.00	0.00	0.00	0.00	0.00	0.00	0.00	0.06	0.00	0.00	0.00	0.04	0.00	0.10	0.02	0.00	0.00	0.17	0.20	0.00
Q155E	0.29	0.26	0.26	0.14	0.14	0.02	0.00	0.02	0.29	0.29	0.29	0.29	0.05	0.01	0.09	0.10	0.14	0.01	0.23	0.24	0.26	0.00	0.00	0.00	0.00	0.02	0.00	0.00	0.00	0.00	0.13	0.00	0.00	0.05	0.05	0.29	0.00	0.00	0.00	0.00	0.00	0.00	0.00	0.00	0.00	0.00	0.01	0.00	0.00	0.07	0.00	0.00	0.00	0.00	0.00	0.00	0.00	0.00	0.00	0.00	0.00	0.00	0.04	0.00	0.09	0.02	0.00	0.00	0.00	0.00	0.00
L156F	0.34	0.34	0.27	0.34	0.34	0.02	0.00	0.02	0.27	0.27	0.27	0.27	0.06	0.01	0.07	0.34	0.14	0.00	0.22	0.26	0.27	0.00	0.00	0.00	0.00	0.02	0.00	0.00	0.00	0.00	0.15	0.00	0.00	0.05	0.06	0.27	0.00	0.00	0.00	0.00	0.00	0.00	0.00	0.00	0.00	0.00	0.01	0.00	0.00	0.00	0.00	0.00	0.00	0.00	0.00	0.00	0.00	0.00	0.00	0.00	0.00	0.00	0.02	0.00	0.07	0.03	0.00	0.00	0.00	0.00	0.00
Y179C	0.46	0.32	0.29	0.32	0.32	0.02	0.00	0.02	0.46	0.23	0.23	0.23	0.22	0.05	0.46	0.32	0.21	0.03	0.08	0.26	0.29	0.00	0.00	0.00	0.00	0.00	0.00	0.00	0.00	0.00	0.07	0.00	0.00	0.07	0.22	0.23	0.02	0.00	0.00	0.00	0.00	0.00	0.00	0.05	0.03	0.02	0.03	0.04	0.09	0.03	0.00	0.00	0.00	0.00	0.00	0.00	0.00	0.00	0.07	0.00	0.00	0.00	0.03	0.00	0.46	0.03	0.00	0.00	0.08	0.08	0.00
S186Y	0.32	0.32	0.27	0.32	0.32	0.02	0.00	0.02	0.29	0.16	0.16	0.16	0.15	0.09	0.29	0.32	0.32	0.06	0.25	0.26	0.27	0.00	0.00	0.00	0.00	0.00	0.00	0.00	0.00	0.01	0.00	0.00	0.00	0.10	0.15	0.16	0.06	0.00	0.00	0.00	0.00	0.00	0.00	0.09	0.03	0.04	0.08	0.04	0.00	0.03	0.00	0.00	0.00	0.00	0.00	0.00	0.00	0.00	0.00	0.00	0.00	0.00	0.05	0.00	0.29	0.05	0.00	0.11	0.00	0.00	0.00
V191I	0.29	0.25	0.25	0.25	0.25	0.01	0.00	0.01	0.29	0.29	0.29	0.29	0.12	0.09	0.24	0.25	0.24	0.04	0.25	0.15	0.25	0.00	0.00	0.00	0.00	0.01	0.00	0.00	0.00	0.01	0.00	0.00	0.00	0.08	0.12	0.29	0.05	0.00	0.00	0.00	0.00	0.00	0.00	0.09	0.02	0.03	0.07	0.02	0.04	0.03	0.00	0.00	0.00	0.00	0.00	0.00	0.00	0.00	0.11	0.00	0.00	0.00	0.05	0.00	0.24	0.05	0.00	0.00	0.07	0.13	0.00
P209S	0.30	0.30	0.29	0.30	0.30	0.05	0.00	0.05	0.15	0.15	0.15	0.15	0.09	0.01	0.15	0.30	0.18	0.06	0.29	0.17	0.18	0.00	0.00	0.00	0.00	0.05	0.00	0.00	0.00	0.00	0.00	0.00	0.00	0.05	0.09	0.15	0.03	0.00	0.00	0.00	0.00	0.00	0.00	0.00	0.00	0.00	0.01	0.01	0.00	0.15	0.00	0.00	0.00	0.00	0.00	0.00	0.00	0.00	0.00	0.00	0.00	0.00	0.03	0.00	0.11	0.04	0.00	0.00	0.00	0.00	0.00
D214G	0.28	0.28	0.28	0.28	0.28	0.04	0.00	0.04	0.16	0.14	0.14	0.14	0.09	0.04	0.16	0.28	0.19	0.10	0.28	0.07	0.18	0.00	0.00	0.00	0.00	0.04	0.00	0.00	0.00	0.00	0.01	0.00	0.00	0.06	0.09	0.14	0.02	0.00	0.00	0.00	0.00	0.00	0.00	0.01	0.02	0.00	0.02	0.04	0.00	0.16	0.00	0.00	0.00	0.00	0.00	0.00	0.00	0.00	0.02	0.00	0.00	0.00	0.03	0.00	0.15	0.04	0.00	0.00	0.00	0.00	0.00
D214Y	0.35	0.35	0.26	0.35	0.35	0.05	0.00	0.05	0.30	0.21	0.21	0.20	0.21	0.04	0.30	0.35	0.19	0.10	0.26	0.07	0.17	0.00	0.00	0.00	0.00	0.05	0.00	0.00	0.00	0.00	0.01	0.00	0.00	0.07	0.21	0.20	0.03	0.00	0.00	0.00	0.00	0.00	0.00	0.01	0.02	0.00	0.02	0.04	0.00	0.14	0.00	0.00	0.00	0.00	0.00	0.00	0.00	0.00	0.00	0.00	0.00	0.00	0.03	0.00	0.30	0.04	0.00	0.00	0.00	0.00	0.00
F228Y	0.36	0.25	0.25	0.25	0.25	0.03	0.00	0.03	0.36	0.22	0.22	0.22	0.12	0.08	0.36	0.25	0.20	0.09	0.25	0.17	0.19	0.00	0.00	0.00	0.00	0.03	0.00	0.00	0.00	0.00	0.00	0.00	0.00	0.05	0.12	0.22	0.02	0.00	0.00	0.00	0.01	0.00	0.00	0.02	0.02	0.01	0.02	0.08	0.05	0.03	0.00	0.00	0.00	0.00	0.00	0.00	0.00	0.00	0.07	0.00	0.00	0.00	0.04	0.00	0.36	0.03	0.00	0.00	0.11	0.10	0.00
P241L	0.25	0.25	0.24	0.25	0.25	0.02	0.00	0.02	0.11	0.08	0.08	0.08	0.06	0.06	0.11	0.09	0.25	0.02	0.24	0.10	0.21	0.00	0.00	0.00	0.00	0.00	0.00	0.00	0.00	0.00	0.01	0.00	0.00	0.03	0.06	0.08	0.02	0.00	0.00	0.00	0.00	0.00	0.00	0.01	0.06	0.02	0.01	0.03	0.00	0.02	0.00	0.00	0.00	0.00	0.00	0.00	0.00	0.00	0.00	0.00	0.00	0.00	0.01	0.00	0.11	0.06	0.00	0.00	0.00	0.00	0.00
L246V	0.27	0.27	0.27	0.23	0.23	0.01	0.00	0.01	0.14	0.11	0.11	0.11	0.05	0.02	0.14	0.00	0.23	0.04	0.27	0.11	0.18	0.00	0.00	0.00	0.00	0.00	0.00	0.00	0.00	0.00	0.02	0.00	0.00	0.04	0.05	0.11	0.02	0.00	0.00	0.00	0.00	0.00	0.00	0.01	0.01	0.02	0.02	0.00	0.12	0.03	0.00	0.00	0.00	0.00	0.00	0.00	0.00	0.00	0.06	0.00	0.00	0.00	0.05	0.00	0.11	0.05	0.00	0.00	0.13	0.14	0.00
T248P	0.26	0.26	0.26	0.23	0.23	0.01	0.00	0.01	0.15	0.13	0.13	0.13	0.06	0.02	0.15	0.00	0.23	0.05	0.26	0.11	0.18	0.00	0.00	0.00	0.00	0.01	0.00	0.00	0.00	0.00	0.02	0.00	0.00	0.04	0.06	0.13	0.02	0.00	0.00	0.00	0.00	0.00	0.00	0.01	0.01	0.02	0.01	0.00	0.12	0.13	0.00	0.00	0.00	0.00	0.00	0.00	0.00	0.00	0.06	0.00	0.00	0.00	0.04	0.00	0.04	0.05	0.00	0.00	0.15	0.13	0.00
R256W	0.32	0.32	0.28	0.32	0.32	0.01	0.00	0.01	0.21	0.21	0.21	0.21	0.15	0.15	0.19	0.32	0.20	0.05	0.28	0.10	0.25	0.00	0.00	0.00	0.00	0.01	0.00	0.00	0.00	0.00	0.02	0.00	0.00	0.05	0.15	0.21	0.02	0.00	0.00	0.00	0.00	0.00	0.00	0.00	0.15	0.00	0.00	0.02	0.19	0.14	0.00	0.00	0.00	0.00	0.00	0.00	0.00	0.00	0.06	0.00	0.00	0.00	0.00	0.00	0.19	0.04	0.00	0.00	0.14	0.14	0.00
V271G	0.32	0.32	0.25	0.32	0.32	0.01	0.00	0.01	0.06	0.06	0.06	0.06	0.05	0.06	0.06	0.32	0.19	0.00	0.10	0.21	0.25	0.00	0.00	0.00	0.00	0.00	0.00	0.00	0.00	0.00	0.01	0.00	0.00	0.01	0.05	0.06	0.00	0.00	0.00	0.00	0.00	0.00	0.00	0.00	0.06	0.00	0.00	0.02	0.00	0.02	0.00	0.00	0.00	0.00	0.00	0.00	0.00	0.00	0.00	0.00	0.00	0.00	0.03	0.00	0.06	0.02	0.00	0.00	0.00	0.00	0.00
A280G	0.26	0.26	0.24	0.26	0.26	0.01	0.00	0.01	0.07	0.07	0.07	0.07	0.05	0.04	0.04	0.26	0.20	0.01	0.17	0.16	0.24	0.00	0.00	0.00	0.00	0.01	0.00	0.00	0.00	0.00	0.00	0.00	0.00	0.04	0.05	0.07	0.00	0.00	0.00	0.00	0.00	0.00	0.00	0.00	0.04	0.00	0.01	0.01	0.00	0.00	0.00	0.00	0.00	0.00	0.00	0.00	0.00	0.00	0.00	0.00	0.00	0.00	0.03	0.00	0.04	0.01	0.00	0.00	0.00	0.00	0.00
M297I	0.40	0.40	0.26	0.40	0.40	0.05	0.00	0.05	0.24	0.21	0.21	0.21	0.12	0.05	0.24	0.40	0.15	0.08	0.22	0.25	0.26	0.00	0.00	0.00	0.00	0.05	0.00	0.00	0.00	0.00	0.03	0.00	0.00	0.12	0.05	0.21	0.00	0.00	0.00	0.00	0.00	0.00	0.00	0.02	0.01	0.00	0.02	0.05	0.17	0.12	0.00	0.00	0.00	0.00	0.00	0.00	0.00	0.00	0.05	0.00	0.00	0.00	0.00	0.00	0.07	0.03	0.00	0.00	0.24	0.13	0.00
M297K	0.43	0.43	0.26	0.43	0.43	0.05	0.00	0.05	0.25	0.18	0.18	0.18	0.09	0.04	0.25	0.43	0.22	0.07	0.23	0.25	0.26	0.00	0.00	0.00	0.00	0.05	0.00	0.00	0.00	0.00	0.05	0.00	0.00	0.09	0.04	0.18	0.00	0.00	0.00	0.00	0.00	0.00	0.00	0.02	0.01	0.00	0.01	0.04	0.18	0.13	0.00	0.00	0.00	0.00	0.00	0.00	0.00	0.00	0.05	0.00	0.00	0.00	0.00	0.00	0.08	0.03	0.00	0.00	0.25	0.13	0.00
K301R	0.35	0.28	0.24	0.28	0.28	0.02	0.00	0.02	0.35	0.24	0.24	0.24	0.09	0.04	0.35	0.28	0.15	0.06	0.24	0.24	0.24	0.00	0.00	0.00	0.00	0.02	0.00	0.00	0.00	0.00	0.06	0.00	0.00	0.09	0.04	0.24	0.00	0.00	0.00	0.00	0.00	0.00	0.00	0.02	0.01	0.00	0.01	0.04	0.21	0.12	0.00	0.00	0.00	0.00	0.00	0.00	0.00	0.00	0.05	0.00	0.00	0.00	0.00	0.00	0.00	0.01	0.00	0.00	0.35	0.06	0.00
C305Y	0.38	0.37	0.26	0.37	0.37	0.03	0.00	0.02	0.38	0.38	0.38	0.38	0.10	0.04	0.33	0.37	0.22	0.06	0.25	0.26	0.26	0.00	0.00	0.00	0.00	0.01	0.00	0.00	0.00	0.00	0.08	0.00	0.00	0.10	0.09	0.38	0.01	0.00	0.00	0.00	0.00	0.00	0.00	0.02	0.01	0.00	0.00	0.04	0.18	0.02	0.00	0.00	0.00	0.00	0.00	0.00	0.00	0.00	0.12	0.00	0.00	0.00	0.00	0.00	0.33	0.00	0.00	0.00	0.23	0.10	0.00
P334L	0.26	0.26	0.26	0.24	0.24	0.01	0.00	0.01	0.24	0.15	0.15	0.15	0.05	0.03	0.24	0.00	0.24	0.04	0.17	0.24	0.26	0.00	0.00	0.00	0.00	0.00	0.00	0.00	0.00	0.00	0.08	0.00	0.00	0.04	0.05	0.15	0.02	0.00	0.00	0.00	0.00	0.00	0.00	0.00	0.01	0.00	0.03	0.01	0.17	0.15	0.00	0.00	0.00	0.00	0.00	0.00	0.00	0.00	0.07	0.00	0.00	0.00	0.03	0.00	0.24	0.08	0.00	0.00	0.21	0.08	0.00
S335R	0.26	0.26	0.26	0.22	0.22	0.02	0.00	0.02	0.26	0.12	0.12	0.12	0.04	0.03	0.26	0.00	0.22	0.03	0.17	0.26	0.24	0.00	0.00	0.00	0.00	0.00	0.00	0.00	0.00	0.00	0.10	0.00	0.00	0.03	0.04	0.12	0.02	0.00	0.00	0.00	0.00	0.00	0.00	0.00	0.01	0.00	0.03	0.01	0.17	0.26	0.00	0.00	0.00	0.00	0.00	0.00	0.00	0.00	0.07	0.00	0.00	0.00	0.03	0.00	0.21	0.07	0.00	0.00	0.22	0.08	0.00
Q356R	0.26	0.26	0.26	0.21	0.21	0.02	0.00	0.02	0.16	0.08	0.08	0.08	0.05	0.01	0.16	0.21	0.18	0.00	0.26	0.08	0.21	0.00	0.00	0.00	0.00	0.00	0.00	0.00	0.00	0.00	0.03	0.00	0.00	0.02	0.05	0.08	0.00	0.00	0.00	0.00	0.00	0.00	0.00	0.00	0.00	0.00	0.00	0.00	0.06	0.10	0.00	0.00	0.00	0.00	0.00	0.00	0.00	0.00	0.00	0.00	0.00	0.00	0.01	0.00	0.05	0.01	0.00	0.00	0.16	0.04	0.00
T367A	0.31	0.31	0.25	0.31	0.31	0.03	0.00	0.03	0.14	0.14	0.14	0.14	0.14	0.02	0.13	0.31	0.22	0.01	0.15	0.24	0.25	0.00	0.00	0.00	0.00	0.01	0.00	0.00	0.00	0.00	0.01	0.00	0.00	0.06	0.14	0.14	0.01	0.00	0.00	0.00	0.00	0.00	0.00	0.00	0.02	0.01	0.01	0.02	0.00	0.13	0.00	0.00	0.00	0.00	0.00	0.00	0.00	0.00	0.00	0.00	0.00	0.00	0.00	0.00	0.03	0.05	0.00	0.00	0.00	0.00	0.00
D369N	0.27	0.27	0.27	0.26	0.26	0.02	0.00	0.02	0.18	0.18	0.18	0.18	0.14	0.02	0.13	0.26	0.22	0.01	0.15	0.27	0.25	0.00	0.00	0.00	0.00	0.01	0.00	0.00	0.00	0.00	0.03	0.00	0.00	0.07	0.14	0.18	0.01	0.00	0.00	0.00	0.00	0.00	0.00	0.00	0.02	0.00	0.01	0.02	0.00	0.13	0.00	0.00	0.00	0.00	0.00	0.00	0.00	0.00	0.00	0.00	0.00	0.00	0.01	0.00	0.04	0.06	0.00	0.00	0.00	0.00	0.00
Q380R	0.27	0.27	0.26	0.27	0.27	0.02	0.00	0.02	0.19	0.19	0.19	0.19	0.18	0.02	0.14	0.27	0.13	0.02	0.26	0.25	0.22	0.00	0.00	0.00	0.00	0.01	0.00	0.00	0.00	0.00	0.07	0.00	0.00	0.07	0.18	0.19	0.03	0.00	0.00	0.00	0.00	0.00	0.00	0.00	0.01	0.01	0.02	0.00	0.03	0.14	0.00	0.00	0.00	0.00	0.00	0.00	0.00	0.00	0.06	0.00	0.00	0.00	0.01	0.00	0.04	0.00	0.00	0.00	0.08	0.07	0.00
S387T	0.37	0.37	0.25	0.37	0.37	0.03	0.00	0.03	0.26	0.26	0.26	0.26	0.19	0.06	0.09	0.37	0.18	0.05	0.24	0.25	0.25	0.00	0.00	0.00	0.00	0.01	0.00	0.00	0.00	0.00	0.03	0.00	0.00	0.10	0.19	0.26	0.04	0.00	0.00	0.00	0.00	0.00	0.00	0.06	0.03	0.02	0.06	0.05	0.00	0.09	0.00	0.00	0.00	0.00	0.00	0.00	0.00	0.00	0.00	0.00	0.00	0.00	0.00	0.00	0.08	0.03	0.00	0.00	0.00	0.00	0.00
G401A	0.27	0.27	0.26	0.27	0.27	0.05	0.00	0.05	0.15	0.15	0.15	0.15	0.08	0.11	0.14	0.00	0.27	0.03	0.20	0.10	0.26	0.00	0.00	0.00	0.00	0.02	0.00	0.00	0.00	0.03	0.00	0.00	0.00	0.08	0.04	0.15	0.02	0.00	0.00	0.00	0.00	0.00	0.00	0.09	0.08	0.07	0.10	0.11	0.00	0.08	0.00	0.00	0.00	0.00	0.00	0.00	0.00	0.00	0.00	0.00	0.00	0.00	0.02	0.00	0.14	0.06	0.00	0.00	0.00	0.00	0.00
A410T	0.27	0.27	0.27	0.27	0.27	0.04	0.00	0.04	0.20	0.16	0.16	0.16	0.07	0.06	0.20	0.27	0.22	0.04	0.19	0.27	0.17	0.00	0.00	0.00	0.00	0.02	0.00	0.00	0.00	0.00	0.00	0.00	0.00	0.07	0.03	0.16	0.00	0.00	0.00	0.00	0.00	0.00	0.00	0.03	0.03	0.06	0.06	0.06	0.05	0.00	0.00	0.00	0.00	0.00	0.00	0.00	0.00	0.00	0.13	0.00	0.00	0.00	0.01	0.00	0.14	0.06	0.00	0.00	0.10	0.20	0.00
D411V	0.43	0.43	0.25	0.43	0.43	0.03	0.00	0.03	0.19	0.17	0.17	0.17	0.07	0.06	0.19	0.43	0.19	0.03	0.19	0.25	0.22	0.00	0.00	0.00	0.00	0.02	0.00	0.00	0.00	0.00	0.00	0.00	0.00	0.07	0.04	0.17	0.00	0.00	0.00	0.00	0.00	0.00	0.00	0.04	0.03	0.04	0.06	0.06	0.05	0.00	0.00	0.00	0.00	0.00	0.00	0.00	0.00	0.00	0.14	0.00	0.00	0.00	0.00	0.00	0.00	0.06	0.00	0.00	0.10	0.19	0.00
V412I	0.31	0.31	0.25	0.31	0.31	0.03	0.00	0.03	0.31	0.31	0.31	0.31	0.06	0.06	0.19	0.31	0.16	0.04	0.19	0.25	0.22	0.00	0.00	0.00	0.00	0.02	0.00	0.00	0.00	0.00	0.00	0.00	0.00	0.06	0.04	0.31	0.00	0.00	0.00	0.00	0.00	0.00	0.00	0.03	0.03	0.03	0.02	0.06	0.05	0.00	0.00	0.00	0.00	0.00	0.00	0.00	0.00	0.00	0.13	0.00	0.00	0.00	0.00	0.00	0.00	0.06	0.00	0.00	0.10	0.19	0.00
V419G	0.34	0.34	0.26	0.34	0.34	0.02	0.00	0.02	0.26	0.24	0.24	0.24	0.09	0.06	0.26	0.34	0.24	0.04	0.12	0.25	0.26	0.00	0.00	0.00	0.00	0.02	0.00	0.00	0.00	0.00	0.00	0.00	0.00	0.05	0.09	0.24	0.01	0.00	0.00	0.00	0.00	0.00	0.00	0.03	0.03	0.04	0.04	0.06	0.00	0.06	0.00	0.00	0.00	0.00	0.00	0.00	0.00	0.00	0.00	0.00	0.00	0.00	0.08	0.00	0.26	0.06	0.00	0.01	0.00	0.00	0.00
C442R	0.45	0.45	0.25	0.45	0.45	0.03	0.00	0.03	0.36	0.10	0.10	0.10	0.09	0.36	0.28	0.45	0.15	0.15	0.12	0.25	0.25	0.00	0.00	0.00	0.00	0.00	0.00	0.00	0.00	0.00	0.04	0.00	0.00	0.09	0.06	0.10	0.03	0.00	0.00	0.00	0.03	0.00	0.00	0.06	0.25	0.02	0.03	0.36	0.08	0.07	0.00	0.00	0.00	0.00	0.00	0.00	0.00	0.00	0.04	0.00	0.00	0.00	0.00	0.00	0.04	0.01	0.00	0.00	0.28	0.05	0.00
N473S	0.26	0.24	0.23	0.24	0.24	0.04	0.00	0.04	0.26	0.26	0.26	0.15	0.26	0.13	0.14	0.24	0.18	0.11	0.14	0.20	0.23	0.00	0.00	0.00	0.00	0.02	0.00	0.00	0.00	0.01	0.06	0.00	0.00	0.26	0.09	0.15	0.12	0.00	0.00	0.00	0.03	0.00	0.00	0.03	0.08	0.04	0.06	0.13	0.06	0.00	0.00	0.00	0.00	0.00	0.00	0.00	0.00	0.00	0.14	0.00	0.00	0.00	0.01	0.00	0.07	0.00	0.00	0.00	0.06	0.05	0.00
F486L	0.26	0.26	0.26	0.13	0.13	0.04	0.00	0.04	0.21	0.21	0.21	0.17	0.21	0.08	0.03	0.13	0.11	0.02	0.12	0.26	0.22	0.00	0.00	0.00	0.00	0.01	0.00	0.00	0.00	0.03	0.01	0.00	0.00	0.21	0.05	0.17	0.04	0.00	0.00	0.00	0.00	0.00	0.00	0.06	0.05	0.03	0.05	0.08	0.00	0.03	0.00	0.00	0.00	0.00	0.00	0.00	0.00	0.00	0.00	0.00	0.00	0.00	0.02	0.00	0.02	0.01	0.00	0.00	0.00	0.00	0.00
R496C	0.33	0.33	0.26	0.33	0.33	0.07	0.00	0.07	0.27	0.27	0.27	0.17	0.27	0.07	0.10	0.33	0.18	0.06	0.26	0.05	0.18	0.00	0.00	0.00	0.00	0.00	0.00	0.00	0.00	0.00	0.12	0.00	0.00	0.27	0.07	0.17	0.03	0.00	0.00	0.00	0.00	0.00	0.00	0.00	0.01	0.01	0.03	0.07	0.09	0.10	0.00	0.00	0.00	0.00	0.00	0.00	0.00	0.00	0.08	0.00	0.00	0.00	0.00	0.00	0.07	0.00	0.00	0.00	0.10	0.03	0.00
R496H	0.27	0.27	0.26	0.27	0.27	0.07	0.00	0.07	0.25	0.25	0.24	0.15	0.24	0.06	0.10	0.27	0.18	0.05	0.26	0.05	0.19	0.00	0.00	0.00	0.00	0.00	0.00	0.00	0.00	0.00	0.12	0.00	0.00	0.24	0.07	0.15	0.03	0.00	0.00	0.00	0.00	0.00	0.00	0.00	0.06	0.01	0.03	0.06	0.09	0.10	0.00	0.00	0.00	0.00	0.00	0.00	0.00	0.00	0.08	0.00	0.00	0.00	0.00	0.00	0.07	0.00	0.00	0.00	0.10	0.03	0.00
R504H	0.37	0.28	0.26	0.28	0.28	0.05	0.00	0.05	0.37	0.37	0.16	0.16	0.14	0.02	0.14	0.28	0.23	0.03	0.25	0.26	0.22	0.00	0.00	0.00	0.00	0.00	0.00	0.00	0.00	0.00	0.15	0.00	0.00	0.14	0.07	0.16	0.09	0.00	0.00	0.00	0.00	0.00	0.00	0.01	0.02	0.01	0.00	0.00	0.09	0.10	0.00	0.00	0.00	0.00	0.00	0.00	0.00	0.00	0.09	0.00	0.00	0.00	0.02	0.00	0.12	0.03	0.00	0.00	0.14	0.03	0.00
L523W	0.37	0.37	0.28	0.37	0.37	0.02	0.00	0.02	0.30	0.29	0.29	0.29	0.12	0.08	0.30	0.37	0.15	0.14	0.12	0.28	0.17	0.00	0.00	0.00	0.00	0.00	0.00	0.00	0.00	0.00	0.05	0.00	0.00	0.12	0.08	0.29	0.02	0.00	0.00	0.00	0.00	0.00	0.00	0.02	0.08	0.02	0.01	0.02	0.30	0.00	0.00	0.00	0.00	0.00	0.00	0.00	0.00	0.00	0.09	0.00	0.00	0.00	0.01	0.00	0.20	0.07	0.00	0.00	0.21	0.14	0.00
N547H	0.25	0.25	0.25	0.19	0.19	0.05	0.00	0.05	0.22	0.22	0.22	0.17	0.22	0.08	0.09	0.00	0.19	0.03	0.10	0.24	0.25	0.00	0.00	0.00	0.00	0.03	0.00	0.00	0.00	0.03	0.03	0.00	0.00	0.22	0.03	0.17	0.03	0.00	0.00	0.00	0.08	0.00	0.00	0.02	0.08	0.03	0.05	0.02	0.00	0.00	0.00	0.00	0.00	0.00	0.00	0.00	0.00	0.00	0.00	0.00	0.00	0.00	0.02	0.00	0.09	0.02	0.00	0.00	0.00	0.00	0.00
N550H	0.25	0.25	0.25	0.22	0.22	0.02	0.00	0.02	0.17	0.17	0.17	0.17	0.14	0.09	0.09	0.00	0.22	0.03	0.10	0.24	0.25	0.00	0.00	0.00	0.00	0.01	0.00	0.00	0.00	0.01	0.03	0.00	0.00	0.14	0.02	0.17	0.02	0.00	0.00	0.00	0.09	0.00	0.00	0.03	0.07	0.03	0.05	0.08	0.00	0.02	0.00	0.00	0.00	0.00	0.00	0.00	0.00	0.00	0.00	0.00	0.00	0.00	0.03	0.00	0.09	0.02	0.00	0.00	0.00	0.00	0.00
N569D	0.26	0.25	0.25	0.25	0.25	0.02	0.00	0.02	0.26	0.26	0.26	0.26	0.09	0.08	0.23	0.00	0.25	0.09	0.25	0.22	0.24	0.00	0.00	0.00	0.00	0.00	0.00	0.00	0.00	0.00	0.01	0.00	0.00	0.09	0.02	0.26	0.01	0.00	0.00	0.00	0.00	0.00	0.00	0.08	0.03	0.03	0.05	0.02	0.23	0.05	0.00	0.00	0.00	0.00	0.00	0.00	0.00	0.00	0.12	0.00	0.00	0.00	0.02	0.00	0.20	0.00	0.00	0.00	0.15	0.14	0.00
L574P	0.43	0.28	0.28	0.28	0.28	0.03	0.00	0.03	0.43	0.31	0.31	0.31	0.08	0.07	0.43	0.00	0.28	0.04	0.28	0.09	0.25	0.00	0.00	0.00	0.00	0.00	0.00	0.00	0.00	0.01	0.01	0.00	0.00	0.08	0.02	0.31	0.02	0.00	0.00	0.00	0.01	0.00	0.00	0.07	0.02	0.02	0.02	0.02	0.18	0.05	0.00	0.00	0.00	0.00	0.00	0.00	0.00	0.00	0.18	0.00	0.00	0.00	0.02	0.00	0.43	0.00	0.00	0.00	0.20	0.10	0.00
P586R	0.26	0.26	0.26	0.19	0.19	0.02	0.00	0.02	0.26	0.22	0.22	0.22	0.09	0.03	0.26	0.00	0.19	0.04	0.15	0.20	0.26	0.00	0.00	0.00	0.00	0.00	0.00	0.00	0.00	0.00	0.07	0.00	0.00	0.09	0.02	0.22	0.00	0.00	0.00	0.00	0.00	0.00	0.00	0.02	0.01	0.02	0.03	0.00	0.13	0.14	0.00	0.00	0.00	0.00	0.00	0.00	0.00	0.00	0.15	0.00	0.00	0.00	0.06	0.00	0.24	0.00	0.00	0.00	0.26	0.10	0.00
S588K	0.26	0.24	0.24	0.20	0.20	0.02	0.00	0.02	0.26	0.18	0.18	0.18	0.09	0.03	0.26	0.00	0.20	0.04	0.14	0.19	0.24	0.00	0.00	0.00	0.00	0.00	0.00	0.00	0.00	0.00	0.03	0.00	0.00	0.09	0.02	0.18	0.00	0.00	0.00	0.00	0.00	0.00	0.00	0.02	0.01	0.02	0.03	0.00	0.13	0.03	0.00	0.00	0.00	0.00	0.00	0.00	0.00	0.00	0.15	0.00	0.00	0.00	0.06	0.00	0.17	0.00	0.00	0.00	0.26	0.20	0.00
I591V	0.25	0.25	0.25	0.19	0.19	0.02	0.00	0.02	0.21	0.21	0.21	0.21	0.09	0.03	0.17	0.00	0.19	0.02	0.11	0.25	0.24	0.00	0.00	0.00	0.00	0.00	0.00	0.00	0.00	0.00	0.02	0.00	0.00	0.09	0.02	0.21	0.00	0.00	0.00	0.00	0.00	0.00	0.00	0.03	0.00	0.02	0.03	0.00	0.00	0.02	0.00	0.00	0.00	0.00	0.00	0.00	0.00	0.00	0.00	0.00	0.01	0.00	0.06	0.00	0.17	0.00	0.00	0.00	0.00	0.00	0.00
E597K	0.26	0.26	0.26	0.16	0.16	0.02	0.00	0.02	0.25	0.25	0.25	0.25	0.05	0.03	0.20	0.00	0.16	0.01	0.11	0.25	0.26	0.00	0.00	0.00	0.00	0.00	0.00	0.00	0.00	0.00	0.21	0.00	0.00	0.05	0.02	0.25	0.01	0.00	0.00	0.00	0.01	0.00	0.00	0.03	0.03	0.00	0.01	0.02	0.12	0.02	0.00	0.00	0.00	0.00	0.00	0.00	0.00	0.00	0.08	0.00	0.00	0.00	0.01	0.00	0.18	0.00	0.00	0.00	0.20	0.09	0.00
K607E	0.50	0.28	0.28	0.25	0.25	0.02	0.00	0.02	0.50	0.50	0.50	0.50	0.03	0.01	0.23	0.00	0.25	0.00	0.25	0.07	0.28	0.00	0.00	0.00	0.00	0.00	0.00	0.00	0.00	0.00	0.50	0.00	0.00	0.03	0.03	0.20	0.02	0.00	0.00	0.00	0.00	0.00	0.00	0.00	0.01	0.00	0.00	0.00	0.19	0.07	0.00	0.00	0.00	0.00	0.00	0.00	0.00	0.00	0.23	0.00	0.00	0.00	0.00	0.00	0.06	0.03	0.00	0.00	0.20	0.14	0.00
R610K	0.31	0.27	0.25	0.27	0.27	0.03	0.00	0.03	0.31	0.31	0.31	0.31	0.03	0.01	0.19	0.00	0.27	0.00	0.25	0.06	0.25	0.00	0.00	0.00	0.00	0.00	0.00	0.00	0.00	0.00	0.31	0.00	0.00	0.03	0.03	0.23	0.03	0.00	0.00	0.00	0.00	0.00	0.00	0.00	0.00	0.00	0.00	0.00	0.15	0.07	0.00	0.00	0.00	0.00	0.00	0.00	0.00	0.00	0.19	0.00	0.00	0.00	0.00	0.00	0.12	0.03	0.00	0.00	0.16	0.07	0.00
R613K	0.30	0.25	0.25	0.23	0.23	0.03	0.00	0.03	0.30	0.30	0.28	0.28	0.04	0.01	0.17	0.00	0.23	0.00	0.23	0.08	0.25	0.00	0.00	0.00	0.00	0.00	0.00	0.00	0.00	0.00	0.28	0.00	0.00	0.04	0.03	0.22	0.02	0.00	0.00	0.00	0.00	0.00	0.00	0.00	0.00	0.00	0.00	0.00	0.13	0.07	0.00	0.00	0.00	0.00	0.00	0.00	0.00	0.00	0.15	0.00	0.00	0.00	0.00	0.00	0.12	0.03	0.00	0.00	0.17	0.07	0.00
A622V	0.25	0.25	0.25	0.20	0.20	0.02	0.00	0.02	0.23	0.23	0.23	0.23	0.03	0.05	0.08	0.20	0.15	0.00	0.16	0.25	0.18	0.00	0.00	0.00	0.00	0.00	0.00	0.00	0.00	0.00	0.23	0.00	0.00	0.00	0.03	0.16	0.01	0.00	0.00	0.00	0.02	0.00	0.00	0.00	0.05	0.00	0.00	0.02	0.00	0.06	0.00	0.00	0.00	0.00	0.00	0.00	0.00	0.00	0.00	0.00	0.00	0.00	0.00	0.00	0.08	0.03	0.00	0.00	0.00	0.00	0.00
R629I	0.59	0.46	0.25	0.46	0.46	0.01	0.00	0.01	0.59	0.18	0.18	0.18	0.03	0.01	0.59	0.46	0.20	0.00	0.13	0.25	0.25	0.00	0.00	0.00	0.00	0.00	0.00	0.00	0.00	0.00	0.06	0.00	0.00	0.01	0.03	0.18	0.00	0.00	0.00	0.00	0.00	0.00	0.00	0.00	0.00	0.00	0.00	0.00	0.00	0.15	0.00	0.00	0.00	0.00	0.00	0.00	0.00	0.00	0.00	0.00	0.00	0.00	0.00	0.00	0.59	0.01	0.00	0.00	0.00	0.00	0.00
P633S	0.57	0.25	0.25	0.20	0.20	0.01	0.00	0.01	0.57	0.10	0.10	0.10	0.03	0.01	0.57	0.16	0.20	0.00	0.16	0.23	0.25	0.00	0.00	0.00	0.00	0.00	0.00	0.00	0.00	0.00	0.03	0.00	0.00	0.02	0.03	0.10	0.01	0.00	0.00	0.00	0.00	0.00	0.00	0.00	0.00	0.00	0.01	0.00	0.00	0.13	0.00	0.00	0.00	0.00	0.00	0.00	0.00	0.00	0.00	0.00	0.00	0.00	0.03	0.00	0.57	0.01	0.00	0.00	0.00	0.00	0.00
D642G	0.25	0.25	0.25	0.23	0.23	0.01	0.00	0.01	0.17	0.12	0.12	0.12	0.08	0.02	0.17	0.14	0.23	0.00	0.12	0.23	0.25	0.00	0.00	0.00	0.00	0.00	0.00	0.00	0.00	0.00	0.03	0.00	0.00	0.08	0.03	0.12	0.02	0.00	0.00	0.00	0.00	0.00	0.00	0.01	0.00	0.00	0.01	0.02	0.00	0.03	0.00	0.00	0.00	0.00	0.00	0.00	0.00	0.00	0.00	0.00	0.00	0.00	0.03	0.00	0.17	0.03	0.00	0.00	0.00	0.00	0.00
D642H	0.25	0.25	0.25	0.24	0.24	0.01	0.00	0.01	0.18	0.12	0.12	0.12	0.08	0.03	0.18	0.02	0.24	0.00	0.12	0.22	0.25	0.00	0.00	0.00	0.00	0.00	0.00	0.00	0.00	0.00	0.03	0.00	0.00	0.08	0.03	0.12	0.02	0.00	0.00	0.00	0.00	0.00	0.00	0.01	0.02	0.00	0.01	0.03	0.00	0.03	0.00	0.00	0.00	0.00	0.00	0.00	0.00	0.00	0.00	0.00	0.00	0.00	0.03	0.00	0.18	0.03	0.00	0.00	0.00	0.00	0.00
S643G	0.43	0.43	0.25	0.43	0.43	0.01	0.00	0.01	0.17	0.12	0.12	0.12	0.08	0.02	0.17	0.43	0.24	0.00	0.25	0.22	0.25	0.00	0.00	0.00	0.00	0.00	0.00	0.00	0.00	0.00	0.02	0.00	0.00	0.08	0.03	0.12	0.02	0.00	0.00	0.00	0.00	0.00	0.00	0.01	0.00	0.00	0.01	0.02	0.00	0.03	0.00	0.00	0.00	0.00	0.00	0.00	0.00	0.00	0.00	0.00	0.00	0.00	0.02	0.00	0.17	0.03	0.00	0.00	0.00	0.00	0.00
P659A	0.29	0.23	0.23	0.21	0.21	0.01	0.00	0.01	0.29	0.29	0.29	0.29	0.06	0.03	0.21	0.00	0.21	0.00	0.22	0.14	0.23	0.00	0.00	0.00	0.00	0.00	0.00	0.00	0.00	0.00	0.26	0.00	0.00	0.03	0.06	0.29	0.01	0.00	0.00	0.00	0.02	0.00	0.00	0.00	0.03	0.00	0.00	0.03	0.07	0.08	0.00	0.00	0.00	0.00	0.00	0.00	0.00	0.00	0.05	0.00	0.00	0.00	0.00	0.00	0.21	0.09	0.00	0.00	0.13	0.08	0.00
L668F	0.26	0.25	0.25	0.22	0.22	0.02	0.00	0.02	0.26	0.19	0.19	0.19	0.05	0.04	0.26	0.00	0.22	0.03	0.13	0.12	0.25	0.00	0.00	0.00	0.00	0.00	0.00	0.00	0.00	0.00	0.13	0.00	0.00	0.05	0.03	0.19	0.02	0.00	0.00	0.00	0.01	0.00	0.00	0.00	0.04	0.00	0.01	0.02	0.26	0.07	0.00	0.00	0.00	0.00	0.00	0.00	0.00	0.00	0.08	0.00	0.00	0.00	0.00	0.00	0.07	0.02	0.00	0.00	0.17	0.15	0.00
S689G	0.25	0.25	0.25	0.24	0.24	0.03	0.00	0.03	0.25	0.17	0.17	0.17	0.05	0.06	0.25	0.00	0.24	0.03	0.25	0.13	0.25	0.00	0.00	0.00	0.00	0.00	0.00	0.00	0.00	0.00	0.04	0.00	0.00	0.05	0.02	0.17	0.02	0.00	0.00	0.00	0.01	0.00	0.00	0.01	0.05	0.02	0.04	0.06	0.20	0.12	0.00	0.00	0.00	0.00	0.00	0.00	0.00	0.00	0.09	0.00	0.00	0.00	0.00	0.00	0.25	0.03	0.00	0.00	0.13	0.13	0.00
D693N	0.27	0.25	0.25	0.21	0.21	0.02	0.00	0.02	0.27	0.27	0.27	0.27	0.04	0.06	0.23	0.00	0.21	0.01	0.25	0.12	0.23	0.00	0.00	0.00	0.00	0.01	0.00	0.00	0.00	0.00	0.05	0.00	0.00	0.04	0.02	0.27	0.02	0.00	0.00	0.00	0.01	0.00	0.00	0.01	0.05	0.02	0.02	0.06	0.14	0.12	0.00	0.00	0.00	0.00	0.00	0.00	0.00	0.00	0.09	0.00	0.00	0.00	0.00	0.00	0.23	0.03	0.00	0.00	0.13	0.13	0.00
T703I	0.40	0.26	0.26	0.17	0.17	0.02	0.00	0.02	0.40	0.40	0.40	0.40	0.03	0.02	0.23	0.00	0.17	0.02	0.24	0.26	0.24	0.00	0.00	0.00	0.00	0.01	0.00	0.00	0.00	0.00	0.01	0.00	0.00	0.03	0.02	0.40	0.00	0.00	0.00	0.00	0.00	0.00	0.00	0.01	0.01	0.01	0.01	0.02	0.23	0.02	0.00	0.00	0.00	0.00	0.00	0.00	0.00	0.00	0.05	0.00	0.00	0.00	0.12	0.00	0.13	0.01	0.00	0.00	0.17	0.10	0.00
N723D	0.25	0.25	0.25	0.21	0.21	0.03	0.00	0.02	0.20	0.09	0.09	0.09	0.02	0.00	0.20	0.00	0.21	0.00	0.25	0.25	0.25	0.00	0.00	0.00	0.00	0.00	0.00	0.00	0.00	0.00	0.00	0.00	0.00	0.01	0.02	0.09	0.00	0.00	0.00	0.00	0.00	0.00	0.00	0.00	0.00	0.00	0.00	0.00	0.10	0.07	0.00	0.00	0.00	0.00	0.00	0.00	0.00	0.00	0.03	0.00	0.00	0.00	0.00	0.00	0.12	0.02	0.00	0.00	0.20	0.06	0.00
K739E	0.26	0.26	0.26	0.21	0.21	0.06	0.00	0.02	0.25	0.13	0.13	0.13	0.04	0.02	0.25	0.00	0.21	0.02	0.11	0.17	0.26	0.00	0.00	0.00	0.00	0.00	0.00	0.00	0.00	0.00	0.00	0.00	0.00	0.04	0.02	0.13	0.00	0.00	0.00	0.00	0.00	0.00	0.00	0.00	0.01	0.01	0.02	0.00	0.11	0.07	0.00	0.00	0.00	0.00	0.00	0.00	0.00	0.00	0.07	0.00	0.00	0.00	0.02	0.00	0.13	0.03	0.00	0.00	0.25	0.18	0.00
S741C	0.25	0.25	0.25	0.24	0.24	0.05	0.00	0.03	0.16	0.14	0.14	0.14	0.04	0.04	0.16	0.00	0.24	0.04	0.10	0.18	0.25	0.00	0.00	0.00	0.00	0.00	0.00	0.00	0.00	0.00	0.01	0.00	0.00	0.04	0.02	0.14	0.00	0.00	0.00	0.00	0.00	0.00	0.00	0.04	0.02	0.02	0.02	0.04	0.10	0.07	0.00	0.00	0.00	0.00	0.00	0.00	0.00	0.00	0.07	0.00	0.00	0.00	0.02	0.00	0.15	0.03	0.00	0.00	0.15	0.16	0.00
E755K	0.25	0.25	0.25	0.15	0.15	0.03	0.00	0.03	0.19	0.13	0.13	0.13	0.03	0.01	0.19	0.04	0.15	0.00	0.12	0.25	0.25	0.00	0.00	0.00	0.00	0.00	0.00	0.00	0.00	0.00	0.06	0.00	0.00	0.02	0.03	0.13	0.00	0.00	0.00	0.00	0.00	0.00	0.00	0.00	0.00	0.00	0.00	0.00	0.18	0.09	0.00	0.00	0.00	0.00	0.00	0.00	0.00	0.00	0.07	0.00	0.00	0.00	0.03	0.00	0.10	0.03	0.00	0.00	0.19	0.07	0.00
L771S	0.45	0.45	0.25	0.45	0.45	0.03	0.00	0.03	0.13	0.12	0.12	0.12	0.12	0.04	0.13	0.45	0.23	0.02	0.09	0.25	0.23	0.00	0.00	0.00	0.00	0.01	0.00	0.00	0.00	0.00	0.00	0.00	0.00	0.12	0.06	0.12	0.01	0.00	0.00	0.00	0.00	0.00	0.00	0.01	0.04	0.01	0.02	0.02	0.00	0.00	0.00	0.00	0.00	0.00	0.00	0.00	0.00	0.00	0.00	0.00	0.00	0.00	0.09	0.00	0.13	0.02	0.00	0.00	0.00	0.00	0.00
V772A	0.29	0.29	0.26	0.29	0.29	0.02	0.00	0.02	0.22	0.15	0.15	0.12	0.15	0.03	0.22	0.29	0.20	0.01	0.10	0.26	0.23	0.00	0.00	0.00	0.00	0.01	0.00	0.00	0.00	0.00	0.00	0.00	0.00	0.09	0.15	0.12	0.01	0.00	0.00	0.00	0.00	0.00	0.00	0.01	0.03	0.01	0.02	0.01	0.00	0.00	0.00	0.00	0.00	0.00	0.00	0.00	0.00	0.00	0.00	0.00	0.00	0.00	0.08	0.00	0.22	0.02	0.00	0.05	0.00	0.00	0.00
Q804H	0.26	0.26	0.26	0.20	0.20	0.04	0.00	0.04	0.22	0.18	0.18	0.02	0.18	0.22	0.06	0.20	0.17	0.06	0.14	0.26	0.23	0.00	0.00	0.00	0.00	0.04	0.00	0.00	0.00	0.00	0.00	0.00	0.00	0.18	0.05	0.02	0.05	0.00	0.00	0.00	0.06	0.00	0.00	0.01	0.05	0.02	0.02	0.22	0.04	0.02	0.00	0.00	0.00	0.00	0.00	0.00	0.00	0.00	0.02	0.00	0.00	0.00	0.00	0.00	0.03	0.00	0.00	0.00	0.06	0.03	0.00
E809K	0.27	0.27	0.27	0.19	0.19	0.02	0.00	0.02	0.15	0.15	0.15	0.04	0.15	0.05	0.14	0.19	0.18	0.07	0.27	0.26	0.20	0.00	0.00	0.00	0.00	0.02	0.00	0.00	0.00	0.00	0.03	0.00	0.00	0.15	0.05	0.04	0.04	0.00	0.00	0.00	0.01	0.00	0.00	0.00	0.00	0.02	0.02	0.05	0.14	0.02	0.00	0.00	0.00	0.00	0.00	0.00	0.00	0.00	0.04	0.00	0.00	0.00	0.00	0.00	0.00	0.00	0.00	0.00	0.09	0.05	0.00
N810Y	0.27	0.27	0.27	0.20	0.20	0.02	0.00	0.02	0.22	0.13	0.13	0.05	0.13	0.05	0.22	0.20	0.19	0.02	0.26	0.27	0.20	0.00	0.00	0.00	0.00	0.02	0.00	0.00	0.00	0.00	0.01	0.00	0.00	0.13	0.12	0.05	0.06	0.00	0.00	0.00	0.00	0.00	0.00	0.00	0.00	0.02	0.02	0.05	0.22	0.02	0.00	0.00	0.00	0.00	0.00	0.00	0.00	0.00	0.04	0.00	0.00	0.00	0.00	0.00	0.06	0.00	0.00	0.00	0.09	0.05	0.00
K820E	0.28	0.28	0.28	0.25	0.25	0.03	0.00	0.03	0.24	0.24	0.24	0.06	0.24	0.10	0.16	0.25	0.22	0.09	0.13	0.12	0.28	0.00	0.00	0.00	0.00	0.01	0.00	0.00	0.00	0.00	0.01	0.00	0.00	0.24	0.05	0.06	0.04	0.00	0.00	0.00	0.01	0.00	0.00	0.02	0.06	0.06	0.06	0.10	0.16	0.11	0.00	0.00	0.00	0.00	0.00	0.00	0.00	0.00	0.06	0.00	0.00	0.00	0.00	0.00	0.06	0.03	0.00	0.00	0.10	0.12	0.00
R823I	0.30	0.30	0.26	0.30	0.30	0.03	0.00	0.03	0.15	0.15	0.15	0.15	0.12	0.09	0.14	0.30	0.26	0.07	0.12	0.12	0.26	0.00	0.00	0.00	0.00	0.00	0.00	0.00	0.00	0.01	0.01	0.00	0.00	0.12	0.06	0.15	0.05	0.00	0.00	0.00	0.00	0.00	0.00	0.01	0.02	0.04	0.06	0.09	0.14	0.12	0.00	0.00	0.00	0.00	0.00	0.00	0.00	0.00	0.05	0.00	0.00	0.00	0.00	0.00	0.06	0.03	0.00	0.00	0.09	0.11	0.00
T826K	0.34	0.34	0.27	0.34	0.34	0.02	0.00	0.02	0.28	0.12	0.12	0.12	0.09	0.04	0.28	0.34	0.25	0.04	0.19	0.12	0.27	0.00	0.00	0.00	0.00	0.00	0.00	0.00	0.00	0.00	0.02	0.00	0.00	0.09	0.09	0.12	0.06	0.00	0.00	0.00	0.00	0.00	0.00	0.00	0.01	0.02	0.04	0.02	0.28	0.11	0.00	0.00	0.00	0.00	0.00	0.00	0.00	0.00	0.06	0.00	0.00	0.00	0.00	0.00	0.11	0.04	0.00	0.00	0.14	0.10	0.00
Y831D	0.45	0.45	0.26	0.45	0.45	0.03	0.00	0.03	0.38	0.11	0.11	0.11	0.10	0.10	0.38	0.45	0.19	0.03	0.25	0.12	0.26	0.00	0.00	0.00	0.00	0.00	0.00	0.00	0.00	0.01	0.00	0.00	0.00	0.09	0.10	0.11	0.05	0.00	0.00	0.00	0.02	0.00	0.00	0.02	0.10	0.02	0.01	0.09	0.38	0.02	0.00	0.00	0.00	0.00	0.00	0.00	0.00	0.00	0.06	0.00	0.00	0.00	0.00	0.00	0.11	0.02	0.00	0.00	0.17	0.13	0.00
S840C	0.44	0.44	0.25	0.44	0.44	0.02	0.00	0.02	0.39	0.11	0.11	0.04	0.11	0.39	0.08	0.44	0.17	0.04	0.25	0.25	0.23	0.00	0.00	0.00	0.00	0.00	0.00	0.00	0.00	0.02	0.00	0.00	0.00	0.11	0.05	0.04	0.07	0.00	0.00	0.00	0.05	0.00	0.00	0.03	0.19	0.02	0.03	0.39	0.00	0.07	0.00	0.00	0.00	0.00	0.00	0.00	0.00	0.00	0.00	0.00	0.00	0.00	0.02	0.00	0.08	0.00	0.00	0.00	0.00	0.00	0.00
R841W	0.43	0.43	0.26	0.43	0.43	0.02	0.00	0.02	0.20	0.20	0.20	0.06	0.20	0.19	0.07	0.43	0.17	0.07	0.25	0.26	0.23	0.00	0.00	0.00	0.00	0.00	0.00	0.00	0.00	0.03	0.00	0.00	0.00	0.20	0.09	0.06	0.05	0.00	0.00	0.00	0.04	0.00	0.00	0.07	0.19	0.03	0.03	0.06	0.00	0.07	0.00	0.00	0.00	0.00	0.00	0.00	0.00	0.00	0.00	0.00	0.00	0.00	0.02	0.00	0.07	0.01	0.00	0.00	0.00	0.00	0.00
E842G	0.32	0.32	0.25	0.32	0.32	0.02	0.00	0.02	0.17	0.15	0.15	0.04	0.15	0.17	0.07	0.32	0.18	0.06	0.18	0.25	0.23	0.00	0.00	0.00	0.00	0.00	0.00	0.00	0.00	0.03	0.00	0.00	0.00	0.15	0.06	0.04	0.03	0.00	0.00	0.00	0.04	0.00	0.00	0.07	0.17	0.02	0.03	0.05	0.00	0.07	0.00	0.00	0.00	0.00	0.00	0.00	0.00	0.00	0.00	0.00	0.03	0.00	0.02	0.00	0.07	0.00	0.00	0.00	0.00	0.00	0.00
T843R	0.30	0.30	0.25	0.30	0.30	0.02	0.00	0.02	0.18	0.18	0.18	0.05	0.18	0.17	0.08	0.30	0.21	0.06	0.21	0.25	0.24	0.00	0.00	0.00	0.00	0.00	0.00	0.00	0.00	0.04	0.00	0.00	0.00	0.18	0.05	0.05	0.04	0.00	0.00	0.00	0.04	0.00	0.00	0.15	0.17	0.02	0.03	0.06	0.00	0.08	0.00	0.00	0.00	0.00	0.00	0.00	0.00	0.00	0.00	0.00	0.03	0.00	0.02	0.00	0.07	0.02	0.00	0.00	0.00	0.00	0.00
I845T	0.44	0.44	0.25	0.44	0.44	0.03	0.00	0.03	0.19	0.19	0.19	0.05	0.19	0.15	0.07	0.44	0.25	0.06	0.20	0.25	0.17	0.00	0.00	0.00	0.00	0.01	0.00	0.00	0.00	0.05	0.00	0.00	0.00	0.19	0.05	0.05	0.04	0.00	0.00	0.00	0.02	0.00	0.00	0.15	0.05	0.02	0.03	0.06	0.00	0.07	0.00	0.00	0.00	0.00	0.00	0.00	0.00	0.00	0.00	0.00	0.03	0.00	0.05	0.00	0.07	0.00	0.00	0.00	0.00	0.00	0.00
L852P	0.44	0.44	0.24	0.44	0.44	0.03	0.00	0.03	0.19	0.19	0.19	0.19	0.19	0.15	0.19	0.44	0.28	0.06	0.24	0.16	0.19	0.00	0.00	0.00	0.00	0.02	0.00	0.00	0.00	0.06	0.03	0.00	0.00	0.19	0.14	0.19	0.04	0.00	0.00	0.00	0.02	0.00	0.00	0.15	0.07	0.02	0.03	0.06	0.00	0.02	0.00	0.00	0.00	0.00	0.00	0.00	0.00	0.00	0.00	0.00	0.04	0.00	0.03	0.00	0.19	0.03	0.00	0.02	0.00	0.00	0.00
L852V	0.26	0.26	0.24	0.26	0.26	0.03	0.00	0.03	0.19	0.19	0.19	0.19	0.19	0.14	0.18	0.26	0.23	0.06	0.24	0.17	0.18	0.00	0.00	0.00	0.00	0.01	0.00	0.00	0.00	0.05	0.03	0.00	0.00	0.19	0.14	0.19	0.04	0.00	0.00	0.00	0.02	0.00	0.00	0.14	0.07	0.02	0.04	0.08	0.00	0.02	0.00	0.00	0.00	0.00	0.00	0.00	0.00	0.00	0.00	0.00	0.03	0.00	0.03	0.00	0.18	0.03	0.00	0.02	0.00	0.00	0.00
Y856H	0.42	0.42	0.24	0.42	0.42	0.02	0.00	0.02	0.23	0.20	0.20	0.20	0.16	0.18	0.23	0.42	0.20	0.05	0.24	0.10	0.13	0.00	0.00	0.00	0.00	0.01	0.00	0.00	0.00	0.03	0.06	0.00	0.00	0.16	0.15	0.20	0.03	0.00	0.00	0.00	0.02	0.00	0.00	0.18	0.16	0.02	0.02	0.03	0.00	0.02	0.00	0.00	0.00	0.00	0.00	0.00	0.00	0.00	0.00	0.00	0.00	0.00	0.00	0.00	0.23	0.03	0.00	0.02	0.00	0.00	0.00
K862E	0.28	0.28	0.26	0.28	0.28	0.02	0.00	0.02	0.19	0.19	0.19	0.19	0.14	0.01	0.12	0.28	0.15	0.08	0.26	0.22	0.24	0.00	0.00	0.00	0.00	0.01	0.00	0.00	0.00	0.00	0.08	0.00	0.00	0.14	0.09	0.19	0.02	0.00	0.00	0.00	0.00	0.00	0.00	0.00	0.01	0.01	0.00	0.00	0.10	0.12	0.00	0.00	0.00	0.00	0.00	0.00	0.00	0.00	0.06	0.00	0.00	0.00	0.00	0.00	0.02	0.01	0.00	0.00	0.08	0.06	0.00
S864A	0.37	0.37	0.26	0.37	0.37	0.02	0.00	0.02	0.12	0.12	0.12	0.11	0.12	0.01	0.11	0.37	0.16	0.08	0.26	0.25	0.23	0.00	0.00	0.00	0.00	0.01	0.00	0.00	0.00	0.00	0.08	0.00	0.00	0.09	0.12	0.11	0.02	0.00	0.00	0.00	0.00	0.00	0.00	0.00	0.01	0.00	0.00	0.00	0.11	0.11	0.00	0.00	0.00	0.00	0.00	0.00	0.00	0.00	0.06	0.00	0.00	0.00	0.00	0.00	0.11	0.01	0.00	0.00	0.06	0.06	0.00
R866C	0.34	0.34	0.25	0.34	0.34	0.02	0.00	0.02	0.14	0.14	0.14	0.14	0.12	0.01	0.12	0.34	0.16	0.09	0.25	0.25	0.24	0.00	0.00	0.00	0.00	0.01	0.00	0.00	0.00	0.00	0.08	0.00	0.00	0.12	0.11	0.14	0.02	0.00	0.00	0.00	0.00	0.00	0.00	0.00	0.00	0.00	0.00	0.01	0.09	0.12	0.00	0.00	0.00	0.00	0.00	0.00	0.00	0.00	0.06	0.00	0.00	0.00	0.00	0.00	0.11	0.01	0.00	0.00	0.06	0.05	0.00
P871L	0.47	0.47	0.26	0.47	0.47	0.02	0.00	0.02	0.17	0.17	0.17	0.17	0.11	0.01	0.11	0.47	0.22	0.04	0.18	0.26	0.25	0.00	0.00	0.00	0.00	0.01	0.00	0.00	0.00	0.00	0.09	0.00	0.00	0.08	0.11	0.17	0.02	0.00	0.00	0.00	0.00	0.00	0.00	0.00	0.00	0.00	0.00	0.00	0.00	0.11	0.00	0.00	0.00	0.00	0.00	0.00	0.00	0.00	0.01	0.00	0.00	0.00	0.00	0.00	0.11	0.02	0.00	0.00	0.00	0.00	0.00
G890V	0.25	0.25	0.25	0.23	0.23	0.01	0.00	0.01	0.13	0.12	0.12	0.12	0.04	0.04	0.13	0.00	0.23	0.00	0.20	0.25	0.23	0.00	0.00	0.00	0.00	0.00	0.00	0.00	0.00	0.00	0.03	0.00	0.00	0.04	0.03	0.12	0.00	0.00	0.00	0.00	0.02	0.00	0.00	0.00	0.04	0.00	0.00	0.01	0.04	0.00	0.00	0.00	0.00	0.00	0.00	0.00	0.00	0.00	0.04	0.00	0.00	0.00	0.04	0.00	0.08	0.04	0.00	0.00	0.13	0.04	0.00
K893N	0.30	0.30	0.30	0.24	0.24	0.01	0.00	0.01	0.15	0.10	0.10	0.10	0.03	0.04	0.15	0.00	0.24	0.00	0.20	0.25	0.30	0.00	0.00	0.00	0.00	0.00	0.00	0.00	0.00	0.00	0.03	0.00	0.00	0.02	0.03	0.10	0.00	0.00	0.00	0.00	0.02	0.00	0.00	0.00	0.04	0.00	0.00	0.01	0.05	0.00	0.00	0.00	0.00	0.00	0.00	0.00	0.00	0.00	0.05	0.00	0.00	0.00	0.04	0.00	0.15	0.03	0.00	0.00	0.13	0.06	0.00
F901S	0.26	0.26	0.26	0.23	0.23	0.01	0.00	0.01	0.23	0.09	0.09	0.09	0.05	0.02	0.23	0.00	0.23	0.05	0.25	0.15	0.26	0.00	0.00	0.00	0.00	0.00	0.00	0.00	0.00	0.00	0.03	0.00	0.00	0.05	0.02	0.09	0.00	0.00	0.00	0.00	0.00	0.00	0.00	0.00	0.00	0.00	0.00	0.02	0.05	0.02	0.00	0.00	0.00	0.00	0.00	0.00	0.00	0.00	0.10	0.00	0.00	0.00	0.02	0.00	0.14	0.02	0.00	0.00	0.23	0.06	0.00
E904Q	0.26	0.26	0.26	0.24	0.24	0.01	0.00	0.01	0.25	0.08	0.08	0.08	0.03	0.02	0.25	0.00	0.24	0.02	0.26	0.15	0.17	0.00	0.00	0.00	0.00	0.00	0.00	0.00	0.00	0.00	0.03	0.00	0.00	0.03	0.02	0.08	0.00	0.00	0.00	0.00	0.00	0.00	0.00	0.01	0.00	0.00	0.00	0.02	0.05	0.03	0.00	0.00	0.00	0.00	0.00	0.00	0.00	0.00	0.08	0.00	0.00	0.00	0.00	0.00	0.02	0.02	0.00	0.00	0.25	0.05	0.00
N913S	0.26	0.26	0.26	0.24	0.24	0.03	0.00	0.03	0.18	0.13	0.13	0.13	0.08	0.01	0.18	0.05	0.24	0.02	0.24	0.08	0.26	0.00	0.00	0.00	0.00	0.00	0.00	0.00	0.00	0.00	0.01	0.00	0.00	0.08	0.03	0.13	0.00	0.00	0.00	0.00	0.00	0.00	0.00	0.01	0.00	0.00	0.00	0.00	0.06	0.03	0.00	0.00	0.00	0.00	0.00	0.00	0.00	0.00	0.09	0.00	0.00	0.00	0.00	0.00	0.11	0.01	0.00	0.00	0.18	0.13	0.00
N916I	0.42	0.42	0.24	0.42	0.42	0.03	0.00	0.03	0.23	0.23	0.23	0.23	0.09	0.01	0.17	0.42	0.25	0.02	0.10	0.13	0.24	0.00	0.00	0.00	0.00	0.00	0.00	0.00	0.00	0.00	0.02	0.00	0.00	0.09	0.05	0.23	0.00	0.00	0.00	0.00	0.00	0.00	0.00	0.01	0.00	0.00	0.00	0.01	0.06	0.03	0.00	0.00	0.00	0.00	0.00	0.00	0.00	0.00	0.09	0.00	0.00	0.00	0.00	0.00	0.11	0.03	0.00	0.00	0.17	0.13	0.00
I925L	0.26	0.26	0.23	0.26	0.26	0.03	0.00	0.03	0.19	0.19	0.19	0.19	0.05	0.01	0.05	0.26	0.10	0.00	0.11	0.23	0.22	0.00	0.00	0.00	0.00	0.02	0.00	0.00	0.00	0.00	0.02	0.00	0.00	0.05	0.04	0.19	0.00	0.00	0.00	0.00	0.01	0.00	0.00	0.00	0.00	0.00	0.00	0.00	0.00	0.00	0.00	0.00	0.00	0.00	0.00	0.00	0.00	0.00	0.00	0.00	0.00	0.00	0.05	0.00	0.04	0.04	0.00	0.00	0.00	0.00	0.00
P930L	0.33	0.33	0.26	0.33	0.33	0.04	0.00	0.04	0.18	0.18	0.18	0.18	0.08	0.03	0.11	0.33	0.20	0.08	0.13	0.23	0.26	0.00	0.00	0.00	0.00	0.04	0.00	0.00	0.00	0.00	0.02	0.00	0.00	0.08	0.06	0.18	0.01	0.00	0.00	0.00	0.00	0.00	0.00	0.00	0.01	0.03	0.01	0.03	0.11	0.00	0.00	0.00	0.00	0.00	0.00	0.00	0.00	0.00	0.07	0.00	0.00	0.00	0.05	0.00	0.04	0.05	0.00	0.00	0.07	0.07	0.00
P938L	0.30	0.30	0.26	0.30	0.30	0.04	0.00	0.04	0.15	0.13	0.13	0.13	0.12	0.09	0.15	0.30	0.26	0.18	0.17	0.20	0.26	0.00	0.00	0.00	0.00	0.04	0.00	0.00	0.00	0.00	0.05	0.00	0.00	0.12	0.07	0.13	0.02	0.00	0.00	0.00	0.00	0.00	0.00	0.02	0.05	0.03	0.02	0.09	0.15	0.00	0.00	0.00	0.00	0.00	0.00	0.00	0.00	0.00	0.09	0.00	0.00	0.00	0.00	0.00	0.00	0.06	0.00	0.00	0.09	0.07	0.00
K947N	0.23	0.23	0.23	0.21	0.21	0.03	0.00	0.03	0.14	0.14	0.14	0.06	0.14	0.13	0.11	0.21	0.17	0.10	0.17	0.23	0.22	0.00	0.00	0.00	0.00	0.02	0.00	0.00	0.00	0.01	0.06	0.00	0.00	0.14	0.11	0.04	0.10	0.00	0.00	0.00	0.00	0.00	0.00	0.00	0.00	0.02	0.02	0.13	0.10	0.11	0.00	0.00	0.00	0.00	0.00	0.00	0.00	0.00	0.04	0.00	0.00	0.00	0.00	0.00	0.04	0.02	0.00	0.00	0.05	0.03	0.00
N969D	0.26	0.26	0.26	0.18	0.18	0.02	0.00	0.02	0.10	0.07	0.07	0.06	0.07	0.04	0.10	0.18	0.18	0.03	0.11	0.26	0.24	0.00	0.00	0.00	0.00	0.02	0.00	0.00	0.00	0.00	0.00	0.00	0.00	0.07	0.07	0.06	0.08	0.00	0.00	0.00	0.00	0.00	0.00	0.04	0.03	0.04	0.02	0.03	0.09	0.00	0.00	0.00	0.00	0.00	0.00	0.00	0.00	0.00	0.04	0.00	0.00	0.00	0.00	0.00	0.06	0.00	0.00	0.00	0.07	0.10	0.00
K970I	0.24	0.24	0.24	0.19	0.19	0.02	0.00	0.02	0.12	0.12	0.12	0.11	0.12	0.06	0.10	0.19	0.19	0.03	0.12	0.23	0.24	0.00	0.00	0.00	0.00	0.02	0.00	0.00	0.00	0.00	0.00	0.00	0.00	0.12	0.08	0.11	0.07	0.00	0.00	0.00	0.01	0.00	0.00	0.05	0.03	0.03	0.03	0.06	0.10	0.00	0.00	0.00	0.00	0.00	0.00	0.00	0.00	0.00	0.04	0.00	0.00	0.00	0.00	0.00	0.04	0.00	0.00	0.00	0.07	0.09	0.00
R979S	0.26	0.26	0.26	0.21	0.21	0.02	0.00	0.02	0.24	0.24	0.24	0.24	0.13	0.02	0.19	0.21	0.13	0.00	0.17	0.12	0.26	0.00	0.00	0.00	0.00	0.00	0.00	0.00	0.00	0.00	0.03	0.00	0.00	0.07	0.13	0.24	0.06	0.00	0.00	0.00	0.00	0.00	0.00	0.01	0.00	0.01	0.02	0.00	0.00	0.10	0.00	0.00	0.00	0.00	0.00	0.00	0.00	0.00	0.00	0.00	0.00	0.00	0.00	0.00	0.19	0.00	0.00	0.00	0.00	0.00	0.00
K987E	0.29	0.29	0.29	0.25	0.25	0.03	0.00	0.03	0.24	0.24	0.24	0.24	0.08	0.00	0.13	0.25	0.14	0.00	0.19	0.22	0.29	0.00	0.00	0.00	0.00	0.00	0.00	0.00	0.00	0.00	0.06	0.00	0.00	0.08	0.06	0.24	0.02	0.00	0.00	0.00	0.00	0.00	0.00	0.00	0.00	0.00	0.00	0.00	0.13	0.09	0.00	0.00	0.00	0.00	0.00	0.00	0.00	0.00	0.06	0.00	0.00	0.00	0.01	0.00	0.06	0.02	0.00	0.00	0.13	0.05	0.00
L998V	0.28	0.28	0.25	0.28	0.28	0.03	0.00	0.03	0.16	0.16	0.16	0.16	0.07	0.01	0.16	0.28	0.21	0.01	0.25	0.21	0.24	0.00	0.00	0.00	0.00	0.00	0.00	0.00	0.00	0.00	0.05	0.00	0.00	0.07	0.03	0.16	0.00	0.00	0.00	0.00	0.00	0.00	0.00	0.00	0.00	0.00	0.00	0.00	0.07	0.02	0.00	0.00	0.00	0.00	0.00	0.00	0.00	0.00	0.04	0.00	0.00	0.00	0.00	0.00	0.00	0.00	0.00	0.00	0.16	0.05	0.00
M1008I	0.26	0.26	0.26	0.22	0.22	0.03	0.00	0.03	0.19	0.09	0.09	0.09	0.06	0.05	0.19	0.00	0.22	0.02	0.26	0.15	0.25	0.00	0.00	0.00	0.00	0.00	0.00	0.00	0.00	0.00	0.00	0.00	0.00	0.06	0.03	0.09	0.01	0.00	0.00	0.00	0.00	0.00	0.00	0.02	0.05	0.01	0.01	0.01	0.00	0.08	0.00	0.00	0.00	0.00	0.00	0.00	0.00	0.00	0.00	0.00	0.00	0.00	0.00	0.00	0.19	0.01	0.00	0.00	0.00	0.00	0.00
M1008V	0.26	0.26	0.26	0.21	0.21	0.03	0.00	0.03	0.17	0.07	0.07	0.07	0.06	0.05	0.17	0.00	0.21	0.02	0.26	0.15	0.24	0.00	0.00	0.00	0.00	0.00	0.00	0.00	0.00	0.00	0.00	0.00	0.00	0.06	0.03	0.07	0.01	0.00	0.00	0.00	0.00	0.00	0.00	0.02	0.05	0.01	0.01	0.01	0.00	0.09	0.00	0.00	0.00	0.00	0.00	0.00	0.00	0.00	0.00	0.00	0.00	0.00	0.00	0.00	0.17	0.02	0.00	0.00	0.00	0.00	0.00
M1014L	0.25	0.25	0.25	0.21	0.21	0.02	0.00	0.02	0.18	0.12	0.12	0.12	0.06	0.02	0.18	0.00	0.21	0.01	0.25	0.17	0.25	0.00	0.00	0.00	0.00	0.00	0.00	0.00	0.00	0.00	0.02	0.00	0.00	0.06	0.03	0.12	0.01	0.00	0.00	0.00	0.00	0.00	0.00	0.01	0.00	0.02	0.01	0.00	0.00	0.08	0.00	0.00	0.00	0.00	0.00	0.00	0.00	0.00	0.00	0.00	0.00	0.00	0.00	0.00	0.18	0.01	0.00	0.00	0.00	0.00	0.00
R1028H	0.30	0.25	0.25	0.15	0.15	0.02	0.00	0.02	0.30	0.30	0.30	0.30	0.04	0.01	0.21	0.00	0.15	0.00	0.11	0.17	0.25	0.00	0.00	0.00	0.00	0.00	0.00	0.00	0.00	0.00	0.10	0.00	0.00	0.04	0.04	0.30	0.00	0.00	0.00	0.00	0.00	0.00	0.00	0.00	0.00	0.00	0.00	0.01	0.00	0.21	0.00	0.00	0.00	0.00	0.00	0.00	0.00	0.00	0.03	0.00	0.00	0.00	0.04	0.00	0.17	0.01	0.00	0.00	0.00	0.00	0.00
E1038G	0.26	0.26	0.26	0.22	0.22	0.02	0.00	0.02	0.26	0.26	0.26	0.26	0.04	0.03	0.25	0.00	0.22	0.00	0.19	0.26	0.22	0.00	0.00	0.00	0.00	0.00	0.00	0.00	0.00	0.00	0.14	0.00	0.00	0.02	0.04	0.26	0.00	0.00	0.00	0.00	0.00	0.00	0.00	0.03	0.00	0.00	0.00	0.00	0.06	0.04	0.00	0.00	0.00	0.00	0.00	0.00	0.00	0.00	0.13	0.00	0.00	0.00	0.02	0.00	0.25	0.02	0.00	0.00	0.16	0.14	0.00
S1040N	0.45	0.24	0.24	0.22	0.22	0.02	0.00	0.02	0.45	0.26	0.26	0.26	0.04	0.03	0.45	0.00	0.22	0.00	0.20	0.24	0.22	0.00	0.00	0.00	0.00	0.00	0.00	0.00	0.00	0.00	0.06	0.00	0.00	0.03	0.04	0.26	0.00	0.00	0.00	0.00	0.00	0.00	0.00	0.03	0.00	0.01	0.01	0.00	0.06	0.03	0.00	0.00	0.00	0.00	0.00	0.00	0.00	0.00	0.12	0.00	0.00	0.00	0.02	0.00	0.45	0.02	0.00	0.00	0.16	0.13	0.00
I1044V	0.28	0.28	0.28	0.23	0.23	0.02	0.00	0.02	0.25	0.24	0.24	0.24	0.03	0.01	0.25	0.00	0.23	0.00	0.06	0.28	0.22	0.00	0.00	0.00	0.00	0.02	0.00	0.00	0.00	0.00	0.04	0.00	0.00	0.02	0.03	0.24	0.00	0.00	0.00	0.00	0.00	0.00	0.00	0.00	0.00	0.01	0.00	0.00	0.00	0.06	0.00	0.00	0.00	0.00	0.00	0.00	0.00	0.00	0.00	0.00	0.00	0.00	0.04	0.00	0.25	0.03	0.00	0.00	0.00	0.00	0.00
S1056P	0.26	0.26	0.26	0.18	0.18	0.02	0.00	0.02	0.24	0.24	0.24	0.24	0.05	0.02	0.13	0.00	0.18	0.01	0.13	0.26	0.26	0.00	0.00	0.00	0.00	0.02	0.00	0.00	0.00	0.01	0.00	0.00	0.00	0.05	0.04	0.24	0.00	0.00	0.00	0.00	0.00	0.00	0.00	0.02	0.00	0.01	0.02	0.01	0.00	0.04	0.00	0.00	0.00	0.00	0.00	0.00	0.00	0.00	0.00	0.00	0.00	0.00	0.03	0.00	0.13	0.02	0.00	0.00	0.00	0.00	0.00
I1058V	0.28	0.27	0.27	0.20	0.20	0.02	0.00	0.02	0.28	0.28	0.28	0.28	0.05	0.02	0.16	0.00	0.20	0.02	0.09	0.27	0.25	0.00	0.00	0.00	0.00	0.01	0.00	0.00	0.00	0.01	0.00	0.00	0.00	0.05	0.04	0.28	0.01	0.00	0.00	0.00	0.00	0.00	0.00	0.02	0.00	0.01	0.02	0.01	0.00	0.05	0.00	0.00	0.00	0.00	0.00	0.00	0.00	0.00	0.00	0.00	0.00	0.00	0.03	0.00	0.16	0.03	0.00	0.00	0.00	0.00	0.00
G1062V	0.38	0.38	0.27	0.38	0.38	0.02	0.00	0.02	0.27	0.27	0.27	0.27	0.06	0.04	0.16	0.38	0.23	0.03	0.12	0.27	0.25	0.00	0.00	0.00	0.00	0.01	0.00	0.00	0.00	0.03	0.01	0.00	0.00	0.06	0.04	0.27	0.00	0.00	0.00	0.00	0.00	0.00	0.00	0.04	0.00	0.03	0.03	0.02	0.00	0.03	0.00	0.00	0.00	0.00	0.00	0.00	0.00	0.00	0.00	0.00	0.00	0.00	0.03	0.00	0.16	0.02	0.00	0.00	0.00	0.00	0.00
R1074G	0.26	0.26	0.26	0.26	0.26	0.05	0.00	0.05	0.26	0.26	0.26	0.26	0.08	0.04	0.13	0.26	0.24	0.06	0.22	0.18	0.26	0.00	0.00	0.00	0.00	0.03	0.00	0.00	0.00	0.01	0.09	0.00	0.00	0.08	0.05	0.26	0.02	0.00	0.00	0.00	0.00	0.00	0.00	0.04	0.00	0.02	0.03	0.02	0.12	0.10	0.00	0.00	0.00	0.00	0.00	0.00	0.00	0.00	0.13	0.00	0.00	0.00	0.00	0.00	0.00	0.02	0.00	0.00	0.12	0.11	0.00
R1076I	0.39	0.39	0.26	0.39	0.39	0.06	0.00	0.06	0.30	0.30	0.30	0.30	0.13	0.03	0.12	0.39	0.24	0.10	0.22	0.21	0.26	0.00	0.00	0.00	0.00	0.03	0.00	0.00	0.00	0.01	0.10	0.00	0.00	0.13	0.07	0.30	0.02	0.00	0.00	0.00	0.00	0.00	0.00	0.03	0.00	0.01	0.03	0.02	0.12	0.10	0.00	0.00	0.00	0.00	0.00	0.00	0.00	0.00	0.11	0.00	0.00	0.00	0.00	0.00	0.00	0.02	0.00	0.00	0.12	0.09	0.00
L1084I	0.28	0.28	0.26	0.28	0.28	0.04	0.00	0.04	0.18	0.18	0.18	0.18	0.06	0.01	0.12	0.28	0.17	0.01	0.19	0.20	0.26	0.00	0.00	0.00	0.00	0.00	0.00	0.00	0.00	0.00	0.11	0.00	0.00	0.06	0.06	0.18	0.02	0.00	0.00	0.00	0.00	0.00	0.00	0.00	0.00	0.00	0.00	0.00	0.12	0.11	0.00	0.00	0.00	0.00	0.00	0.00	0.00	0.00	0.10	0.00	0.00	0.00	0.00	0.00	0.00	0.02	0.00	0.00	0.12	0.09	0.00
P1099L	0.31	0.31	0.25	0.31	0.31	0.01	0.00	0.01	0.12	0.12	0.12	0.10	0.12	0.04	0.12	0.31	0.20	0.07	0.18	0.15	0.25	0.00	0.00	0.00	0.00	0.00	0.00	0.00	0.00	0.00	0.02	0.00	0.00	0.09	0.12	0.10	0.03	0.00	0.00	0.00	0.00	0.00	0.00	0.00	0.01	0.00	0.00	0.04	0.09	0.00	0.00	0.00	0.00	0.00	0.00	0.00	0.00	0.00	0.03	0.00	0.00	0.00	0.02	0.00	0.12	0.00	0.00	0.00	0.10	0.05	0.00
S1101N	0.28	0.28	0.25	0.28	0.28	0.01	0.00	0.01	0.10	0.08	0.08	0.07	0.08	0.05	0.10	0.28	0.20	0.06	0.14	0.07	0.25	0.00	0.00	0.00	0.00	0.00	0.00	0.00	0.00	0.00	0.01	0.00	0.00	0.08	0.07	0.07	0.03	0.00	0.00	0.00	0.00	0.00	0.00	0.00	0.05	0.00	0.01	0.04	0.09	0.00	0.00	0.00	0.00	0.00	0.00	0.00	0.00	0.00	0.03	0.00	0.00	0.00	0.02	0.00	0.04	0.00	0.00	0.00	0.10	0.03	0.00
N1102S	0.32	0.32	0.27	0.32	0.32	0.02	0.00	0.02	0.11	0.08	0.08	0.07	0.08	0.05	0.11	0.32	0.21	0.06	0.17	0.12	0.27	0.00	0.00	0.00	0.00	0.00	0.00	0.00	0.00	0.00	0.01	0.00	0.00	0.08	0.07	0.07	0.03	0.00	0.00	0.00	0.00	0.00	0.00	0.03	0.05	0.00	0.01	0.04	0.09	0.02	0.00	0.00	0.00	0.00	0.00	0.00	0.00	0.00	0.04	0.00	0.00	0.00	0.03	0.00	0.04	0.00	0.00	0.00	0.11	0.03	0.00
K1109N	0.29	0.29	0.25	0.29	0.29	0.05	0.00	0.05	0.19	0.16	0.16	0.15	0.16	0.08	0.19	0.29	0.20	0.15	0.17	0.12	0.25	0.00	0.00	0.00	0.00	0.04	0.00	0.00	0.00	0.02	0.00	0.00	0.00	0.16	0.12	0.15	0.03	0.00	0.00	0.00	0.01	0.00	0.00	0.03	0.05	0.08	0.04	0.05	0.09	0.02	0.00	0.00	0.00	0.00	0.00	0.00	0.00	0.00	0.06	0.00	0.00	0.00	0.00	0.00	0.18	0.00	0.00	0.00	0.19	0.05	0.00
Q1118H	0.25	0.25	0.25	0.23	0.23	0.04	0.00	0.04	0.20	0.20	0.20	0.20	0.14	0.08	0.19	0.23	0.17	0.13	0.06	0.25	0.24	0.00	0.00	0.00	0.00	0.03	0.00	0.00	0.00	0.02	0.00	0.00	0.00	0.14	0.11	0.20	0.02	0.00	0.00	0.00	0.02	0.00	0.00	0.06	0.08	0.08	0.04	0.06	0.00	0.04	0.00	0.00	0.00	0.00	0.00	0.00	0.00	0.00	0.00	0.00	0.00	0.00	0.04	0.00	0.19	0.05	0.00	0.00	0.00	0.00	0.00
Q1135E	0.28	0.28	0.25	0.28	0.28	0.02	0.00	0.02	0.25	0.25	0.25	0.25	0.06	0.02	0.04	0.28	0.23	0.01	0.13	0.18	0.25	0.00	0.00	0.00	0.00	0.02	0.00	0.00	0.00	0.00	0.00	0.00	0.00	0.06	0.04	0.25	0.02	0.00	0.00	0.00	0.00	0.00	0.00	0.02	0.01	0.02	0.02	0.01	0.00	0.04	0.00	0.00	0.00	0.00	0.00	0.00	0.00	0.00	0.00	0.00	0.00	0.00	0.02	0.00	0.03	0.03	0.00	0.00	0.00	0.00	0.00
P1136R	0.31	0.31	0.26	0.31	0.31	0.02	0.00	0.02	0.20	0.20	0.20	0.20	0.06	0.03	0.08	0.31	0.20	0.03	0.14	0.17	0.26	0.00	0.00	0.00	0.00	0.02	0.00	0.00	0.00	0.00	0.00	0.00	0.00	0.06	0.06	0.20	0.02	0.00	0.00	0.00	0.01	0.00	0.00	0.00	0.03	0.02	0.02	0.01	0.00	0.08	0.00	0.00	0.00	0.00	0.00	0.00	0.00	0.00	0.00	0.00	0.00	0.00	0.02	0.00	0.06	0.03	0.00	0.00	0.00	0.00	0.00
M1137I	0.33	0.33	0.25	0.33	0.33	0.02	0.00	0.02	0.26	0.26	0.26	0.26	0.08	0.03	0.03	0.33	0.21	0.04	0.12	0.06	0.25	0.00	0.00	0.00	0.00	0.02	0.00	0.00	0.00	0.00	0.00	0.00	0.00	0.08	0.06	0.26	0.02	0.00	0.00	0.00	0.01	0.00	0.00	0.01	0.03	0.02	0.02	0.00	0.00	0.02	0.00	0.00	0.00	0.00	0.00	0.00	0.00	0.00	0.00	0.00	0.00	0.00	0.03	0.00	0.02	0.02	0.00	0.00	0.00	0.00	0.00
M1137V	0.29	0.29	0.25	0.29	0.29	0.02	0.00	0.02	0.21	0.21	0.21	0.21	0.07	0.03	0.03	0.29	0.21	0.03	0.12	0.06	0.25	0.00	0.00	0.00	0.00	0.02	0.00	0.00	0.00	0.00	0.00	0.00	0.00	0.07	0.05	0.21	0.02	0.00	0.00	0.00	0.01	0.00	0.00	0.00	0.03	0.02	0.02	0.01	0.00	0.02	0.00	0.00	0.00	0.00	0.00	0.00	0.00	0.00	0.00	0.00	0.00	0.00	0.03	0.00	0.02	0.02	0.00	0.00	0.00	0.00	0.00
S1140G	0.35	0.35	0.25	0.35	0.35	0.01	0.00	0.01	0.11	0.11	0.11	0.11	0.06	0.04	0.05	0.35	0.20	0.03	0.16	0.17	0.25	0.00	0.00	0.00	0.00	0.01	0.00	0.00	0.00	0.00	0.00	0.00	0.00	0.06	0.05	0.11	0.01	0.00	0.00	0.00	0.01	0.00	0.00	0.00	0.04	0.02	0.02	0.00	0.00	0.00	0.00	0.00	0.00	0.00	0.00	0.00	0.00	0.00	0.00	0.00	0.00	0.00	0.05	0.00	0.04	0.01	0.00	0.00	0.00	0.00	0.00
S1147Y	0.54	0.54	0.25	0.54	0.54	0.03	0.00	0.03	0.37	0.37	0.37	0.37	0.14	0.18	0.25	0.54	0.23	0.06	0.25	0.17	0.23	0.00	0.00	0.00	0.00	0.03	0.00	0.00	0.00	0.04	0.00	0.00	0.00	0.14	0.13	0.37	0.06	0.00	0.00	0.00	0.00	0.00	0.00	0.12	0.11	0.05	0.06	0.18	0.00	0.02	0.00	0.00	0.00	0.00	0.00	0.00	0.00	0.00	0.00	0.00	0.00	0.00	0.02	0.00	0.25	0.05	0.00	0.05	0.00	0.00	0.00
D1155H	0.34	0.34	0.26	0.34	0.34	0.05	0.00	0.05	0.34	0.34	0.34	0.34	0.13	0.15	0.20	0.34	0.25	0.32	0.26	0.17	0.26	0.00	0.00	0.00	0.00	0.05	0.00	0.00	0.00	0.01	0.00	0.00	0.00	0.13	0.04	0.34	0.03	0.00	0.00	0.00	0.01	0.00	0.00	0.12	0.15	0.07	0.07	0.12	0.12	0.02	0.00	0.00	0.00	0.00	0.00	0.00	0.00	0.00	0.13	0.00	0.00	0.00	0.00	0.00	0.00	0.05	0.00	0.00	0.19	0.20	0.00
D1169Y	0.45	0.45	0.26	0.45	0.45	0.03	0.00	0.03	0.43	0.43	0.43	0.43	0.19	0.11	0.29	0.45	0.20	0.13	0.10	0.26	0.26	0.00	0.00	0.00	0.00	0.00	0.00	0.00	0.00	0.00	0.03	0.00	0.00	0.19	0.11	0.43	0.04	0.00	0.00	0.00	0.00	0.00	0.00	0.07	0.02	0.05	0.11	0.09	0.14	0.03	0.00	0.00	0.00	0.00	0.00	0.00	0.00	0.00	0.16	0.00	0.00	0.00	0.03	0.00	0.29	0.02	0.00	0.01	0.16	0.18	0.00
S1178N	0.34	0.34	0.26	0.34	0.34	0.03	0.00	0.03	0.26	0.26	0.26	0.26	0.09	0.02	0.21	0.34	0.17	0.05	0.13	0.26	0.23	0.00	0.00	0.00	0.00	0.00	0.00	0.00	0.00	0.00	0.03	0.00	0.00	0.09	0.07	0.26	0.01	0.00	0.00	0.00	0.00	0.00	0.00	0.01	0.00	0.01	0.02	0.00	0.18	0.00	0.00	0.00	0.00	0.00	0.00	0.00	0.00	0.00	0.21	0.00	0.00	0.00	0.01	0.00	0.18	0.03	0.00	0.00	0.17	0.14	0.00
K1183R	0.27	0.23	0.23	0.20	0.20	0.02	0.00	0.02	0.27	0.27	0.27	0.27	0.05	0.01	0.21	0.00	0.20	0.02	0.13	0.23	0.23	0.00	0.00	0.00	0.00	0.00	0.00	0.00	0.00	0.00	0.04	0.00	0.00	0.05	0.05	0.27	0.01	0.00	0.00	0.00	0.00	0.00	0.00	0.00	0.00	0.01	0.00	0.00	0.19	0.12	0.00	0.00	0.00	0.00	0.00	0.00	0.00	0.00	0.21	0.00	0.00	0.00	0.01	0.00	0.11	0.03	0.00	0.00	0.21	0.15	0.00
T1194I	0.39	0.39	0.24	0.39	0.39	0.01	0.00	0.01	0.29	0.29	0.29	0.29	0.05	0.03	0.25	0.39	0.22	0.00	0.24	0.11	0.16	0.00	0.00	0.00	0.00	0.00	0.00	0.00	0.00	0.00	0.08	0.00	0.00	0.00	0.05	0.29	0.00	0.00	0.00	0.00	0.00	0.00	0.00	0.00	0.03	0.00	0.00	0.00	0.00	0.00	0.00	0.00	0.00	0.00	0.00	0.00	0.00	0.00	0.00	0.00	0.00	0.00	0.02	0.00	0.25	0.02	0.00	0.00	0.00	0.00	0.00
T1196I	0.41	0.41	0.25	0.41	0.41	0.01	0.00	0.01	0.23	0.23	0.23	0.23	0.07	0.03	0.23	0.41	0.20	0.00	0.25	0.11	0.15	0.00	0.00	0.00	0.00	0.00	0.00	0.00	0.00	0.00	0.08	0.00	0.00	0.00	0.07	0.23	0.00	0.00	0.00	0.00	0.00	0.00	0.00	0.00	0.03	0.00	0.00	0.00	0.00	0.00	0.00	0.00	0.00	0.00	0.00	0.00	0.00	0.00	0.00	0.00	0.00	0.00	0.02	0.00	0.23	0.02	0.00	0.00	0.00	0.00	0.00
R1203Q	0.26	0.26	0.26	0.20	0.20	0.01	0.00	0.01	0.23	0.15	0.15	0.15	0.07	0.00	0.23	0.00	0.20	0.00	0.26	0.11	0.21	0.00	0.00	0.00	0.00	0.00	0.00	0.00	0.00	0.00	0.09	0.00	0.00	0.00	0.07	0.15	0.00	0.00	0.00	0.00	0.00	0.00	0.00	0.00	0.00	0.00	0.00	0.00	0.04	0.07	0.00	0.00	0.00	0.00	0.00	0.00	0.00	0.00	0.17	0.00	0.00	0.00	0.00	0.00	0.18	0.05	0.00	0.00	0.23	0.08	0.00
E1214K	0.25	0.25	0.25	0.25	0.25	0.02	0.00	0.02	0.22	0.16	0.16	0.16	0.04	0.02	0.22	0.12	0.25	0.02	0.18	0.09	0.25	0.00	0.00	0.00	0.00	0.00	0.00	0.00	0.00	0.00	0.05	0.00	0.00	0.04	0.04	0.16	0.01	0.00	0.00	0.00	0.00	0.00	0.00	0.02	0.00	0.00	0.00	0.00	0.08	0.02	0.00	0.00	0.00	0.00	0.00	0.00	0.00	0.00	0.12	0.00	0.00	0.00	0.01	0.00	0.22	0.02	0.00	0.00	0.12	0.19	0.00
E1222D	0.31	0.31	0.24	0.31	0.31	0.01	0.00	0.01	0.20	0.20	0.20	0.20	0.08	0.03	0.08	0.31	0.24	0.00	0.24	0.06	0.22	0.00	0.00	0.00	0.00	0.00	0.00	0.00	0.00	0.00	0.00	0.00	0.00	0.03	0.08	0.20	0.01	0.00	0.00	0.00	0.00	0.00	0.00	0.01	0.00	0.00	0.00	0.03	0.00	0.02	0.00	0.00	0.00	0.00	0.00	0.00	0.00	0.00	0.00	0.00	0.00	0.00	0.00	0.00	0.08	0.02	0.00	0.00	0.00	0.00	0.00
Q1227H	0.26	0.26	0.26	0.25	0.25	0.01	0.00	0.01	0.24	0.24	0.24	0.24	0.08	0.14	0.02	0.25	0.19	0.00	0.26	0.09	0.25	0.00	0.00	0.00	0.00	0.00	0.00	0.00	0.00	0.00	0.01	0.00	0.00	0.02	0.08	0.24	0.01	0.00	0.00	0.00	0.02	0.00	0.00	0.02	0.14	0.00	0.00	0.11	0.00	0.01	0.00	0.00	0.00	0.00	0.00	0.00	0.00	0.00	0.00	0.00	0.00	0.00	0.00	0.00	0.00	0.02	0.00	0.00	0.00	0.00	0.00
P1238L	0.33	0.33	0.26	0.33	0.33	0.02	0.00	0.02	0.17	0.11	0.11	0.11	0.09	0.01	0.17	0.33	0.19	0.00	0.16	0.15	0.26	0.00	0.00	0.00	0.00	0.00	0.00	0.00	0.00	0.00	0.04	0.00	0.00	0.02	0.09	0.11	0.01	0.00	0.00	0.00	0.00	0.00	0.00	0.00	0.00	0.00	0.00	0.00	0.09	0.17	0.00	0.00	0.00	0.00	0.00	0.00	0.00	0.00	0.01	0.00	0.00	0.00	0.04	0.00	0.11	0.03	0.00	0.00	0.07	0.04	0.00
V1247I	0.27	0.27	0.25	0.27	0.27	0.02	0.00	0.02	0.17	0.10	0.10	0.10	0.08	0.01	0.17	0.27	0.17	0.00	0.25	0.20	0.25	0.00	0.00	0.00	0.00	0.00	0.00	0.00	0.00	0.00	0.02	0.00	0.00	0.02	0.08	0.10	0.01	0.00	0.00	0.00	0.00	0.00	0.00	0.00	0.00	0.00	0.00	0.00	0.00	0.17	0.00	0.00	0.00	0.00	0.00	0.00	0.00	0.00	0.00	0.00	0.00	0.00	0.05	0.00	0.11	0.03	0.00	0.00	0.00	0.00	0.00
E1250K	0.26	0.26	0.26	0.26	0.26	0.05	0.00	0.02	0.13	0.10	0.10	0.10	0.07	0.01	0.13	0.26	0.20	0.01	0.26	0.21	0.23	0.00	0.00	0.00	0.00	0.00	0.00	0.00	0.00	0.00	0.03	0.00	0.00	0.02	0.07	0.10	0.00	0.00	0.00	0.00	0.00	0.00	0.00	0.00	0.00	0.00	0.00	0.00	0.07	0.03	0.00	0.00	0.00	0.00	0.00	0.00	0.00	0.00	0.04	0.00	0.00	0.00	0.04	0.00	0.12	0.02	0.00	0.00	0.11	0.13	0.00
S1266I	0.58	0.58	0.26	0.58	0.58	0.05	0.00	0.02	0.34	0.34	0.34	0.34	0.07	0.02	0.13	0.58	0.21	0.00	0.26	0.09	0.26	0.00	0.00	0.00	0.00	0.02	0.00	0.00	0.00	0.00	0.01	0.00	0.00	0.03	0.07	0.34	0.00	0.00	0.00	0.00	0.00	0.00	0.00	0.00	0.00	0.00	0.00	0.02	0.04	0.00	0.00	0.00	0.00	0.00	0.00	0.00	0.00	0.00	0.03	0.00	0.00	0.00	0.00	0.00	0.08	0.02	0.00	0.00	0.10	0.13	0.00
S1266T	0.32	0.32	0.26	0.32	0.32	0.08	0.00	0.02	0.24	0.24	0.24	0.24	0.06	0.01	0.13	0.32	0.19	0.00	0.26	0.09	0.26	0.00	0.00	0.00	0.00	0.01	0.00	0.00	0.00	0.00	0.01	0.00	0.00	0.03	0.06	0.24	0.00	0.00	0.00	0.00	0.00	0.00	0.00	0.00	0.00	0.00	0.00	0.01	0.02	0.00	0.00	0.00	0.00	0.00	0.00	0.00	0.00	0.00	0.03	0.00	0.00	0.00	0.00	0.00	0.08	0.02	0.00	0.00	0.10	0.13	0.00
A1279S	0.26	0.26	0.26	0.22	0.22	0.02	0.00	0.01	0.19	0.19	0.19	0.19	0.05	0.05	0.16	0.00	0.22	0.00	0.12	0.26	0.20	0.00	0.00	0.00	0.00	0.00	0.00	0.00	0.00	0.00	0.01	0.00	0.00	0.00	0.05	0.19	0.00	0.00	0.00	0.00	0.00	0.00	0.00	0.00	0.05	0.00	0.00	0.01	0.00	0.02	0.00	0.00	0.00	0.00	0.00	0.00	0.00	0.00	0.02	0.00	0.00	0.00	0.00	0.00	0.10	0.01	0.00	0.00	0.16	0.11	0.00
Q1281P	0.36	0.26	0.26	0.20	0.20	0.02	0.00	0.01	0.36	0.15	0.15	0.15	0.05	0.06	0.36	0.00	0.20	0.00	0.15	0.25	0.26	0.00	0.00	0.00	0.00	0.00	0.00	0.00	0.00	0.00	0.00	0.00	0.00	0.00	0.05	0.15	0.00	0.00	0.00	0.00	0.00	0.00	0.00	0.00	0.06	0.00	0.00	0.02	0.00	0.02	0.00	0.00	0.00	0.00	0.00	0.00	0.00	0.00	0.02	0.00	0.00	0.00	0.00	0.00	0.36	0.00	0.00	0.00	0.18	0.12	0.00
S1286T	0.25	0.25	0.25	0.19	0.19	0.01	0.00	0.01	0.15	0.09	0.09	0.09	0.05	0.05	0.15	0.00	0.19	0.00	0.15	0.25	0.24	0.00	0.00	0.00	0.00	0.00	0.00	0.00	0.00	0.00	0.00	0.00	0.00	0.00	0.05	0.09	0.00	0.00	0.00	0.00	0.00	0.00	0.00	0.00	0.05	0.00	0.00	0.01	0.00	0.02	0.00	0.00	0.00	0.00	0.00	0.00	0.00	0.00	0.02	0.00	0.00	0.00	0.02	0.00	0.05	0.00	0.00	0.00	0.15	0.05	0.00
Q1299R	0.26	0.26	0.26	0.17	0.17	0.01	0.00	0.01	0.17	0.14	0.14	0.14	0.06	0.01	0.17	0.10	0.17	0.00	0.26	0.20	0.20	0.00	0.00	0.00	0.00	0.01	0.00	0.00	0.00	0.00	0.00	0.00	0.00	0.02	0.06	0.14	0.01	0.00	0.00	0.00	0.00	0.00	0.00	0.00	0.00	0.00	0.00	0.00	0.00	0.17	0.00	0.00	0.00	0.00	0.00	0.00	0.00	0.00	0.00	0.00	0.00	0.00	0.01	0.00	0.07	0.03	0.00	0.00	0.00	0.00	0.00
S1301N	0.25	0.25	0.25	0.23	0.23	0.02	0.00	0.02	0.13	0.13	0.13	0.13	0.07	0.02	0.09	0.23	0.17	0.00	0.25	0.16	0.20	0.00	0.00	0.00	0.00	0.01	0.00	0.00	0.00	0.00	0.00	0.00	0.00	0.02	0.07	0.13	0.01	0.00	0.00	0.00	0.00	0.00	0.00	0.00	0.00	0.00	0.00	0.02	0.00	0.09	0.00	0.00	0.00	0.00	0.00	0.00	0.00	0.00	0.00	0.00	0.00	0.00	0.01	0.00	0.04	0.04	0.00	0.00	0.00	0.00	0.00
I1318V	0.26	0.25	0.25	0.18	0.18	0.03	0.00	0.03	0.26	0.26	0.26	0.26	0.03	0.01	0.13	0.02	0.18	0.00	0.25	0.17	0.25	0.00	0.00	0.00	0.00	0.00	0.00	0.00	0.00	0.00	0.02	0.00	0.00	0.00	0.03	0.26	0.00	0.00	0.00	0.00	0.00	0.00	0.00	0.00	0.00	0.00	0.00	0.00	0.03	0.00	0.00	0.00	0.00	0.00	0.00	0.00	0.00	0.00	0.04	0.00	0.00	0.00	0.00	0.00	0.08	0.02	0.00	0.00	0.13	0.09	0.00
G1332V	0.26	0.26	0.26	0.22	0.22	0.02	0.00	0.02	0.26	0.12	0.12	0.12	0.03	0.00	0.26	0.00	0.22	0.00	0.14	0.18	0.26	0.00	0.00	0.00	0.00	0.00	0.00	0.00	0.00	0.00	0.02	0.00	0.00	0.00	0.03	0.12	0.00	0.00	0.00	0.00	0.00	0.00	0.00	0.00	0.00	0.00	0.00	0.00	0.00	0.04	0.00	0.00	0.00	0.00	0.00	0.00	0.00	0.00	0.00	0.00	0.00	0.00	0.00	0.00	0.26	0.10	0.00	0.00	0.00	0.00	0.00
E1339G	0.27	0.27	0.27	0.23	0.23	0.02	0.00	0.02	0.26	0.17	0.17	0.17	0.02	0.06	0.26	0.00	0.23	0.02	0.17	0.14	0.27	0.00	0.00	0.00	0.00	0.02	0.00	0.00	0.00	0.00	0.01	0.00	0.00	0.01	0.02	0.17	0.00	0.00	0.00	0.00	0.00	0.00	0.00	0.02	0.06	0.00	0.02	0.00	0.08	0.05	0.00	0.00	0.00	0.00	0.00	0.00	0.00	0.00	0.06	0.00	0.00	0.00	0.02	0.00	0.25	0.10	0.00	0.00	0.26	0.20	0.00
R1347G	0.30	0.30	0.27	0.30	0.30	0.02	0.00	0.02	0.26	0.16	0.16	0.16	0.03	0.07	0.26	0.00	0.30	0.05	0.26	0.12	0.27	0.00	0.00	0.00	0.00	0.01	0.00	0.00	0.00	0.00	0.00	0.00	0.00	0.03	0.03	0.16	0.00	0.00	0.00	0.00	0.00	0.00	0.00	0.04	0.07	0.03	0.05	0.02	0.00	0.11	0.00	0.00	0.00	0.00	0.00	0.00	0.00	0.00	0.02	0.00	0.00	0.00	0.02	0.00	0.26	0.10	0.00	0.00	0.00	0.00	0.00
T1349M	0.26	0.26	0.26	0.25	0.25	0.02	0.00	0.02	0.19	0.19	0.19	0.19	0.03	0.06	0.10	0.00	0.25	0.05	0.26	0.08	0.25	0.00	0.00	0.00	0.00	0.01	0.00	0.00	0.00	0.01	0.00	0.00	0.00	0.03	0.03	0.19	0.00	0.00	0.00	0.00	0.00	0.00	0.00	0.04	0.06	0.02	0.05	0.02	0.00	0.10	0.00	0.00	0.00	0.00	0.00	0.00	0.00	0.00	0.02	0.00	0.00	0.00	0.02	0.00	0.09	0.10	0.00	0.00	0.00	0.00	0.00
T1349R	0.27	0.27	0.27	0.25	0.25	0.02	0.00	0.02	0.16	0.16	0.16	0.16	0.03	0.06	0.14	0.00	0.25	0.05	0.27	0.08	0.26	0.00	0.00	0.00	0.00	0.02	0.00	0.00	0.00	0.01	0.00	0.00	0.00	0.03	0.03	0.16	0.01	0.00	0.00	0.00	0.00	0.00	0.00	0.04	0.06	0.03	0.05	0.02	0.00	0.14	0.00	0.00	0.00	0.00	0.00	0.00	0.00	0.00	0.03	0.00	0.00	0.00	0.02	0.00	0.09	0.10	0.00	0.00	0.00	0.00	0.00
N1355D	0.26	0.26	0.26	0.25	0.25	0.01	0.00	0.01	0.21	0.14	0.14	0.14	0.05	0.06	0.21	0.00	0.25	0.05	0.26	0.11	0.26	0.00	0.00	0.00	0.00	0.01	0.00	0.00	0.00	0.01	0.00	0.00	0.00	0.05	0.02	0.14	0.01	0.00	0.00	0.00	0.00	0.00	0.00	0.04	0.02	0.04	0.06	0.02	0.00	0.03	0.00	0.00	0.00	0.00	0.00	0.00	0.00	0.00	0.00	0.00	0.00	0.00	0.00	0.00	0.21	0.04	0.00	0.00	0.00	0.00	0.00
M1361L	0.25	0.25	0.25	0.24	0.24	0.01	0.00	0.01	0.21	0.17	0.17	0.17	0.06	0.04	0.21	0.00	0.24	0.03	0.25	0.10	0.25	0.00	0.00	0.00	0.00	0.01	0.00	0.00	0.00	0.01	0.00	0.00	0.00	0.06	0.03	0.17	0.00	0.00	0.00	0.00	0.00	0.00	0.00	0.04	0.01	0.04	0.03	0.02	0.00	0.03	0.00	0.00	0.00	0.00	0.00	0.00	0.00	0.00	0.00	0.00	0.00	0.00	0.00	0.00	0.21	0.07	0.00	0.00	0.00	0.00	0.00
S1363L	0.26	0.26	0.26	0.23	0.23	0.01	0.00	0.01	0.21	0.17	0.17	0.17	0.05	0.04	0.21	0.00	0.23	0.02	0.25	0.17	0.26	0.00	0.00	0.00	0.00	0.01	0.00	0.00	0.00	0.01	0.00	0.00	0.00	0.05	0.03	0.17	0.00	0.00	0.00	0.00	0.00	0.00	0.00	0.04	0.01	0.04	0.03	0.02	0.00	0.03	0.00	0.00	0.00	0.00	0.00	0.00	0.00	0.00	0.00	0.00	0.00	0.00	0.00	0.00	0.21	0.06	0.00	0.00	0.00	0.00	0.00
D1398G	0.82	0.82	0.24	0.26	0.26	0.82	0.00	0.06	0.30	0.30	0.30	0.30	0.08	0.08	0.11	0.26	0.17	0.02	0.24	0.08	0.18	0.00	0.00	0.00	0.00	0.06	0.00	0.00	0.00	0.00	0.06	0.00	0.00	0.07	0.08	0.30	0.02	0.00	0.00	0.00	0.04	0.00	0.00	0.00	0.08	0.01	0.00	0.06	0.00	0.08	0.00	0.00	0.00	0.00	0.00	0.00	0.00	0.00	0.03	0.00	0.00	0.00	0.11	0.00	0.05	0.05	0.00	0.00	0.00	0.00	0.00
H1402Y	0.41	0.41	0.23	0.41	0.41	0.05	0.00	0.04	0.38	0.38	0.38	0.38	0.18	0.08	0.12	0.41	0.16	0.02	0.23	0.02	0.10	0.00	0.00	0.00	0.00	0.04	0.00	0.00	0.00	0.00	0.03	0.00	0.00	0.10	0.18	0.38	0.03	0.00	0.00	0.00	0.03	0.00	0.00	0.00	0.08	0.00	0.00	0.06	0.06	0.09	0.00	0.00	0.00	0.00	0.00	0.00	0.00	0.00	0.07	0.00	0.00	0.00	0.02	0.00	0.08	0.06	0.00	0.01	0.12	0.11	0.00
E1415Q	0.23	0.23	0.22	0.23	0.23	0.13	0.00	0.01	0.23	0.23	0.23	0.23	0.06	0.03	0.03	0.23	0.16	0.02	0.22	0.02	0.15	0.00	0.00	0.00	0.00	0.00	0.00	0.00	0.00	0.00	0.01	0.00	0.00	0.03	0.06	0.23	0.00	0.00	0.00	0.00	0.00	0.00	0.00	0.01	0.01	0.01	0.00	0.03	0.00	0.03	0.00	0.00	0.00	0.00	0.00	0.00	0.00	0.00	0.00	0.00	0.00	0.00	0.00	0.00	0.00	0.00	0.00	0.00	0.00	0.00	0.00
L1418S	0.78	0.78	0.25	0.29	0.29	0.78	0.00	0.01	0.14	0.14	0.14	0.14	0.06	0.03	0.08	0.29	0.21	0.02	0.22	0.03	0.25	0.00	0.00	0.00	0.00	0.00	0.00	0.00	0.00	0.00	0.00	0.00	0.00	0.04	0.06	0.14	0.02	0.00	0.00	0.00	0.00	0.00	0.00	0.01	0.02	0.02	0.02	0.03	0.00	0.03	0.00	0.00	0.00	0.00	0.00	0.00	0.00	0.00	0.00	0.00	0.00	0.00	0.02	0.00	0.08	0.00	0.00	0.00	0.00	0.00	0.00
E1419Q	0.90	0.90	0.26	0.22	0.22	0.90	0.00	0.01	0.13	0.13	0.13	0.13	0.06	0.02	0.10	0.21	0.22	0.01	0.22	0.03	0.26	0.00	0.00	0.00	0.00	0.00	0.00	0.00	0.00	0.00	0.00	0.00	0.00	0.03	0.06	0.13	0.01	0.00	0.00	0.00	0.00	0.00	0.00	0.01	0.02	0.02	0.01	0.02	0.00	0.02	0.00	0.00	0.00	0.00	0.00	0.00	0.00	0.00	0.00	0.00	0.00	0.00	0.01	0.00	0.08	0.00	0.00	0.00	0.00	0.00	0.00
G1422E	0.31	0.31	0.25	0.22	0.22	0.31	0.00	0.01	0.13	0.13	0.13	0.13	0.06	0.03	0.12	0.13	0.22	0.00	0.23	0.03	0.25	0.00	0.00	0.00	0.00	0.00	0.00	0.00	0.00	0.00	0.00	0.00	0.00	0.02	0.06	0.13	0.02	0.00	0.00	0.00	0.00	0.00	0.00	0.02	0.02	0.02	0.01	0.03	0.00	0.06	0.00	0.00	0.00	0.00	0.00	0.00	0.00	0.00	0.00	0.00	0.00	0.00	0.01	0.00	0.09	0.03	0.00	0.00	0.00	0.00	0.00
S1431F	0.36	0.36	0.27	0.36	0.36	0.01	0.00	0.01	0.35	0.35	0.35	0.35	0.13	0.01	0.20	0.36	0.22	0.00	0.09	0.16	0.27	0.00	0.00	0.00	0.00	0.00	0.00	0.00	0.00	0.00	0.00	0.00	0.00	0.02	0.13	0.35	0.02	0.00	0.00	0.00	0.00	0.00	0.00	0.00	0.00	0.00	0.01	0.00	0.00	0.00	0.00	0.00	0.00	0.00	0.00	0.00	0.00	0.00	0.00	0.00	0.00	0.00	0.03	0.00	0.20	0.12	0.00	0.01	0.00	0.00	0.00
E1440G	0.27	0.27	0.27	0.19	0.19	0.02	0.00	0.02	0.26	0.26	0.26	0.26	0.05	0.01	0.12	0.00	0.19	0.01	0.27	0.13	0.26	0.00	0.00	0.00	0.00	0.02	0.00	0.00	0.00	0.00	0.00	0.00	0.00	0.03	0.05	0.26	0.01	0.00	0.00	0.00	0.00	0.00	0.00	0.00	0.01	0.01	0.01	0.00	0.00	0.12	0.00	0.00	0.00	0.00	0.00	0.00	0.00	0.00	0.00	0.00	0.00	0.00	0.02	0.00	0.11	0.09	0.00	0.00	0.00	0.00	0.00
P1445T	0.26	0.26	0.26	0.22	0.22	0.02	0.00	0.02	0.26	0.26	0.26	0.26	0.05	0.02	0.13	0.00	0.22	0.02	0.26	0.07	0.23	0.00	0.00	0.00	0.00	0.01	0.00	0.00	0.00	0.00	0.01	0.00	0.00	0.03	0.05	0.26	0.01	0.00	0.00	0.00	0.00	0.00	0.00	0.00	0.01	0.01	0.02	0.00	0.00	0.11	0.00	0.00	0.00	0.00	0.00	0.00	0.00	0.00	0.00	0.00	0.00	0.00	0.04	0.00	0.13	0.06	0.00	0.00	0.00	0.00	0.00
S1460N	0.26	0.26	0.26	0.24	0.24	0.01	0.00	0.01	0.23	0.23	0.23	0.23	0.08	0.00	0.23	0.00	0.24	0.00	0.18	0.26	0.22	0.00	0.00	0.00	0.00	0.00	0.00	0.00	0.00	0.00	0.01	0.00	0.00	0.01	0.08	0.23	0.00	0.00	0.00	0.00	0.00	0.00	0.00	0.00	0.00	0.00	0.00	0.00	0.04	0.04	0.00	0.00	0.00	0.00	0.00	0.00	0.00	0.00	0.09	0.00	0.00	0.00	0.05	0.00	0.23	0.05	0.00	0.00	0.13	0.16	0.00
N1468H	0.25	0.24	0.24	0.20	0.20	0.01	0.00	0.01	0.25	0.25	0.25	0.25	0.08	0.00	0.23	0.00	0.20	0.00	0.24	0.11	0.23	0.00	0.00	0.00	0.00	0.00	0.00	0.00	0.00	0.00	0.00	0.00	0.00	0.00	0.08	0.25	0.00	0.00	0.00	0.00	0.00	0.00	0.00	0.00	0.00	0.00	0.00	0.00	0.00	0.04	0.00	0.00	0.00	0.00	0.00	0.00	0.00	0.00	0.00	0.00	0.00	0.00	0.05	0.00	0.23	0.00	0.00	0.00	0.00	0.00	0.00
T1485I	0.32	0.28	0.25	0.28	0.28	0.02	0.00	0.02	0.32	0.24	0.24	0.24	0.05	0.01	0.32	0.00	0.28	0.00	0.13	0.11	0.25	0.00	0.00	0.00	0.00	0.00	0.00	0.00	0.00	0.00	0.01	0.00	0.00	0.01	0.05	0.24	0.01	0.00	0.00	0.00	0.00	0.00	0.00	0.00	0.00	0.00	0.00	0.00	0.06	0.03	0.00	0.00	0.00	0.00	0.00	0.00	0.00	0.00	0.16	0.00	0.00	0.00	0.03	0.00	0.32	0.15	0.00	0.00	0.18	0.19	0.00
K1487R	0.28	0.28	0.25	0.28	0.28	0.02	0.00	0.02	0.24	0.11	0.11	0.11	0.05	0.01	0.24	0.00	0.28	0.00	0.13	0.11	0.25	0.00	0.00	0.00	0.00	0.00	0.00	0.00	0.00	0.00	0.01	0.00	0.00	0.01	0.05	0.11	0.01	0.00	0.00	0.00	0.00	0.00	0.00	0.00	0.00	0.00	0.00	0.00	0.04	0.21	0.00	0.00	0.00	0.00	0.00	0.00	0.00	0.00	0.16	0.00	0.00	0.00	0.04	0.00	0.22	0.15	0.00	0.00	0.18	0.24	0.00
R1495T	0.30	0.25	0.25	0.23	0.23	0.02	0.00	0.02	0.30	0.18	0.18	0.18	0.05	0.01	0.30	0.00	0.23	0.00	0.13	0.11	0.25	0.00	0.00	0.00	0.00	0.00	0.00	0.00	0.00	0.00	0.01	0.00	0.00	0.03	0.05	0.18	0.02	0.00	0.00	0.00	0.00	0.00	0.00	0.00	0.00	0.00	0.00	0.00	0.02	0.14	0.00	0.00	0.00	0.00	0.00	0.00	0.00	0.00	0.05	0.00	0.00	0.00	0.03	0.00	0.30	0.08	0.00	0.00	0.15	0.09	0.00
P1502S	0.26	0.24	0.24	0.23	0.23	0.02	0.00	0.02	0.26	0.18	0.18	0.18	0.07	0.01	0.26	0.07	0.23	0.00	0.16	0.19	0.24	0.00	0.00	0.00	0.00	0.00	0.00	0.00	0.00	0.00	0.04	0.00	0.00	0.01	0.07	0.18	0.00	0.00	0.00	0.00	0.00	0.00	0.00	0.00	0.00	0.00	0.00	0.00	0.02	0.07	0.00	0.00	0.00	0.00	0.00	0.00	0.00	0.00	0.05	0.00	0.00	0.00	0.00	0.00	0.26	0.09	0.00	0.00	0.15	0.08	0.00
S1512I	0.56	0.56	0.27	0.56	0.56	0.01	0.00	0.01	0.29	0.29	0.29	0.29	0.19	0.02	0.18	0.56	0.19	0.00	0.11	0.22	0.27	0.00	0.00	0.00	0.00	0.00	0.00	0.00	0.00	0.00	0.04	0.00	0.00	0.00	0.19	0.29	0.00	0.00	0.00	0.00	0.00	0.00	0.00	0.00	0.00	0.00	0.00	0.02	0.00	0.07	0.00	0.00	0.00	0.00	0.00	0.00	0.00	0.00	0.00	0.00	0.00	0.00	0.00	0.00	0.18	0.07	0.00	0.04	0.00	0.00	0.00
S1514F	0.55	0.55	0.27	0.55	0.55	0.01	0.00	0.01	0.26	0.26	0.26	0.26	0.12	0.02	0.19	0.55	0.20	0.00	0.11	0.20	0.27	0.00	0.00	0.00	0.00	0.00	0.00	0.00	0.00	0.00	0.03	0.00	0.00	0.00	0.12	0.26	0.00	0.00	0.00	0.00	0.00	0.00	0.00	0.00	0.00	0.00	0.00	0.02	0.00	0.00	0.00	0.00	0.00	0.00	0.00	0.00	0.00	0.00	0.00	0.00	0.00	0.00	0.00	0.00	0.19	0.06	0.00	0.04	0.00	0.00	0.00
Q1518E	0.26	0.26	0.25	0.26	0.26	0.01	0.00	0.01	0.24	0.24	0.24	0.24	0.09	0.00	0.12	0.26	0.19	0.00	0.11	0.09	0.25	0.00	0.00	0.00	0.00	0.00	0.00	0.00	0.00	0.00	0.03	0.00	0.00	0.02	0.09	0.24	0.00	0.00	0.00	0.00	0.00	0.00	0.00	0.00	0.00	0.00	0.00	0.00	0.00	0.08	0.00	0.00	0.00	0.00	0.00	0.00	0.00	0.00	0.00	0.00	0.00	0.00	0.00	0.00	0.12	0.02	0.00	0.00	0.00	0.00	0.00
P1523L	0.40	0.40	0.29	0.40	0.40	0.01	0.00	0.01	0.33	0.33	0.33	0.33	0.10	0.01	0.21	0.40	0.20	0.02	0.29	0.09	0.26	0.00	0.00	0.00	0.00	0.00	0.00	0.00	0.00	0.00	0.02	0.00	0.00	0.02	0.10	0.33	0.00	0.00	0.00	0.00	0.00	0.00	0.00	0.00	0.00	0.00	0.00	0.00	0.00	0.08	0.00	0.00	0.00	0.00	0.00	0.00	0.00	0.00	0.00	0.00	0.00	0.00	0.01	0.00	0.21	0.02	0.00	0.00	0.00	0.00	0.00
Q1525R	0.27	0.27	0.27	0.26	0.26	0.01	0.00	0.01	0.25	0.25	0.25	0.25	0.09	0.01	0.18	0.26	0.19	0.02	0.27	0.07	0.25	0.00	0.00	0.00	0.00	0.00	0.00	0.00	0.00	0.00	0.03	0.00	0.00	0.02	0.09	0.25	0.00	0.00	0.00	0.00	0.00	0.00	0.00	0.00	0.00	0.00	0.00	0.00	0.05	0.16	0.00	0.00	0.00	0.00	0.00	0.00	0.00	0.00	0.03	0.00	0.00	0.00	0.01	0.00	0.16	0.02	0.00	0.00	0.18	0.10	0.00
V1534M	0.33	0.33	0.28	0.33	0.33	0.02	0.00	0.02	0.18	0.11	0.11	0.11	0.06	0.03	0.18	0.33	0.21	0.02	0.28	0.07	0.22	0.00	0.00	0.00	0.00	0.00	0.00	0.00	0.00	0.00	0.00	0.00	0.00	0.02	0.06	0.11	0.00	0.00	0.00	0.00	0.00	0.00	0.00	0.03	0.00	0.00	0.00	0.00	0.04	0.02	0.00	0.00	0.00	0.00	0.00	0.00	0.00	0.00	0.03	0.00	0.00	0.00	0.00	0.00	0.00	0.06	0.00	0.00	0.18	0.10	0.00
L1539P	0.92	0.92	0.26	0.42	0.42	0.92	0.00	0.02	0.07	0.07	0.07	0.07	0.05	0.03	0.05	0.42	0.30	0.03	0.26	0.05	0.25	0.00	0.00	0.00	0.00	0.00	0.00	0.00	0.00	0.00	0.00	0.00	0.00	0.02	0.05	0.07	0.02	0.00	0.00	0.00	0.00	0.00	0.00	0.03	0.00	0.01	0.01	0.00	0.00	0.05	0.00	0.00	0.00	0.00	0.00	0.00	0.00	0.00	0.00	0.00	0.00	0.00	0.03	0.00	0.05	0.02	0.00	0.00	0.00	0.00	0.00
P1544L	0.34	0.34	0.29	0.34	0.34	0.02	0.00	0.02	0.12	0.12	0.12	0.12	0.04	0.03	0.05	0.34	0.24	0.03	0.29	0.08	0.27	0.00	0.00	0.00	0.00	0.00	0.00	0.00	0.00	0.00	0.00	0.00	0.00	0.02	0.04	0.12	0.02	0.00	0.00	0.00	0.00	0.00	0.00	0.00	0.03	0.00	0.01	0.00	0.00	0.04	0.00	0.00	0.00	0.00	0.00	0.00	0.00	0.00	0.00	0.00	0.00	0.00	0.02	0.00	0.05	0.03	0.00	0.00	0.00	0.00	0.00
D1546N	0.27	0.27	0.27	0.22	0.22	0.02	0.00	0.02	0.11	0.11	0.11	0.11	0.04	0.03	0.06	0.12	0.22	0.03	0.27	0.09	0.25	0.00	0.00	0.00	0.00	0.00	0.00	0.00	0.00	0.00	0.00	0.00	0.00	0.03	0.04	0.11	0.02	0.00	0.00	0.00	0.00	0.00	0.00	0.00	0.03	0.00	0.01	0.00	0.00	0.04	0.00	0.00	0.00	0.00	0.00	0.00	0.00	0.00	0.00	0.00	0.00	0.00	0.03	0.00	0.06	0.03	0.00	0.00	0.00	0.00	0.00
D1546Y	0.40	0.40	0.26	0.40	0.40	0.02	0.00	0.02	0.16	0.16	0.16	0.16	0.14	0.03	0.13	0.40	0.23	0.03	0.26	0.09	0.25	0.00	0.00	0.00	0.00	0.00	0.00	0.00	0.00	0.00	0.00	0.00	0.00	0.02	0.14	0.16	0.02	0.00	0.00	0.00	0.00	0.00	0.00	0.00	0.03	0.00	0.01	0.00	0.00	0.04	0.00	0.00	0.00	0.00	0.00	0.00	0.00	0.00	0.00	0.00	0.00	0.00	0.03	0.00	0.13	0.03	0.00	0.02	0.00	0.00	0.00
D1557G	0.27	0.26	0.26	0.18	0.18	0.01	0.00	0.01	0.27	0.27	0.27	0.27	0.10	0.01	0.21	0.00	0.18	0.00	0.21	0.16	0.26	0.00	0.00	0.00	0.00	0.00	0.00	0.00	0.00	0.00	0.00	0.00	0.00	0.01	0.10	0.27	0.00	0.00	0.00	0.00	0.00	0.00	0.00	0.00	0.00	0.00	0.00	0.00	0.00	0.13	0.00	0.00	0.00	0.00	0.00	0.00	0.00	0.00	0.00	0.00	0.00	0.00	0.04	0.00	0.21	0.05	0.00	0.01	0.00	0.00	0.00
E1559K	0.28	0.24	0.24	0.17	0.17	0.01	0.00	0.01	0.28	0.26	0.26	0.26	0.06	0.01	0.28	0.00	0.17	0.01	0.11	0.16	0.24	0.00	0.00	0.00	0.00	0.00	0.00	0.00	0.00	0.00	0.00	0.00	0.00	0.01	0.06	0.26	0.00	0.00	0.00	0.00	0.00	0.00	0.00	0.00	0.00	0.00	0.00	0.00	0.04	0.12	0.00	0.00	0.00	0.00	0.00	0.00	0.00	0.00	0.06	0.00	0.00	0.00	0.04	0.00	0.28	0.05	0.00	0.02	0.14	0.11	0.00
E1559Q	0.26	0.24	0.24	0.17	0.17	0.01	0.00	0.01	0.26	0.26	0.26	0.26	0.07	0.01	0.24	0.00	0.17	0.01	0.11	0.16	0.24	0.00	0.00	0.00	0.00	0.00	0.00	0.00	0.00	0.00	0.00	0.00	0.00	0.01	0.07	0.26	0.00	0.00	0.00	0.00	0.00	0.00	0.00	0.00	0.00	0.00	0.00	0.00	0.00	0.12	0.00	0.00	0.00	0.00	0.00	0.00	0.00	0.00	0.00	0.00	0.00	0.00	0.04	0.00	0.24	0.05	0.00	0.02	0.00	0.00	0.00
L1564P	0.43	0.26	0.26	0.22	0.22	0.01	0.00	0.01	0.43	0.43	0.43	0.43	0.06	0.02	0.30	0.00	0.22	0.02	0.11	0.24	0.26	0.00	0.00	0.00	0.00	0.00	0.00	0.00	0.00	0.00	0.00	0.00	0.00	0.03	0.06	0.43	0.00	0.00	0.00	0.00	0.00	0.00	0.00	0.01	0.00	0.00	0.02	0.01	0.00	0.03	0.00	0.00	0.00	0.00	0.00	0.00	0.00	0.00	0.00	0.00	0.00	0.00	0.11	0.00	0.30	0.06	0.00	0.03	0.00	0.00	0.00
S1595P	0.25	0.25	0.25	0.20	0.20	0.02	0.00	0.02	0.17	0.15	0.15	0.15	0.05	0.01	0.17	0.00	0.20	0.00	0.19	0.18	0.25	0.00	0.00	0.00	0.00	0.00	0.00	0.00	0.00	0.00	0.05	0.00	0.00	0.02	0.05	0.15	0.00	0.00	0.00	0.00	0.00	0.00	0.00	0.00	0.00	0.00	0.00	0.00	0.00	0.00	0.00	0.00	0.00	0.00	0.00	0.00	0.00	0.00	0.00	0.00	0.00	0.00	0.17	0.00	0.17	0.02	0.00	0.00	0.00	0.00	0.00
S1613G	0.26	0.26	0.25	0.26	0.26	0.09	0.00	0.09	0.20	0.20	0.20	0.20	0.16	0.18	0.18	0.26	0.20	0.09	0.21	0.23	0.25	0.00	0.00	0.00	0.00	0.09	0.00	0.00	0.00	0.00	0.02	0.00	0.00	0.16	0.11	0.20	0.00	0.00	0.00	0.00	0.03	0.00	0.00	0.08	0.14	0.07	0.05	0.18	0.00	0.05	0.00	0.00	0.00	0.00	0.00	0.00	0.00	0.00	0.00	0.00	0.00	0.00	0.07	0.00	0.18	0.03	0.00	0.00	0.00	0.00	0.00
P1614L	0.41	0.41	0.26	0.41	0.41	0.09	0.00	0.09	0.27	0.27	0.27	0.27	0.17	0.20	0.17	0.41	0.22	0.10	0.22	0.20	0.26	0.00	0.00	0.00	0.00	0.09	0.00	0.00	0.00	0.01	0.03	0.00	0.00	0.17	0.10	0.27	0.00	0.00	0.00	0.00	0.03	0.00	0.00	0.08	0.14	0.08	0.05	0.20	0.00	0.06	0.00	0.00	0.00	0.00	0.00	0.00	0.00	0.00	0.00	0.00	0.00	0.00	0.16	0.00	0.17	0.04	0.00	0.00	0.00	0.00	0.00
P1614S	0.25	0.25	0.25	0.21	0.21	0.09	0.00	0.09	0.22	0.20	0.20	0.20	0.17	0.22	0.18	0.00	0.21	0.10	0.21	0.20	0.25	0.00	0.00	0.00	0.00	0.09	0.00	0.00	0.00	0.00	0.03	0.00	0.00	0.17	0.09	0.20	0.00	0.00	0.00	0.00	0.03	0.00	0.00	0.08	0.14	0.07	0.07	0.22	0.00	0.05	0.00	0.00	0.00	0.00	0.00	0.00	0.00	0.00	0.00	0.00	0.00	0.00	0.15	0.00	0.18	0.03	0.00	0.00	0.00	0.00	0.00
Y1625C	0.45	0.29	0.25	0.18	0.18	0.29	0.00	0.04	0.45	0.27	0.27	0.27	0.19	0.12	0.45	0.03	0.18	0.04	0.15	0.25	0.23	0.00	0.00	0.00	0.00	0.04	0.00	0.00	0.00	0.00	0.00	0.00	0.00	0.19	0.09	0.27	0.00	0.00	0.00	0.00	0.03	0.00	0.00	0.07	0.12	0.06	0.08	0.03	0.00	0.03	0.00	0.00	0.00	0.00	0.00	0.00	0.00	0.00	0.00	0.00	0.00	0.00	0.15	0.00	0.45	0.05	0.00	0.00	0.00	0.00	0.00
M1628I	0.62	0.62	0.24	0.32	0.32	0.62	0.00	0.03	0.34	0.34	0.34	0.34	0.12	0.04	0.27	0.32	0.19	0.04	0.14	0.24	0.23	0.00	0.00	0.00	0.00	0.02	0.00	0.00	0.00	0.00	0.01	0.00	0.00	0.12	0.10	0.34	0.00	0.00	0.00	0.00	0.00	0.00	0.00	0.03	0.00	0.04	0.02	0.00	0.00	0.02	0.00	0.00	0.00	0.00	0.00	0.00	0.00	0.00	0.00	0.00	0.00	0.00	0.02	0.00	0.27	0.06	0.00	0.00	0.00	0.00	0.00
M1628T	0.29	0.29	0.24	0.20	0.20	0.29	0.00	0.03	0.26	0.25	0.25	0.25	0.12	0.04	0.26	0.00	0.20	0.04	0.14	0.24	0.23	0.00	0.00	0.00	0.00	0.03	0.00	0.00	0.00	0.00	0.01	0.00	0.00	0.12	0.09	0.25	0.00	0.00	0.00	0.00	0.00	0.00	0.00	0.02	0.00	0.04	0.02	0.00	0.00	0.02	0.00	0.00	0.00	0.00	0.00	0.00	0.00	0.00	0.00	0.00	0.00	0.00	0.02	0.00	0.26	0.05	0.00	0.00	0.00	0.00	0.00
P1637L	0.51	0.51	0.25	0.39	0.39	0.51	0.00	0.02	0.28	0.28	0.28	0.28	0.05	0.01	0.25	0.39	0.22	0.01	0.12	0.18	0.25	0.00	0.00	0.00	0.00	0.00	0.00	0.00	0.00	0.00	0.09	0.00	0.00	0.02	0.05	0.28	0.00	0.00	0.00	0.00	0.00	0.00	0.00	0.00	0.00	0.00	0.01	0.00	0.05	0.13	0.00	0.00	0.00	0.00	0.00	0.00	0.00	0.00	0.11	0.00	0.00	0.00	0.04	0.00	0.17	0.02	0.00	0.00	0.25	0.16	0.00
E1644G	0.35	0.35	0.25	0.35	0.35	0.23	0.00	0.04	0.21	0.21	0.21	0.21	0.11	0.01	0.18	0.35	0.15	0.02	0.19	0.22	0.25	0.00	0.00	0.00	0.00	0.02	0.00	0.00	0.00	0.00	0.21	0.00	0.00	0.11	0.07	0.21	0.03	0.00	0.00	0.00	0.00	0.00	0.00	0.00	0.00	0.01	0.01	0.00	0.10	0.16	0.00	0.00	0.00	0.00	0.00	0.00	0.00	0.00	0.14	0.00	0.00	0.00	0.04	0.00	0.18	0.04	0.00	0.00	0.17	0.12	0.00
S1651P	0.28	0.28	0.24	0.28	0.28	0.04	0.00	0.04	0.20	0.20	0.20	0.20	0.11	0.02	0.18	0.28	0.15	0.02	0.09	0.24	0.24	0.00	0.00	0.00	0.00	0.02	0.00	0.00	0.00	0.00	0.13	0.00	0.00	0.11	0.07	0.20	0.07	0.00	0.00	0.00	0.00	0.00	0.00	0.02	0.00	0.02	0.02	0.00	0.08	0.17	0.00	0.00	0.00	0.00	0.00	0.00	0.00	0.00	0.12	0.00	0.00	0.00	0.02	0.00	0.09	0.03	0.00	0.00	0.18	0.12	0.00
M1652I	0.34	0.34	0.26	0.34	0.34	0.04	0.00	0.04	0.24	0.24	0.24	0.24	0.11	0.03	0.16	0.34	0.15	0.02	0.07	0.26	0.23	0.00	0.00	0.00	0.00	0.03	0.00	0.00	0.00	0.00	0.13	0.00	0.00	0.11	0.09	0.24	0.08	0.00	0.00	0.00	0.00	0.00	0.00	0.02	0.00	0.02	0.03	0.00	0.09	0.15	0.00	0.00	0.00	0.00	0.00	0.00	0.00	0.00	0.12	0.00	0.00	0.00	0.02	0.00	0.08	0.03	0.00	0.00	0.16	0.12	0.00
M1652T	0.36	0.36	0.25	0.36	0.27	0.04	0.00	0.04	0.21	0.21	0.21	0.21	0.12	0.03	0.16	0.27	0.14	0.02	0.07	0.25	0.22	0.00	0.00	0.00	0.00	0.03	0.00	0.00	0.00	0.00	0.12	0.00	0.00	0.12	0.08	0.21	0.07	0.00	0.00	0.00	0.00	0.00	0.00	0.02	0.00	0.02	0.03	0.00	0.09	0.15	0.00	0.00	0.00	0.00	0.00	0.00	0.00	0.00	0.13	0.00	0.00	0.00	0.03	0.00	0.08	0.03	0.00	0.00	0.16	0.13	0.00
F1662S	0.27	0.27	0.27	0.25	0.25	0.03	0.00	0.03	0.18	0.18	0.18	0.14	0.18	0.03	0.15	0.25	0.22	0.03	0.27	0.25	0.23	0.00	0.00	0.00	0.00	0.00	0.00	0.00	0.00	0.00	0.04	0.00	0.00	0.07	0.18	0.14	0.05	0.00	0.00	0.00	0.00	0.00	0.00	0.03	0.00	0.00	0.02	0.01	0.12	0.06	0.00	0.00	0.00	0.00	0.00	0.00	0.00	0.00	0.03	0.00	0.00	0.00	0.00	0.00	0.15	0.02	0.00	0.00	0.10	0.03	0.00
L1664P	0.32	0.32	0.32	0.18	0.18	0.03	0.00	0.03	0.21	0.21	0.21	0.21	0.17	0.04	0.11	0.18	0.17	0.03	0.32	0.30	0.24	0.00	0.00	0.00	0.00	0.00	0.00	0.00	0.00	0.00	0.04	0.00	0.00	0.08	0.17	0.21	0.04	0.00	0.00	0.00	0.00	0.00	0.00	0.04	0.00	0.00	0.02	0.02	0.11	0.06	0.00	0.00	0.00	0.00	0.00	0.00	0.00	0.00	0.02	0.00	0.00	0.00	0.00	0.00	0.10	0.01	0.00	0.00	0.11	0.02	0.00
Y1666C	0.27	0.27	0.27	0.13	0.13	0.03	0.00	0.03	0.24	0.24	0.24	0.24	0.20	0.03	0.13	0.11	0.13	0.02	0.27	0.24	0.19	0.00	0.00	0.00	0.00	0.00	0.00	0.00	0.00	0.00	0.04	0.00	0.00	0.05	0.20	0.24	0.04	0.00	0.00	0.00	0.00	0.00	0.00	0.03	0.00	0.00	0.02	0.02	0.11	0.09	0.00	0.00	0.00	0.00	0.00	0.00	0.00	0.00	0.02	0.00	0.00	0.00	0.00	0.00	0.10	0.02	0.00	0.00	0.13	0.02	0.00
E1682K	0.27	0.27	0.27	0.17	0.17	0.13	0.00	0.13	0.22	0.19	0.19	0.09	0.19	0.22	0.10	0.12	0.17	0.05	0.17	0.25	0.27	0.00	0.00	0.00	0.00	0.13	0.00	0.00	0.00	0.03	0.05	0.00	0.00	0.09	0.19	0.09	0.16	0.00	0.00	0.00	0.02	0.00	0.00	0.14	0.22	0.08	0.05	0.21	0.03	0.03	0.00	0.00	0.00	0.00	0.00	0.00	0.00	0.00	0.03	0.00	0.00	0.00	0.06	0.00	0.02	0.02	0.00	0.00	0.07	0.10	0.00
T1685A	0.27	0.27	0.27	0.17	0.17	0.18	0.00	0.18	0.22	0.21	0.21	0.09	0.21	0.22	0.06	0.12	0.17	0.07	0.08	0.27	0.26	0.00	0.00	0.00	0.00	0.18	0.00	0.00	0.00	0.03	0.00	0.00	0.00	0.15	0.21	0.09	0.16	0.00	0.00	0.00	0.02	0.00	0.00	0.15	0.22	0.08	0.05	0.21	0.03	0.03	0.00	0.00	0.00	0.00	0.00	0.00	0.00	0.00	0.03	0.00	0.00	0.00	0.06	0.00	0.02	0.03	0.00	0.00	0.04	0.06	0.00
T1685I	0.26	0.26	0.26	0.18	0.18	0.16	0.00	0.16	0.22	0.20	0.20	0.11	0.20	0.22	0.06	0.13	0.18	0.07	0.08	0.26	0.26	0.00	0.00	0.00	0.00	0.16	0.00	0.00	0.00	0.03	0.00	0.00	0.00	0.15	0.20	0.11	0.16	0.00	0.00	0.00	0.02	0.00	0.00	0.15	0.22	0.08	0.07	0.20	0.03	0.03	0.00	0.00	0.00	0.00	0.00	0.00	0.00	0.00	0.03	0.00	0.00	0.00	0.06	0.00	0.02	0.03	0.00	0.00	0.04	0.05	0.00
D1692N	0.27	0.27	0.27	0.20	0.13	0.17	0.00	0.17	0.22	0.22	0.22	0.07	0.22	0.08	0.11	0.09	0.13	0.11	0.27	0.25	0.18	0.00	0.00	0.00	0.00	0.17	0.00	0.00	0.00	0.02	0.01	0.00	0.00	0.15	0.22	0.07	0.16	0.00	0.00	0.00	0.00	0.00	0.00	0.06	0.01	0.07	0.04	0.08	0.03	0.04	0.00	0.00	0.00	0.00	0.00	0.00	0.00	0.00	0.03	0.00	0.00	0.00	0.00	0.00	0.00	0.04	0.00	0.00	0.11	0.05	0.00
D1692V	0.28	0.28	0.28	0.21	0.14	0.18	0.00	0.18	0.22	0.22	0.22	0.07	0.22	0.07	0.13	0.09	0.14	0.10	0.28	0.25	0.19	0.00	0.00	0.00	0.00	0.18	0.00	0.00	0.00	0.02	0.01	0.00	0.00	0.15	0.22	0.07	0.16	0.00	0.00	0.00	0.00	0.00	0.00	0.06	0.01	0.07	0.04	0.07	0.03	0.05	0.00	0.00	0.00	0.00	0.00	0.00	0.00	0.00	0.03	0.00	0.00	0.00	0.01	0.00	0.00	0.04	0.00	0.00	0.13	0.05	0.00
R1699W	0.31	0.29	0.29	0.20	0.10	0.21	0.00	0.21	0.31	0.31	0.31	0.23	0.31	0.08	0.15	0.04	0.10	0.12	0.29	0.07	0.10	0.00	0.00	0.00	0.00	0.21	0.00	0.00	0.00	0.00	0.03	0.00	0.00	0.13	0.31	0.23	0.07	0.00	0.00	0.00	0.00	0.00	0.00	0.02	0.01	0.02	0.02	0.08	0.13	0.15	0.00	0.00	0.00	0.00	0.00	0.00	0.00	0.00	0.00	0.00	0.00	0.00	0.00	0.00	0.04	0.05	0.00	0.00	0.05	0.02	0.00
L1701M	0.27	0.26	0.26	0.22	0.10	0.21	0.00	0.21	0.27	0.27	0.27	0.15	0.27	0.08	0.13	0.03	0.10	0.11	0.26	0.10	0.19	0.00	0.00	0.00	0.00	0.21	0.00	0.00	0.00	0.00	0.06	0.00	0.00	0.08	0.27	0.15	0.06	0.00	0.00	0.00	0.00	0.00	0.00	0.00	0.02	0.00	0.01	0.08	0.12	0.13	0.00	0.00	0.00	0.00	0.00	0.00	0.00	0.00	0.00	0.00	0.00	0.00	0.00	0.00	0.04	0.05	0.00	0.00	0.06	0.03	0.00
L1705V	0.27	0.27	0.27	0.14	0.14	0.22	0.00	0.22	0.26	0.26	0.26	0.16	0.26	0.02	0.12	0.00	0.14	0.04	0.27	0.11	0.22	0.00	0.00	0.00	0.00	0.22	0.00	0.00	0.00	0.00	0.08	0.00	0.00	0.05	0.26	0.16	0.04	0.00	0.00	0.00	0.00	0.00	0.00	0.00	0.00	0.01	0.02	0.00	0.12	0.00	0.00	0.00	0.00	0.00	0.00	0.00	0.00	0.00	0.00	0.00	0.00	0.00	0.00	0.00	0.04	0.05	0.00	0.00	0.06	0.03	0.00
G1706A	0.28	0.28	0.28	0.14	0.14	0.21	0.00	0.21	0.26	0.26	0.26	0.16	0.26	0.02	0.13	0.00	0.14	0.04	0.28	0.25	0.22	0.00	0.00	0.00	0.00	0.21	0.00	0.00	0.00	0.00	0.09	0.00	0.00	0.03	0.26	0.16	0.04	0.00	0.00	0.00	0.00	0.00	0.00	0.00	0.00	0.01	0.02	0.00	0.13	0.00	0.00	0.00	0.00	0.00	0.00	0.00	0.00	0.00	0.02	0.00	0.00	0.00	0.00	0.00	0.04	0.05	0.00	0.00	0.05	0.07	0.00
G1706E	0.29	0.29	0.29	0.14	0.14	0.22	0.00	0.22	0.26	0.26	0.26	0.16	0.26	0.02	0.12	0.00	0.14	0.05	0.29	0.26	0.23	0.00	0.00	0.00	0.00	0.22	0.00	0.00	0.00	0.00	0.09	0.00	0.00	0.04	0.26	0.16	0.04	0.00	0.00	0.00	0.00	0.00	0.00	0.00	0.00	0.02	0.02	0.00	0.12	0.11	0.00	0.00	0.00	0.00	0.00	0.00	0.00	0.00	0.02	0.00	0.00	0.00	0.00	0.00	0.04	0.04	0.00	0.00	0.07	0.07	0.00
A1708E	0.27	0.26	0.26	0.18	0.18	0.20	0.00	0.20	0.27	0.27	0.27	0.10	0.27	0.02	0.14	0.01	0.18	0.05	0.25	0.26	0.22	0.00	0.00	0.00	0.00	0.20	0.00	0.00	0.00	0.00	0.10	0.00	0.00	0.05	0.27	0.10	0.07	0.00	0.00	0.00	0.00	0.00	0.00	0.00	0.00	0.01	0.02	0.00	0.07	0.14	0.00	0.00	0.00	0.00	0.00	0.00	0.00	0.00	0.02	0.00	0.00	0.00	0.00	0.00	0.05	0.05	0.00	0.00	0.04	0.07	0.00
A1708T	0.27	0.27	0.27	0.15	0.15	0.11	0.00	0.11	0.26	0.26	0.26	0.10	0.26	0.02	0.07	0.00	0.15	0.04	0.27	0.26	0.21	0.00	0.00	0.00	0.00	0.11	0.00	0.00	0.00	0.00	0.10	0.00	0.00	0.05	0.26	0.10	0.05	0.00	0.00	0.00	0.00	0.00	0.00	0.00	0.00	0.01	0.02	0.00	0.06	0.00	0.00	0.00	0.00	0.00	0.00	0.00	0.00	0.00	0.02	0.00	0.00	0.00	0.00	0.00	0.04	0.04	0.00	0.00	0.04	0.07	0.00
S1715R	0.27	0.25	0.25	0.13	0.13	0.11	0.00	0.11	0.27	0.27	0.27	0.27	0.27	0.02	0.25	0.01	0.13	0.03	0.10	0.25	0.19	0.00	0.00	0.00	0.00	0.11	0.00	0.00	0.00	0.00	0.27	0.00	0.00	0.21	0.27	0.18	0.04	0.00	0.00	0.00	0.00	0.00	0.00	0.00	0.00	0.00	0.02	0.00	0.08	0.25	0.00	0.00	0.00	0.00	0.00	0.00	0.00	0.00	0.02	0.00	0.00	0.00	0.00	0.00	0.07	0.09	0.00	0.00	0.04	0.07	0.00
W1718C	0.39	0.29	0.29	0.12	0.12	0.07	0.00	0.07	0.39	0.39	0.39	0.21	0.39	0.01	0.07	0.08	0.12	0.02	0.21	0.29	0.09	0.00	0.00	0.00	0.00	0.07	0.00	0.00	0.00	0.00	0.11	0.00	0.00	0.21	0.39	0.21	0.04	0.00	0.00	0.00	0.00	0.00	0.00	0.01	0.00	0.01	0.00	0.00	0.00	0.00	0.00	0.00	0.00	0.00	0.00	0.00	0.00	0.00	0.00	0.00	0.00	0.00	0.00	0.00	0.07	0.07	0.00	0.00	0.00	0.00	0.00
T1720A	0.28	0.28	0.28	0.16	0.16	0.06	0.00	0.06	0.26	0.26	0.26	0.18	0.26	0.03	0.07	0.16	0.15	0.02	0.27	0.28	0.15	0.00	0.00	0.00	0.00	0.06	0.00	0.00	0.00	0.00	0.11	0.00	0.00	0.21	0.26	0.18	0.04	0.00	0.00	0.00	0.00	0.00	0.00	0.03	0.00	0.01	0.01	0.01	0.02	0.02	0.00	0.00	0.00	0.00	0.00	0.00	0.00	0.00	0.03	0.00	0.00	0.00	0.00	0.00	0.06	0.07	0.00	0.00	0.06	0.07	0.00
Q1721E	0.27	0.27	0.27	0.22	0.22	0.07	0.00	0.07	0.26	0.26	0.26	0.18	0.26	0.03	0.09	0.22	0.17	0.03	0.25	0.27	0.15	0.00	0.00	0.00	0.00	0.07	0.00	0.00	0.00	0.00	0.11	0.00	0.00	0.22	0.26	0.18	0.04	0.00	0.00	0.00	0.00	0.00	0.00	0.03	0.00	0.01	0.01	0.01	0.02	0.06	0.00	0.00	0.00	0.00	0.00	0.00	0.00	0.00	0.03	0.00	0.00	0.00	0.00	0.00	0.06	0.07	0.00	0.00	0.09	0.08	0.00
L1729Q	0.34	0.34	0.25	0.34	0.34	0.14	0.00	0.14	0.26	0.26	0.26	0.26	0.19	0.26	0.10	0.34	0.18	0.12	0.25	0.17	0.15	0.00	0.00	0.00	0.00	0.03	0.00	0.00	0.00	0.00	0.05	0.00	0.00	0.18	0.19	0.26	0.12	0.00	0.00	0.00	0.02	0.00	0.00	0.09	0.26	0.02	0.11	0.24	0.02	0.06	0.00	0.00	0.00	0.00	0.00	0.00	0.00	0.00	0.03	0.00	0.00	0.00	0.00	0.00	0.00	0.08	0.00	0.00	0.10	0.07	0.00
G1738R	0.26	0.25	0.25	0.23	0.23	0.14	0.00	0.14	0.26	0.26	0.26	0.26	0.25	0.19	0.25	0.23	0.15	0.15	0.17	0.25	0.25	0.00	0.00	0.00	0.00	0.03	0.00	0.00	0.00	0.03	0.07	0.00	0.00	0.25	0.16	0.26	0.25	0.00	0.00	0.00	0.02	0.00	0.00	0.19	0.15	0.09	0.11	0.16	0.00	0.10	0.00	0.00	0.00	0.00	0.00	0.00	0.00	0.00	0.02	0.00	0.00	0.00	0.00	0.00	0.00	0.25	0.00	0.00	0.00	0.00	0.00
R1751Q	0.40	0.27	0.27	0.26	0.26	0.06	0.00	0.06	0.40	0.40	0.25	0.25	0.15	0.20	0.20	0.26	0.20	0.08	0.27	0.06	0.25	0.00	0.00	0.00	0.00	0.06	0.00	0.00	0.00	0.06	0.13	0.00	0.00	0.15	0.12	0.25	0.27	0.00	0.00	0.00	0.00	0.00	0.00	0.04	0.07	0.06	0.10	0.20	0.20	0.19	0.00	0.00	0.00	0.00	0.00	0.00	0.00	0.00	0.08	0.00	0.00	0.00	0.00	0.00	0.10	0.09	0.00	0.00	0.09	0.10	0.00
R1762M	0.29	0.29	0.29	0.25	0.25	0.29	0.00	0.29	0.25	0.25	0.25	0.25	0.19	0.24	0.09	0.25	0.16	0.07	0.25	0.25	0.29	0.00	0.00	0.00	0.00	0.29	0.00	0.00	0.00	0.02	0.11	0.00	0.00	0.19	0.13	0.25	0.08	0.00	0.00	0.00	0.01	0.00	0.00	0.02	0.03	0.02	0.04	0.24	0.08	0.09	0.00	0.00	0.00	0.00	0.00	0.00	0.00	0.00	0.03	0.00	0.00	0.00	0.00	0.00	0.00	0.08	0.00	0.00	0.09	0.01	0.00
L1764P	0.32	0.32	0.26	0.23	0.23	0.27	0.00	0.27	0.32	0.25	0.25	0.25	0.23	0.32	0.09	0.23	0.12	0.08	0.26	0.25	0.26	0.00	0.00	0.00	0.00	0.27	0.00	0.00	0.00	0.05	0.08	0.00	0.00	0.23	0.21	0.25	0.09	0.00	0.00	0.00	0.02	0.00	0.00	0.03	0.03	0.02	0.04	0.32	0.08	0.09	0.00	0.00	0.00	0.00	0.00	0.00	0.00	0.00	0.03	0.00	0.00	0.00	0.00	0.00	0.04	0.06	0.00	0.00	0.09	0.01	0.00
I1766S	0.29	0.29	0.26	0.19	0.13	0.29	0.00	0.29	0.29	0.29	0.29	0.29	0.21	0.26	0.08	0.13	0.12	0.11	0.18	0.25	0.26	0.00	0.00	0.00	0.00	0.29	0.00	0.00	0.00	0.04	0.06	0.00	0.00	0.21	0.21	0.29	0.11	0.00	0.00	0.00	0.02	0.00	0.00	0.02	0.03	0.03	0.06	0.26	0.00	0.08	0.00	0.00	0.00	0.00	0.00	0.00	0.00	0.00	0.01	0.00	0.00	0.00	0.00	0.00	0.05	0.06	0.00	0.00	0.00	0.00	0.00
G1770V	0.29	0.29	0.25	0.16	0.14	0.29	0.00	0.29	0.27	0.24	0.24	0.24	0.22	0.27	0.04	0.04	0.14	0.07	0.11	0.22	0.25	0.00	0.00	0.00	0.00	0.29	0.00	0.00	0.00	0.04	0.02	0.00	0.00	0.18	0.22	0.24	0.11	0.00	0.00	0.00	0.02	0.00	0.00	0.02	0.02	0.04	0.04	0.27	0.00	0.02	0.00	0.00	0.00	0.00	0.00	0.00	0.00	0.00	0.00	0.00	0.00	0.00	0.01	0.00	0.04	0.03	0.00	0.00	0.00	0.00	0.00
M1775K	0.26	0.26	0.25	0.21	0.21	0.26	0.00	0.26	0.16	0.16	0.16	0.10	0.16	0.03	0.05	0.10	0.21	0.07	0.18	0.11	0.25	0.00	0.00	0.00	0.00	0.26	0.00	0.00	0.00	0.02	0.00	0.00	0.00	0.07	0.16	0.10	0.13	0.00	0.00	0.00	0.01	0.00	0.00	0.02	0.02	0.03	0.03	0.00	0.00	0.00	0.00	0.00	0.00	0.00	0.00	0.00	0.00	0.00	0.00	0.00	0.00	0.00	0.01	0.00	0.00	0.05	0.00	0.00	0.05	0.03	0.00
M1775R	0.27	0.27	0.25	0.18	0.18	0.27	0.00	0.27	0.18	0.16	0.16	0.10	0.16	0.03	0.18	0.07	0.18	0.06	0.18	0.11	0.25	0.00	0.00	0.00	0.00	0.27	0.00	0.00	0.00	0.01	0.00	0.00	0.00	0.07	0.16	0.10	0.14	0.00	0.00	0.00	0.01	0.00	0.00	0.02	0.02	0.03	0.03	0.00	0.00	0.18	0.00	0.00	0.00	0.00	0.00	0.00	0.00	0.00	0.00	0.00	0.00	0.00	0.01	0.00	0.00	0.05	0.00	0.00	0.00	0.00	0.00
M1783I	0.26	0.26	0.26	0.15	0.15	0.13	0.00	0.13	0.26	0.26	0.26	0.13	0.26	0.12	0.05	0.06	0.15	0.03	0.26	0.07	0.24	0.00	0.00	0.00	0.00	0.13	0.00	0.00	0.00	0.00	0.00	0.00	0.00	0.10	0.26	0.13	0.10	0.00	0.00	0.00	0.00	0.00	0.00	0.01	0.01	0.00	0.01	0.12	0.00	0.03	0.00	0.00	0.00	0.00	0.00	0.00	0.00	0.00	0.00	0.00	0.00	0.00	0.00	0.00	0.00	0.05	0.00	0.00	0.00	0.00	0.00
M1783L	0.26	0.26	0.26	0.15	0.15	0.14	0.00	0.14	0.24	0.24	0.24	0.10	0.24	0.12	0.05	0.06	0.15	0.03	0.26	0.07	0.25	0.00	0.00	0.00	0.00	0.14	0.00	0.00	0.00	0.00	0.00	0.00	0.00	0.10	0.24	0.10	0.09	0.00	0.00	0.00	0.00	0.00	0.00	0.01	0.01	0.00	0.01	0.12	0.00	0.03	0.00	0.00	0.00	0.00	0.00	0.00	0.00	0.00	0.00	0.00	0.00	0.00	0.00	0.00	0.00	0.05	0.00	0.00	0.00	0.00	0.00
C1787S	0.26	0.26	0.26	0.20	0.20	0.18	0.00	0.18	0.23	0.23	0.23	0.11	0.23	0.13	0.04	0.20	0.14	0.07	0.26	0.07	0.25	0.00	0.00	0.00	0.00	0.18	0.00	0.00	0.00	0.01	0.00	0.00	0.00	0.12	0.23	0.11	0.10	0.00	0.00	0.00	0.00	0.00	0.00	0.00	0.01	0.00	0.00	0.13	0.00	0.00	0.00	0.00	0.00	0.00	0.00	0.00	0.00	0.00	0.00	0.00	0.00	0.00	0.02	0.00	0.03	0.04	0.00	0.00	0.00	0.00	0.00
G1788V	0.26	0.26	0.26	0.13	0.13	0.10	0.00	0.10	0.19	0.19	0.19	0.08	0.19	0.12	0.07	0.09	0.13	0.03	0.25	0.07	0.26	0.00	0.00	0.00	0.00	0.10	0.00	0.00	0.00	0.00	0.00	0.00	0.00	0.10	0.19	0.08	0.05	0.00	0.00	0.00	0.00	0.00	0.00	0.00	0.00	0.00	0.00	0.12	0.03	0.00	0.00	0.00	0.00	0.00	0.00	0.00	0.00	0.00	0.05	0.00	0.00	0.00	0.01	0.00	0.00	0.04	0.00	0.00	0.06	0.07	0.00
V1804D	0.38	0.38	0.25	0.21	0.21	0.33	0.00	0.33	0.38	0.19	0.19	0.15	0.19	0.38	0.05	0.12	0.21	0.16	0.09	0.23	0.25	0.00	0.00	0.00	0.00	0.33	0.00	0.00	0.00	0.00	0.00	0.00	0.00	0.19	0.17	0.15	0.04	0.00	0.00	0.00	0.02	0.00	0.00	0.02	0.16	0.04	0.07	0.38	0.00	0.00	0.00	0.00	0.00	0.00	0.00	0.00	0.00	0.00	0.00	0.00	0.00	0.00	0.02	0.00	0.05	0.02	0.00	0.00	0.00	0.00	0.00
A1823T	0.29	0.29	0.25	0.21	0.16	0.27	0.00	0.27	0.29	0.23	0.23	0.10	0.23	0.29	0.04	0.13	0.16	0.21	0.25	0.06	0.25	0.00	0.00	0.00	0.00	0.27	0.00	0.00	0.00	0.00	0.00	0.00	0.00	0.21	0.23	0.10	0.11	0.00	0.00	0.00	0.05	0.00	0.00	0.04	0.11	0.08	0.08	0.29	0.00	0.00	0.00	0.00	0.00	0.00	0.00	0.00	0.00	0.00	0.00	0.00	0.00	0.00	0.00	0.00	0.00	0.04	0.00	0.00	0.00	0.00	0.00
V1838E	0.29	0.29	0.26	0.14	0.14	0.29	0.00	0.29	0.27	0.27	0.27	0.13	0.27	0.08	0.09	0.05	0.14	0.08	0.26	0.25	0.11	0.00	0.00	0.00	0.00	0.29	0.00	0.00	0.00	0.02	0.00	0.00	0.00	0.15	0.27	0.13	0.14	0.00	0.00	0.00	0.05	0.00	0.00	0.08	0.06	0.02	0.04	0.06	0.00	0.09	0.00	0.00	0.00	0.00	0.00	0.00	0.00	0.00	0.00	0.00	0.00	0.00	0.00	0.00	0.00	0.08	0.00	0.00	0.00	0.00	0.00
A1843E	0.30	0.30	0.26	0.11	0.11	0.30	0.00	0.30	0.27	0.27	0.27	0.21	0.27	0.10	0.11	0.03	0.11	0.17	0.26	0.20	0.11	0.00	0.00	0.00	0.00	0.30	0.00	0.00	0.00	0.02	0.00	0.00	0.00	0.17	0.27	0.21	0.05	0.00	0.00	0.00	0.05	0.00	0.00	0.08	0.06	0.03	0.03	0.10	0.00	0.11	0.00	0.00	0.00	0.00	0.00	0.00	0.00	0.00	0.00	0.00	0.00	0.00	0.00	0.00	0.05	0.08	0.00	0.01	0.00	0.00	0.00
L1844I	0.28	0.28	0.28	0.12	0.12	0.26	0.00	0.26	0.25	0.25	0.25	0.23	0.25	0.14	0.11	0.01	0.12	0.15	0.28	0.21	0.11	0.00	0.00	0.00	0.00	0.26	0.00	0.00	0.00	0.02	0.00	0.00	0.00	0.16	0.25	0.23	0.05	0.00	0.00	0.00	0.05	0.00	0.00	0.06	0.05	0.02	0.03	0.14	0.00	0.02	0.00	0.00	0.00	0.00	0.00	0.00	0.00	0.00	0.00	0.00	0.00	0.00	0.00	0.00	0.04	0.08	0.00	0.01	0.00	0.00	0.00
Q1846H	0.34	0.34	0.27	0.13	0.13	0.28	0.00	0.28	0.34	0.25	0.25	0.21	0.25	0.34	0.10	0.02	0.13	0.16	0.27	0.18	0.16	0.00	0.00	0.00	0.00	0.28	0.00	0.00	0.00	0.00	0.00	0.00	0.00	0.16	0.25	0.21	0.07	0.00	0.00	0.00	0.02	0.00	0.00	0.03	0.07	0.02	0.03	0.34	0.00	0.02	0.00	0.00	0.00	0.00	0.00	0.00	0.00	0.00	0.00	0.00	0.00	0.00	0.00	0.00	0.04	0.03	0.00	0.01	0.00	0.00	0.00
T1852I	0.31	0.25	0.25	0.19	0.19	0.25	0.00	0.25	0.31	0.31	0.31	0.31	0.24	0.13	0.10	0.19	0.13	0.13	0.25	0.15	0.22	0.00	0.00	0.00	0.00	0.25	0.00	0.00	0.00	0.00	0.00	0.00	0.00	0.24	0.24	0.31	0.09	0.00	0.00	0.00	0.01	0.00	0.00	0.02	0.07	0.04	0.06	0.13	0.00	0.02	0.00	0.00	0.00	0.00	0.00	0.00	0.00	0.00	0.00	0.00	0.00	0.00	0.01	0.00	0.03	0.03	0.00	0.01	0.00	0.00	0.00
P1856S	0.30	0.30	0.25	0.27	0.27	0.26	0.00	0.26	0.27	0.25	0.25	0.25	0.25	0.27	0.07	0.27	0.13	0.30	0.25	0.16	0.21	0.00	0.00	0.00	0.00	0.26	0.00	0.00	0.00	0.00	0.00	0.00	0.00	0.23	0.25	0.25	0.09	0.00	0.00	0.00	0.05	0.00	0.00	0.01	0.16	0.04	0.09	0.27	0.00	0.00	0.00	0.00	0.00	0.00	0.00	0.00	0.00	0.00	0.00	0.00	0.00	0.00	0.07	0.00	0.03	0.03	0.00	0.01	0.00	0.00	0.00
I1858L	0.29	0.29	0.25	0.25	0.25	0.24	0.00	0.24	0.29	0.28	0.28	0.28	0.27	0.29	0.07	0.25	0.15	0.27	0.25	0.15	0.22	0.00	0.00	0.00	0.00	0.24	0.00	0.00	0.00	0.00	0.00	0.00	0.00	0.27	0.26	0.28	0.10	0.00	0.00	0.00	0.07	0.00	0.00	0.01	0.24	0.05	0.07	0.29	0.00	0.00	0.00	0.00	0.00	0.00	0.00	0.00	0.00	0.00	0.00	0.00	0.00	0.00	0.07	0.00	0.03	0.01	0.00	0.03	0.00	0.00	0.00
P1859R	0.40	0.40	0.23	0.30	0.30	0.25	0.00	0.25	0.40	0.26	0.26	0.25	0.26	0.40	0.09	0.30	0.14	0.24	0.23	0.15	0.22	0.00	0.00	0.00	0.00	0.25	0.00	0.00	0.00	0.00	0.00	0.00	0.00	0.26	0.26	0.25	0.05	0.00	0.00	0.00	0.07	0.00	0.00	0.01	0.30	0.04	0.08	0.40	0.00	0.09	0.00	0.00	0.00	0.00	0.00	0.00	0.00	0.00	0.00	0.00	0.00	0.00	0.07	0.00	0.04	0.02	0.00	0.03	0.00	0.00	0.00
Y1863D	0.58	0.33	0.18	0.28	0.28	0.28	0.00	0.28	0.58	0.58	0.58	0.30	0.58	0.33	0.08	0.28	0.27	0.27	0.18	0.07	0.17	0.00	0.00	0.00	0.00	0.28	0.00	0.00	0.00	0.00	0.00	0.00	0.00	0.26	0.58	0.30	0.06	0.00	0.00	0.00	0.09	0.00	0.00	0.02	0.33	0.04	0.09	0.26	0.00	0.00	0.00	0.00	0.00	0.00	0.00	0.00	0.00	0.00	0.00	0.00	0.00	0.00	0.08	0.00	0.03	0.02	0.00	0.03	0.00	0.00	0.00
