0.33	0.30	0.25	0.30	0.30	0.16	0.00	0.16	0.33	0.33	0.33	0.15	0.33	0.12	0.03	0.30	0.19	0.27	0.13	0.25	0.22	0.00	0.00	0.00	0.00	0.16	0.00	0.00	0.00	0.01	0.03	0.01	0.00	0.33	0.25	0.15	0.03	0.00	0.00	0.00	0.00	0.00	0.00	0.00	0.06	0.07	0.12	0.02	0.00	0.00	0.00	0.00	0.00	0.00	0.00	0.00	0.00	0.00	0.00	0.00	0.00	0.00	0.01	0.00	0.00	0.03	0.00	0.00	0.00	0.00	0.00
0.31	0.26	0.25	0.13	0.13	0.16	0.00	0.16	0.31	0.31	0.31	0.16	0.31	0.08	0.15	0.08	0.13	0.26	0.22	0.25	0.19	0.00	0.00	0.00	0.00	0.16	0.00	0.00	0.00	0.08	0.03	0.11	0.00	0.31	0.25	0.16	0.11	0.00	0.00	0.00	0.00	0.00	0.00	0.00	0.04	0.08	0.08	0.01	0.15	0.00	0.00	0.00	0.00	0.00	0.00	0.00	0.00	0.00	0.05	0.00	0.00	0.00	0.00	0.00	0.12	0.01	0.00	0.00	0.06	0.05	0.07
0.28	0.28	0.26	0.28	0.28	0.08	0.00	0.08	0.15	0.05	0.05	0.05	0.02	0.15	0.08	0.28	0.20	0.00	0.26	0.08	0.23	0.00	0.00	0.00	0.00	0.08	0.00	0.00	0.00	0.00	0.02	0.00	0.00	0.02	0.02	0.05	0.00	0.00	0.00	0.00	0.00	0.00	0.00	0.00	0.00	0.00	0.00	0.15	0.02	0.00	0.00	0.00	0.00	0.00	0.00	0.00	0.00	0.00	0.00	0.00	0.00	0.00	0.00	0.00	0.04	0.07	0.00	0.00	0.08	0.05	0.02
0.27	0.27	0.27	0.20	0.20	0.06	0.00	0.06	0.18	0.07	0.07	0.07	0.04	0.01	0.18	0.00	0.20	0.01	0.20	0.20	0.27	0.00	0.00	0.00	0.00	0.06	0.00	0.00	0.00	0.00	0.01	0.00	0.00	0.02	0.04	0.07	0.00	0.00	0.00	0.00	0.00	0.00	0.00	0.00	0.01	0.00	0.00	0.00	0.00	0.18	0.00	0.00	0.00	0.00	0.00	0.00	0.00	0.00	0.00	0.00	0.00	0.00	0.04	0.00	0.11	0.08	0.00	0.00	0.00	0.00	0.00
0.28	0.28	0.28	0.22	0.22	0.07	0.00	0.03	0.24	0.05	0.05	0.05	0.02	0.00	0.24	0.00	0.22	0.02	0.28	0.02	0.11	0.00	0.00	0.00	0.00	0.03	0.00	0.00	0.07	0.00	0.05	0.01	0.00	0.02	0.02	0.05	0.00	0.00	0.00	0.00	0.00	0.00	0.00	0.00	0.00	0.00	0.00	0.00	0.11	0.09	0.00	0.00	0.00	0.00	0.00	0.00	0.00	0.00	0.05	0.00	0.00	0.00	0.09	0.00	0.24	0.07	0.00	0.00	0.08	0.16	0.00
0.36	0.36	0.30	0.36	0.36	0.15	0.00	0.03	0.19	0.10	0.10	0.10	0.04	0.01	0.19	0.36	0.18	0.04	0.30	0.03	0.10	0.00	0.00	0.00	0.00	0.03	0.00	0.00	0.15	0.00	0.08	0.05	0.00	0.04	0.02	0.10	0.00	0.00	0.00	0.00	0.00	0.00	0.00	0.00	0.00	0.00	0.00	0.00	0.19	0.14	0.00	0.00	0.00	0.00	0.00	0.00	0.00	0.00	0.03	0.00	0.00	0.00	0.00	0.00	0.00	0.06	0.00	0.00	0.17	0.08	0.00
0.26	0.26	0.23	0.26	0.26	0.17	0.00	0.02	0.13	0.09	0.09	0.09	0.02	0.00	0.13	0.26	0.17	0.01	0.23	0.03	0.12	0.00	0.00	0.00	0.00	0.01	0.00	0.00	0.17	0.00	0.09	0.05	0.00	0.02	0.02	0.07	0.00	0.00	0.00	0.00	0.00	0.00	0.00	0.00	0.00	0.00	0.00	0.00	0.09	0.13	0.00	0.00	0.00	0.00	0.00	0.00	0.00	0.00	0.00	0.00	0.00	0.00	0.01	0.00	0.06	0.04	0.00	0.00	0.13	0.06	0.00
0.24	0.24	0.21	0.24	0.24	0.02	0.00	0.02	0.13	0.02	0.02	0.02	0.02	0.02	0.13	0.00	0.24	0.00	0.21	0.12	0.20	0.00	0.00	0.00	0.00	0.02	0.00	0.00	0.00	0.00	0.01	0.00	0.00	0.02	0.02	0.02	0.00	0.00	0.00	0.00	0.00	0.00	0.00	0.00	0.00	0.00	0.00	0.02	0.00	0.13	0.00	0.00	0.00	0.00	0.00	0.00	0.00	0.00	0.00	0.00	0.00	0.00	0.00	0.00	0.05	0.02	0.00	0.00	0.00	0.00	0.00
0.26	0.26	0.26	0.23	0.23	0.09	0.00	0.09	0.26	0.05	0.05	0.05	0.01	0.01	0.26	0.00	0.23	0.01	0.26	0.09	0.24	0.00	0.00	0.00	0.00	0.09	0.00	0.00	0.00	0.00	0.05	0.00	0.00	0.01	0.01	0.02	0.00	0.00	0.00	0.00	0.00	0.00	0.00	0.00	0.00	0.00	0.00	0.01	0.06	0.19	0.00	0.00	0.00	0.00	0.00	0.00	0.00	0.00	0.00	0.00	0.00	0.00	0.01	0.00	0.26	0.04	0.00	0.00	0.08	0.06	0.00
0.27	0.26	0.26	0.13	0.13	0.10	0.00	0.10	0.27	0.27	0.27	0.10	0.27	0.10	0.09	0.12	0.13	0.06	0.26	0.10	0.16	0.00	0.00	0.00	0.00	0.10	0.00	0.00	0.00	0.01	0.00	0.03	0.00	0.27	0.16	0.10	0.18	0.00	0.00	0.00	0.00	0.00	0.00	0.05	0.09	0.05	0.10	0.05	0.00	0.09	0.00	0.00	0.00	0.00	0.00	0.00	0.00	0.00	0.00	0.00	0.00	0.00	0.00	0.00	0.07	0.00	0.00	0.00	0.00	0.00	0.02
0.29	0.29	0.25	0.14	0.14	0.07	0.00	0.07	0.29	0.26	0.26	0.05	0.26	0.27	0.07	0.08	0.14	0.23	0.23	0.25	0.24	0.00	0.00	0.00	0.00	0.04	0.00	0.00	0.01	0.26	0.00	0.02	0.00	0.26	0.04	0.05	0.29	0.00	0.00	0.00	0.00	0.00	0.00	0.10	0.26	0.23	0.27	0.25	0.07	0.07	0.00	0.00	0.00	0.00	0.00	0.00	0.00	0.00	0.06	0.00	0.00	0.00	0.00	0.00	0.00	0.00	0.00	0.00	0.07	0.07	0.08
0.52	0.52	0.25	0.23	0.23	0.05	0.00	0.05	0.52	0.30	0.30	0.05	0.30	0.52	0.04	0.23	0.13	0.07	0.25	0.25	0.21	0.00	0.00	0.00	0.00	0.00	0.00	0.00	0.01	0.28	0.00	0.02	0.00	0.30	0.04	0.05	0.26	0.00	0.00	0.00	0.00	0.00	0.00	0.44	0.52	0.23	0.27	0.42	0.00	0.04	0.00	0.00	0.00	0.00	0.00	0.00	0.00	0.00	0.00	0.00	0.00	0.00	0.00	0.00	0.00	0.00	0.00	0.00	0.00	0.00	0.02
0.25	0.25	0.25	0.15	0.15	0.25	0.00	0.25	0.10	0.08	0.08	0.06	0.08	0.02	0.10	0.09	0.15	0.03	0.25	0.10	0.22	0.00	0.00	0.00	0.00	0.25	0.00	0.00	0.02	0.00	0.02	0.00	0.00	0.08	0.08	0.06	0.03	0.00	0.00	0.00	0.00	0.00	0.00	0.00	0.00	0.01	0.02	0.01	0.10	0.07	0.00	0.00	0.00	0.00	0.00	0.00	0.00	0.00	0.00	0.00	0.00	0.00	0.00	0.00	0.07	0.05	0.00	0.00	0.07	0.07	0.01
0.28	0.28	0.28	0.11	0.11	0.10	0.00	0.10	0.09	0.09	0.09	0.07	0.09	0.05	0.03	0.04	0.11	0.02	0.28	0.22	0.12	0.00	0.00	0.00	0.00	0.10	0.00	0.00	0.00	0.00	0.02	0.01	0.00	0.09	0.04	0.07	0.03	0.00	0.00	0.00	0.00	0.00	0.00	0.00	0.03	0.01	0.05	0.04	0.00	0.00	0.00	0.00	0.00	0.00	0.00	0.00	0.00	0.00	0.00	0.00	0.00	0.00	0.02	0.00	0.03	0.02	0.00	0.00	0.00	0.00	0.01
0.30	0.30	0.28	0.29	0.29	0.30	0.00	0.30	0.27	0.09	0.09	0.09	0.06	0.01	0.27	0.29	0.22	0.03	0.28	0.11	0.22	0.00	0.00	0.00	0.00	0.30	0.00	0.00	0.00	0.00	0.00	0.01	0.00	0.06	0.06	0.09	0.01	0.00	0.00	0.00	0.00	0.00	0.00	0.00	0.00	0.00	0.00	0.00	0.23	0.07	0.00	0.00	0.00	0.00	0.00	0.00	0.00	0.00	0.04	0.00	0.00	0.00	0.00	0.00	0.27	0.03	0.00	0.00	0.18	0.12	0.00
0.26	0.26	0.26	0.09	0.09	0.03	0.00	0.03	0.12	0.07	0.07	0.05	0.07	0.00	0.12	0.00	0.09	0.00	0.26	0.05	0.22	0.00	0.00	0.00	0.00	0.02	0.00	0.00	0.00	0.00	0.04	0.00	0.00	0.04	0.07	0.05	0.02	0.00	0.00	0.00	0.00	0.00	0.00	0.00	0.00	0.00	0.00	0.00	0.08	0.00	0.00	0.00	0.00	0.00	0.00	0.00	0.00	0.00	0.00	0.00	0.00	0.00	0.00	0.00	0.12	0.04	0.00	0.00	0.07	0.09	0.00
0.26	0.26	0.26	0.12	0.12	0.04	0.00	0.04	0.14	0.07	0.07	0.06	0.07	0.01	0.14	0.06	0.12	0.01	0.24	0.04	0.26	0.00	0.00	0.00	0.00	0.04	0.00	0.00	0.00	0.00	0.04	0.00	0.00	0.05	0.07	0.06	0.02	0.00	0.00	0.00	0.00	0.00	0.00	0.00	0.00	0.00	0.00	0.00	0.00	0.14	0.00	0.00	0.00	0.00	0.00	0.00	0.00	0.00	0.00	0.00	0.00	0.00	0.00	0.00	0.13	0.05	0.00	0.00	0.00	0.00	0.01
0.28	0.28	0.28	0.13	0.13	0.21	0.00	0.21	0.18	0.18	0.18	0.08	0.18	0.04	0.17	0.10	0.13	0.07	0.28	0.09	0.19	0.00	0.00	0.00	0.00	0.21	0.00	0.00	0.01	0.00	0.03	0.02	0.00	0.18	0.07	0.08	0.02	0.00	0.00	0.00	0.00	0.00	0.00	0.00	0.01	0.01	0.04	0.02	0.00	0.17	0.00	0.00	0.00	0.00	0.00	0.00	0.00	0.00	0.00	0.00	0.00	0.00	0.01	0.00	0.10	0.06	0.00	0.00	0.00	0.00	0.02
0.25	0.25	0.25	0.20	0.11	0.03	0.00	0.03	0.12	0.12	0.12	0.06	0.12	0.08	0.03	0.02	0.11	0.00	0.15	0.25	0.19	0.00	0.00	0.00	0.00	0.03	0.00	0.00	0.00	0.00	0.06	0.06	0.00	0.12	0.11	0.00	0.08	0.00	0.00	0.00	0.00	0.00	0.00	0.00	0.03	0.01	0.08	0.03	0.00	0.00	0.00	0.00	0.00	0.00	0.00	0.00	0.00	0.00	0.00	0.00	0.00	0.00	0.00	0.00	0.00	0.03	0.00	0.00	0.00	0.00	0.20
0.26	0.26	0.26	0.10	0.10	0.02	0.00	0.02	0.14	0.14	0.14	0.04	0.14	0.05	0.01	0.03	0.10	0.06	0.18	0.26	0.20	0.00	0.00	0.00	0.00	0.02	0.00	0.00	0.00	0.00	0.04	0.04	0.00	0.14	0.11	0.01	0.06	0.00	0.00	0.00	0.00	0.00	0.00	0.00	0.03	0.01	0.05	0.02	0.00	0.00	0.00	0.00	0.00	0.00	0.00	0.00	0.00	0.00	0.00	0.00	0.00	0.00	0.00	0.00	0.01	0.01	0.00	0.00	0.00	0.00	0.00
0.31	0.31	0.25	0.31	0.31	0.26	0.00	0.26	0.29	0.29	0.29	0.02	0.29	0.07	0.13	0.31	0.18	0.16	0.25	0.01	0.25	0.00	0.00	0.00	0.00	0.26	0.00	0.00	0.00	0.00	0.00	0.00	0.00	0.29	0.09	0.02	0.11	0.00	0.00	0.00	0.00	0.00	0.00	0.00	0.02	0.02	0.07	0.00	0.03	0.03	0.00	0.00	0.00	0.00	0.00	0.00	0.00	0.00	0.03	0.00	0.00	0.00	0.02	0.00	0.02	0.00	0.00	0.00	0.03	0.13	0.03
0.28	0.28	0.28	0.18	0.13	0.08	0.00	0.08	0.26	0.26	0.26	0.07	0.26	0.08	0.04	0.12	0.13	0.09	0.10	0.25	0.28	0.00	0.00	0.00	0.00	0.08	0.00	0.00	0.00	0.00	0.01	0.00	0.00	0.26	0.06	0.07	0.07	0.00	0.00	0.00	0.00	0.00	0.00	0.02	0.02	0.02	0.08	0.01	0.00	0.04	0.00	0.00	0.00	0.00	0.00	0.00	0.00	0.00	0.00	0.00	0.00	0.00	0.00	0.00	0.02	0.00	0.00	0.00	0.00	0.00	0.18
0.25	0.25	0.25	0.20	0.20	0.02	0.00	0.02	0.22	0.22	0.22	0.09	0.22	0.07	0.03	0.13	0.20	0.06	0.19	0.25	0.24	0.00	0.00	0.00	0.00	0.00	0.00	0.00	0.00	0.00	0.04	0.02	0.00	0.22	0.07	0.09	0.08	0.00	0.00	0.00	0.00	0.00	0.00	0.00	0.02	0.00	0.07	0.00	0.00	0.00	0.00	0.00	0.00	0.00	0.00	0.00	0.00	0.00	0.00	0.00	0.00	0.00	0.03	0.00	0.02	0.01	0.00	0.00	0.00	0.00	0.03
0.25	0.25	0.25	0.23	0.23	0.14	0.00	0.14	0.22	0.22	0.22	0.05	0.22	0.03	0.18	0.19	0.23	0.08	0.03	0.25	0.24	0.00	0.00	0.00	0.00	0.14	0.00	0.00	0.00	0.00	0.05	0.03	0.00	0.22	0.06	0.01	0.05	0.00	0.00	0.00	0.00	0.00	0.00	0.00	0.00	0.00	0.03	0.00	0.03	0.18	0.00	0.00	0.00	0.00	0.00	0.00	0.00	0.00	0.02	0.00	0.00	0.00	0.03	0.00	0.01	0.00	0.00	0.00	0.01	0.10	0.02
0.28	0.24	0.23	0.14	0.14	0.24	0.00	0.24	0.28	0.28	0.28	0.08	0.28	0.10	0.10	0.13	0.14	0.08	0.10	0.05	0.23	0.00	0.00	0.00	0.00	0.24	0.00	0.00	0.00	0.00	0.00	0.02	0.00	0.28	0.06	0.08	0.07	0.00	0.00	0.00	0.00	0.00	0.00	0.02	0.06	0.02	0.08	0.10	0.00	0.10	0.00	0.00	0.00	0.00	0.00	0.00	0.00	0.00	0.00	0.00	0.00	0.00	0.00	0.00	0.02	0.03	0.00	0.00	0.00	0.00	0.02
0.27	0.27	0.27	0.10	0.10	0.03	0.00	0.03	0.14	0.14	0.14	0.03	0.14	0.09	0.05	0.00	0.10	0.11	0.27	0.25	0.26	0.00	0.00	0.00	0.00	0.03	0.00	0.00	0.00	0.01	0.00	0.03	0.00	0.14	0.10	0.03	0.13	0.00	0.00	0.00	0.00	0.00	0.00	0.02	0.00	0.02	0.09	0.02	0.00	0.05	0.00	0.00	0.00	0.00	0.00	0.00	0.00	0.00	0.00	0.00	0.00	0.00	0.00	0.00	0.00	0.00	0.00	0.00	0.00	0.00	0.01
0.30	0.30	0.30	0.27	0.27	0.17	0.00	0.17	0.25	0.22	0.22	0.04	0.22	0.24	0.25	0.25	0.27	0.16	0.30	0.25	0.25	0.00	0.00	0.00	0.00	0.17	0.00	0.00	0.00	0.12	0.00	0.08	0.00	0.22	0.07	0.04	0.06	0.00	0.00	0.00	0.00	0.00	0.00	0.24	0.05	0.04	0.09	0.11	0.07	0.25	0.00	0.00	0.00	0.00	0.00	0.00	0.00	0.00	0.05	0.00	0.00	0.00	0.00	0.00	0.03	0.02	0.00	0.00	0.05	0.16	0.00
0.28	0.24	0.24	0.12	0.12	0.09	0.00	0.09	0.28	0.28	0.28	0.20	0.28	0.10	0.23	0.09	0.12	0.13	0.24	0.02	0.16	0.00	0.00	0.00	0.00	0.09	0.00	0.00	0.00	0.00	0.00	0.05	0.00	0.28	0.18	0.20	0.16	0.00	0.00	0.00	0.00	0.00	0.00	0.02	0.03	0.02	0.06	0.10	0.23	0.06	0.00	0.00	0.00	0.00	0.00	0.00	0.00	0.00	0.09	0.00	0.00	0.00	0.00	0.00	0.23	0.05	0.00	0.00	0.04	0.08	0.00
0.25	0.25	0.24	0.25	0.25	0.04	0.00	0.04	0.23	0.23	0.23	0.14	0.23	0.08	0.23	0.19	0.25	0.17	0.24	0.15	0.24	0.00	0.00	0.00	0.00	0.02	0.00	0.00	0.00	0.00	0.01	0.09	0.00	0.23	0.09	0.14	0.06	0.00	0.00	0.00	0.00	0.00	0.00	0.02	0.02	0.04	0.08	0.06	0.23	0.08	0.00	0.00	0.00	0.00	0.00	0.00	0.00	0.00	0.11	0.00	0.00	0.00	0.00	0.00	0.11	0.05	0.00	0.00	0.11	0.18	0.00
0.27	0.27	0.27	0.25	0.25	0.04	0.00	0.04	0.25	0.16	0.16	0.07	0.16	0.10	0.25	0.18	0.25	0.18	0.24	0.27	0.25	0.00	0.00	0.00	0.00	0.02	0.00	0.00	0.00	0.00	0.01	0.09	0.00	0.16	0.08	0.07	0.09	0.00	0.00	0.00	0.00	0.00	0.00	0.02	0.01	0.03	0.10	0.06	0.25	0.09	0.00	0.00	0.00	0.00	0.00	0.00	0.00	0.00	0.10	0.00	0.00	0.00	0.00	0.00	0.11	0.05	0.00	0.00	0.10	0.16	0.01
0.25	0.25	0.25	0.22	0.22	0.07	0.00	0.07	0.22	0.22	0.22	0.14	0.22	0.04	0.12	0.22	0.17	0.14	0.24	0.07	0.25	0.00	0.00	0.00	0.00	0.07	0.00	0.00	0.07	0.00	0.06	0.11	0.00	0.22	0.12	0.14	0.08	0.00	0.00	0.00	0.00	0.00	0.00	0.00	0.00	0.02	0.04	0.02	0.10	0.12	0.00	0.00	0.00	0.00	0.00	0.00	0.00	0.00	0.00	0.00	0.00	0.00	0.00	0.00	0.05	0.09	0.00	0.00	0.04	0.11	0.05
0.29	0.28	0.28	0.19	0.19	0.07	0.00	0.07	0.29	0.29	0.29	0.20	0.29	0.11	0.12	0.16	0.19	0.14	0.27	0.05	0.28	0.00	0.00	0.00	0.00	0.07	0.00	0.00	0.04	0.01	0.06	0.11	0.00	0.29	0.24	0.20	0.15	0.00	0.00	0.00	0.00	0.00	0.00	0.00	0.02	0.02	0.06	0.11	0.00	0.12	0.00	0.00	0.00	0.00	0.00	0.00	0.00	0.00	0.00	0.00	0.00	0.00	0.00	0.00	0.08	0.03	0.00	0.00	0.00	0.00	0.03
0.39	0.39	0.26	0.19	0.19	0.15	0.00	0.15	0.39	0.29	0.29	0.21	0.29	0.39	0.17	0.16	0.19	0.20	0.26	0.25	0.20	0.00	0.00	0.00	0.00	0.15	0.00	0.00	0.00	0.14	0.11	0.21	0.00	0.29	0.17	0.21	0.27	0.00	0.00	0.00	0.00	0.00	0.00	0.36	0.23	0.11	0.39	0.36	0.00	0.17	0.00	0.00	0.00	0.00	0.00	0.00	0.00	0.00	0.02	0.00	0.00	0.00	0.00	0.00	0.00	0.07	0.00	0.00	0.00	0.00	0.02
0.37	0.27	0.27	0.19	0.19	0.12	0.00	0.12	0.37	0.37	0.37	0.28	0.37	0.09	0.18	0.18	0.19	0.27	0.27	0.04	0.22	0.00	0.00	0.00	0.00	0.12	0.00	0.00	0.02	0.00	0.20	0.12	0.00	0.37	0.23	0.28	0.07	0.00	0.00	0.00	0.00	0.00	0.00	0.00	0.00	0.04	0.09	0.00	0.00	0.18	0.00	0.00	0.00	0.00	0.00	0.00	0.00	0.00	0.00	0.00	0.00	0.00	0.00	0.00	0.18	0.04	0.00	0.00	0.00	0.00	0.01
0.36	0.26	0.25	0.26	0.26	0.07	0.00	0.07	0.36	0.36	0.36	0.36	0.31	0.07	0.18	0.26	0.18	0.25	0.25	0.03	0.20	0.00	0.00	0.00	0.00	0.06	0.00	0.00	0.02	0.00	0.17	0.32	0.00	0.31	0.20	0.36	0.07	0.00	0.00	0.00	0.00	0.00	0.00	0.00	0.00	0.02	0.07	0.00	0.14	0.14	0.00	0.00	0.00	0.00	0.00	0.00	0.00	0.00	0.02	0.00	0.00	0.00	0.01	0.00	0.18	0.04	0.00	0.00	0.04	0.07	0.21
0.25	0.25	0.22	0.25	0.25	0.09	0.00	0.09	0.23	0.20	0.20	0.20	0.07	0.01	0.23	0.25	0.14	0.03	0.12	0.06	0.22	0.00	0.00	0.00	0.00	0.09	0.00	0.00	0.04	0.00	0.09	0.00	0.00	0.07	0.04	0.20	0.00	0.00	0.00	0.00	0.00	0.00	0.00	0.00	0.00	0.00	0.00	0.00	0.10	0.19	0.00	0.00	0.00	0.00	0.00	0.00	0.00	0.00	0.02	0.00	0.00	0.00	0.00	0.00	0.23	0.09	0.00	0.00	0.12	0.19	0.01
0.34	0.34	0.25	0.34	0.34	0.05	0.00	0.05	0.20	0.11	0.11	0.11	0.04	0.00	0.20	0.34	0.20	0.00	0.22	0.23	0.25	0.00	0.00	0.00	0.00	0.05	0.00	0.00	0.01	0.00	0.02	0.00	0.00	0.02	0.04	0.11	0.00	0.00	0.00	0.00	0.00	0.00	0.00	0.00	0.00	0.00	0.00	0.00	0.00	0.20	0.00	0.00	0.00	0.00	0.00	0.00	0.00	0.00	0.00	0.00	0.00	0.00	0.03	0.00	0.19	0.06	0.00	0.00	0.00	0.00	0.12
0.25	0.25	0.25	0.25	0.25	0.05	0.00	0.05	0.19	0.12	0.12	0.10	0.12	0.00	0.19	0.25	0.19	0.00	0.22	0.21	0.25	0.00	0.00	0.00	0.00	0.05	0.00	0.00	0.01	0.00	0.01	0.00	0.00	0.03	0.12	0.10	0.00	0.00	0.00	0.00	0.00	0.00	0.00	0.00	0.00	0.00	0.00	0.00	0.06	0.07	0.00	0.00	0.00	0.00	0.00	0.00	0.00	0.00	0.02	0.00	0.00	0.00	0.03	0.00	0.19	0.06	0.00	0.00	0.11	0.15	0.03
0.29	0.29	0.29	0.23	0.23	0.06	0.00	0.06	0.15	0.12	0.12	0.12	0.06	0.01	0.15	0.23	0.11	0.01	0.29	0.19	0.20	0.00	0.00	0.00	0.00	0.06	0.00	0.00	0.00	0.00	0.02	0.00	0.00	0.05	0.06	0.12	0.01	0.00	0.00	0.00	0.00	0.00	0.00	0.00	0.00	0.00	0.00	0.01	0.07	0.15	0.00	0.00	0.00	0.00	0.00	0.00	0.00	0.00	0.00	0.00	0.00	0.00	0.00	0.00	0.00	0.02	0.00	0.00	0.13	0.06	0.00
0.52	0.52	0.26	0.52	0.52	0.04	0.00	0.04	0.23	0.16	0.16	0.16	0.05	0.00	0.23	0.52	0.23	0.00	0.26	0.19	0.24	0.00	0.00	0.00	0.00	0.04	0.00	0.00	0.00	0.00	0.01	0.00	0.00	0.04	0.05	0.16	0.00	0.00	0.00	0.00	0.00	0.00	0.00	0.00	0.00	0.00	0.00	0.00	0.05	0.00	0.00	0.00	0.00	0.00	0.00	0.00	0.00	0.00	0.02	0.00	0.00	0.00	0.02	0.00	0.23	0.02	0.00	0.00	0.13	0.10	0.08
0.27	0.27	0.26	0.27	0.27	0.05	0.00	0.05	0.25	0.25	0.25	0.25	0.04	0.01	0.19	0.27	0.22	0.00	0.26	0.19	0.24	0.00	0.00	0.00	0.00	0.05	0.00	0.00	0.00	0.00	0.02	0.00	0.00	0.04	0.03	0.25	0.00	0.00	0.00	0.00	0.00	0.00	0.00	0.00	0.00	0.00	0.00	0.00	0.05	0.00	0.00	0.00	0.00	0.00	0.00	0.00	0.00	0.00	0.02	0.00	0.00	0.00	0.04	0.00	0.19	0.04	0.00	0.00	0.15	0.11	0.00
0.44	0.44	0.31	0.44	0.44	0.08	0.00	0.08	0.26	0.26	0.26	0.26	0.05	0.01	0.23	0.44	0.25	0.00	0.31	0.19	0.24	0.00	0.00	0.00	0.00	0.08	0.00	0.00	0.00	0.00	0.02	0.00	0.00	0.05	0.04	0.26	0.01	0.00	0.00	0.00	0.00	0.00	0.00	0.00	0.00	0.00	0.00	0.00	0.03	0.00	0.00	0.00	0.00	0.00	0.00	0.00	0.00	0.00	0.02	0.00	0.00	0.00	0.03	0.00	0.23	0.05	0.00	0.00	0.13	0.10	0.00
0.40	0.40	0.26	0.40	0.40	0.02	0.00	0.02	0.25	0.25	0.25	0.25	0.16	0.00	0.15	0.40	0.17	0.00	0.17	0.24	0.26	0.00	0.00	0.00	0.00	0.00	0.00	0.00	0.00	0.00	0.12	0.00	0.00	0.01	0.16	0.25	0.00	0.00	0.00	0.00	0.00	0.00	0.00	0.00	0.00	0.00	0.00	0.00	0.13	0.00	0.00	0.00	0.00	0.00	0.00	0.00	0.00	0.00	0.06	0.00	0.00	0.00	0.02	0.00	0.15	0.03	0.00	0.00	0.12	0.11	0.00
0.40	0.27	0.27	0.22	0.22	0.02	0.00	0.02	0.40	0.16	0.16	0.16	0.05	0.00	0.40	0.00	0.22	0.00	0.27	0.17	0.20	0.00	0.00	0.00	0.00	0.02	0.00	0.00	0.00	0.00	0.02	0.00	0.00	0.03	0.05	0.16	0.00	0.00	0.00	0.00	0.00	0.00	0.00	0.00	0.00	0.00	0.00	0.00	0.09	0.24	0.00	0.00	0.00	0.00	0.00	0.00	0.00	0.00	0.05	0.00	0.00	0.00	0.07	0.00	0.17	0.04	0.00	0.00	0.40	0.11	0.00
0.26	0.26	0.26	0.22	0.22	0.02	0.00	0.02	0.24	0.16	0.16	0.16	0.05	0.00	0.24	0.00	0.22	0.00	0.26	0.15	0.20	0.00	0.00	0.00	0.00	0.00	0.00	0.00	0.00	0.00	0.01	0.00	0.00	0.01	0.05	0.16	0.00	0.00	0.00	0.00	0.00	0.00	0.00	0.00	0.00	0.00	0.00	0.00	0.08	0.07	0.00	0.00	0.00	0.00	0.00	0.00	0.00	0.00	0.05	0.00	0.00	0.00	0.08	0.00	0.17	0.04	0.00	0.00	0.24	0.10	0.00
0.37	0.24	0.24	0.21	0.21	0.01	0.00	0.01	0.37	0.37	0.37	0.37	0.03	0.00	0.18	0.00	0.21	0.00	0.19	0.15	0.24	0.00	0.00	0.00	0.00	0.00	0.00	0.00	0.00	0.00	0.01	0.00	0.00	0.00	0.03	0.37	0.00	0.00	0.00	0.00	0.00	0.00	0.00	0.00	0.00	0.00	0.00	0.00	0.12	0.06	0.00	0.00	0.00	0.00	0.00	0.00	0.00	0.00	0.02	0.00	0.00	0.00	0.06	0.00	0.11	0.05	0.00	0.00	0.18	0.09	0.00
0.26	0.26	0.26	0.26	0.26	0.02	0.00	0.02	0.22	0.22	0.22	0.22	0.05	0.01	0.11	0.26	0.18	0.00	0.14	0.26	0.21	0.00	0.00	0.00	0.00	0.01	0.00	0.00	0.00	0.00	0.01	0.00	0.00	0.02	0.05	0.22	0.00	0.00	0.00	0.00	0.00	0.00	0.00	0.00	0.00	0.00	0.00	0.00	0.00	0.06	0.00	0.00	0.00	0.00	0.00	0.00	0.00	0.00	0.00	0.00	0.00	0.00	0.03	0.00	0.11	0.01	0.00	0.00	0.00	0.00	0.09
0.44	0.44	0.26	0.44	0.44	0.02	0.00	0.02	0.17	0.16	0.16	0.16	0.05	0.09	0.17	0.44	0.22	0.01	0.26	0.07	0.22	0.00	0.00	0.00	0.00	0.01	0.00	0.00	0.00	0.00	0.01	0.00	0.00	0.00	0.05	0.16	0.00	0.00	0.00	0.00	0.00	0.00	0.00	0.00	0.03	0.00	0.00	0.09	0.02	0.12	0.00	0.00	0.00	0.00	0.00	0.00	0.00	0.00	0.00	0.00	0.00	0.00	0.03	0.00	0.17	0.03	0.00	0.00	0.16	0.08	0.00
0.26	0.26	0.26	0.25	0.25	0.02	0.00	0.02	0.25	0.23	0.23	0.23	0.03	0.02	0.25	0.00	0.25	0.02	0.17	0.10	0.26	0.00	0.00	0.00	0.00	0.00	0.00	0.00	0.00	0.00	0.00	0.00	0.00	0.03	0.03	0.23	0.01	0.00	0.00	0.00	0.00	0.00	0.00	0.01	0.00	0.00	0.02	0.01	0.04	0.11	0.00	0.00	0.00	0.00	0.00	0.00	0.00	0.00	0.06	0.00	0.00	0.00	0.03	0.00	0.25	0.04	0.00	0.00	0.20	0.19	0.00
0.26	0.25	0.25	0.23	0.23	0.01	0.00	0.01	0.26	0.26	0.26	0.26	0.04	0.13	0.17	0.00	0.23	0.07	0.15	0.19	0.25	0.00	0.00	0.00	0.00	0.00	0.00	0.00	0.00	0.00	0.00	0.00	0.00	0.04	0.03	0.26	0.01	0.00	0.00	0.00	0.00	0.00	0.00	0.13	0.07	0.02	0.04	0.07	0.00	0.16	0.00	0.00	0.00	0.00	0.00	0.00	0.00	0.00	0.00	0.00	0.00	0.00	0.09	0.00	0.17	0.07	0.00	0.00	0.00	0.00	0.00
0.95	0.28	0.23	0.28	0.28	0.02	0.00	0.02	0.95	0.35	0.35	0.35	0.21	0.13	0.95	0.26	0.28	0.04	0.20	0.13	0.23	0.00	0.00	0.00	0.00	0.02	0.00	0.00	0.00	0.00	0.00	0.00	0.00	0.17	0.21	0.35	0.05	0.00	0.00	0.00	0.00	0.00	0.00	0.07	0.13	0.03	0.05	0.03	0.00	0.05	0.00	0.00	0.00	0.00	0.00	0.00	0.00	0.00	0.00	0.00	0.00	0.00	0.02	0.00	0.22	0.04	0.00	0.00	0.00	0.00	0.00
0.39	0.39	0.25	0.39	0.39	0.03	0.00	0.03	0.30	0.30	0.30	0.30	0.10	0.05	0.19	0.39	0.19	0.06	0.13	0.21	0.25	0.00	0.00	0.00	0.00	0.00	0.00	0.00	0.00	0.00	0.02	0.01	0.00	0.07	0.10	0.30	0.04	0.00	0.00	0.00	0.00	0.00	0.00	0.02	0.02	0.01	0.05	0.02	0.00	0.16	0.00	0.00	0.00	0.00	0.00	0.00	0.00	0.00	0.00	0.00	0.00	0.00	0.00	0.00	0.19	0.10	0.00	0.00	0.00	0.00	0.04
0.28	0.28	0.26	0.28	0.28	0.03	0.00	0.03	0.28	0.28	0.28	0.28	0.06	0.08	0.19	0.28	0.19	0.06	0.13	0.25	0.26	0.00	0.00	0.00	0.00	0.00	0.00	0.00	0.00	0.00	0.02	0.01	0.00	0.05	0.06	0.28	0.02	0.00	0.00	0.00	0.00	0.00	0.00	0.02	0.00	0.01	0.04	0.08	0.00	0.15	0.00	0.00	0.00	0.00	0.00	0.00	0.00	0.00	0.00	0.00	0.00	0.00	0.00	0.00	0.19	0.08	0.00	0.00	0.00	0.00	0.02
0.25	0.23	0.23	0.18	0.18	0.12	0.00	0.12	0.25	0.25	0.25	0.25	0.22	0.02	0.20	0.18	0.16	0.12	0.23	0.17	0.21	0.00	0.00	0.00	0.00	0.12	0.00	0.00	0.00	0.00	0.03	0.06	0.00	0.22	0.10	0.25	0.09	0.00	0.00	0.00	0.00	0.00	0.00	0.00	0.02	0.01	0.01	0.01	0.20	0.16	0.00	0.00	0.00	0.00	0.00	0.00	0.00	0.00	0.05	0.00	0.00	0.00	0.03	0.00	0.12	0.20	0.00	0.00	0.16	0.19	0.04
0.29	0.29	0.29	0.25	0.25	0.04	0.00	0.04	0.29	0.29	0.29	0.29	0.09	0.01	0.22	0.00	0.25	0.06	0.12	0.12	0.29	0.00	0.00	0.00	0.00	0.04	0.00	0.00	0.00	0.00	0.07	0.24	0.00	0.09	0.08	0.29	0.05	0.00	0.00	0.00	0.00	0.00	0.00	0.00	0.00	0.00	0.00	0.00	0.22	0.00	0.00	0.00	0.00	0.00	0.00	0.00	0.00	0.00	0.18	0.00	0.00	0.00	0.00	0.00	0.11	0.08	0.00	0.00	0.13	0.15	0.00
