0.26	0.26	0.26	0.20	0.20	0.02	0.00	0.02	0.14	0.14	0.14	0.14	0.03	0.02	0.12	0.00	0.20	0.01	0.10	0.11	0.26	0.00	0.00	0.00	0.00	0.02	0.00	0.00	0.00	0.00	0.00	0.00	0.00	0.00	0.03	0.14	0.00	0.00	0.00	0.00	0.00	0.00	0.00	0.00	0.02	0.00	0.00	0.00	0.00	0.08	0.00	0.00	0.00	0.00	0.00	0.00	0.00	0.00	0.00	0.00	0.00	0.00	0.00	0.00	0.12	0.03	0.00	0.00	0.00	0.00	0.00
0.25	0.25	0.25	0.21	0.21	0.01	0.00	0.01	0.11	0.11	0.11	0.11	0.02	0.01	0.11	0.00	0.21	0.00	0.10	0.06	0.25	0.00	0.00	0.00	0.00	0.00	0.00	0.00	0.00	0.00	0.00	0.00	0.00	0.00	0.02	0.11	0.00	0.00	0.00	0.00	0.00	0.00	0.00	0.00	0.00	0.00	0.00	0.00	0.00	0.04	0.00	0.00	0.00	0.00	0.00	0.00	0.00	0.00	0.00	0.00	0.00	0.00	0.00	0.00	0.11	0.03	0.00	0.00	0.00	0.00	0.00
0.47	0.23	0.23	0.15	0.15	0.02	0.00	0.02	0.47	0.47	0.47	0.47	0.03	0.00	0.36	0.00	0.15	0.00	0.22	0.15	0.23	0.00	0.00	0.00	0.00	0.02	0.00	0.00	0.00	0.00	0.00	0.00	0.00	0.02	0.03	0.47	0.00	0.00	0.00	0.00	0.00	0.00	0.00	0.00	0.00	0.00	0.00	0.00	0.00	0.08	0.00	0.00	0.00	0.00	0.00	0.00	0.00	0.00	0.00	0.00	0.00	0.00	0.00	0.00	0.36	0.12	0.00	0.07	0.00	0.00	0.00
0.26	0.26	0.25	0.26	0.26	0.10	0.00	0.10	0.13	0.07	0.07	0.05	0.07	0.01	0.13	0.26	0.22	0.00	0.06	0.23	0.25	0.00	0.00	0.00	0.00	0.10	0.00	0.00	0.00	0.00	0.00	0.00	0.00	0.07	0.07	0.05	0.02	0.00	0.00	0.00	0.00	0.00	0.00	0.00	0.00	0.00	0.01	0.00	0.00	0.09	0.00	0.00	0.00	0.00	0.00	0.00	0.00	0.00	0.00	0.00	0.00	0.00	0.00	0.00	0.02	0.12	0.00	0.00	0.00	0.00	0.08
0.26	0.26	0.26	0.12	0.12	0.05	0.00	0.05	0.14	0.14	0.14	0.02	0.14	0.07	0.08	0.05	0.12	0.05	0.07	0.25	0.26	0.00	0.00	0.00	0.00	0.05	0.00	0.00	0.00	0.00	0.00	0.00	0.00	0.14	0.05	0.01	0.01	0.00	0.00	0.00	0.00	0.00	0.00	0.00	0.02	0.03	0.07	0.05	0.08	0.06	0.00	0.00	0.00	0.03	0.00	0.00	0.00	0.00	0.00	0.00	0.00	0.00	0.00	0.00	0.00	0.03	0.00	0.00	0.00	0.08	0.04
0.28	0.28	0.28	0.13	0.13	0.12	0.00	0.12	0.18	0.18	0.18	0.05	0.18	0.11	0.07	0.06	0.13	0.05	0.08	0.25	0.28	0.00	0.00	0.00	0.00	0.12	0.00	0.00	0.00	0.00	0.00	0.02	0.00	0.14	0.18	0.05	0.07	0.00	0.00	0.00	0.00	0.00	0.00	0.02	0.04	0.04	0.11	0.11	0.00	0.06	0.00	0.00	0.00	0.03	0.00	0.00	0.00	0.00	0.00	0.00	0.00	0.00	0.00	0.00	0.07	0.04	0.00	0.03	0.00	0.00	0.02
0.26	0.26	0.26	0.16	0.16	0.22	0.00	0.22	0.26	0.21	0.21	0.06	0.21	0.14	0.08	0.05	0.16	0.05	0.08	0.26	0.23	0.00	0.00	0.00	0.00	0.22	0.00	0.00	0.00	0.18	0.00	0.03	0.00	0.16	0.21	0.06	0.26	0.00	0.00	0.00	0.00	0.00	0.00	0.01	0.03	0.03	0.10	0.14	0.00	0.08	0.00	0.00	0.00	0.05	0.00	0.00	0.00	0.00	0.00	0.00	0.00	0.00	0.00	0.00	0.06	0.08	0.00	0.01	0.00	0.00	0.08
0.27	0.27	0.24	0.17	0.17	0.25	0.00	0.25	0.27	0.19	0.19	0.09	0.19	0.27	0.09	0.04	0.17	0.07	0.07	0.24	0.24	0.00	0.00	0.00	0.00	0.25	0.00	0.00	0.00	0.16	0.00	0.03	0.00	0.19	0.18	0.09	0.26	0.00	0.00	0.00	0.00	0.00	0.00	0.01	0.03	0.03	0.10	0.27	0.02	0.08	0.00	0.00	0.00	0.10	0.00	0.00	0.00	0.00	0.00	0.00	0.00	0.00	0.00	0.00	0.05	0.09	0.00	0.01	0.06	0.07	0.03
0.28	0.28	0.25	0.17	0.17	0.24	0.00	0.24	0.28	0.19	0.19	0.09	0.19	0.28	0.08	0.06	0.17	0.07	0.08	0.25	0.24	0.00	0.00	0.00	0.00	0.24	0.00	0.00	0.00	0.17	0.00	0.03	0.00	0.19	0.18	0.09	0.27	0.00	0.00	0.00	0.01	0.00	0.00	0.02	0.03	0.04	0.12	0.28	0.02	0.08	0.00	0.00	0.00	0.10	0.00	0.00	0.00	0.00	0.00	0.00	0.00	0.00	0.00	0.00	0.06	0.08	0.00	0.03	0.07	0.06	0.01
0.31	0.31	0.25	0.17	0.17	0.22	0.00	0.22	0.31	0.20	0.20	0.09	0.20	0.31	0.10	0.04	0.17	0.07	0.08	0.25	0.24	0.00	0.00	0.00	0.00	0.22	0.00	0.00	0.00	0.16	0.00	0.03	0.00	0.20	0.14	0.09	0.27	0.00	0.00	0.00	0.01	0.00	0.00	0.05	0.03	0.03	0.10	0.31	0.02	0.08	0.00	0.00	0.00	0.11	0.00	0.00	0.00	0.00	0.00	0.00	0.00	0.00	0.00	0.00	0.10	0.08	0.00	0.02	0.06	0.06	0.02
0.27	0.27	0.27	0.20	0.20	0.20	0.00	0.20	0.15	0.15	0.15	0.10	0.15	0.09	0.15	0.20	0.16	0.05	0.18	0.24	0.27	0.00	0.00	0.00	0.00	0.20	0.00	0.00	0.00	0.00	0.00	0.02	0.00	0.15	0.11	0.10	0.11	0.00	0.00	0.00	0.00	0.00	0.00	0.02	0.01	0.01	0.04	0.09	0.07	0.15	0.00	0.00	0.00	0.02	0.00	0.00	0.00	0.00	0.00	0.00	0.00	0.00	0.00	0.00	0.10	0.05	0.00	0.02	0.10	0.05	0.00
0.34	0.25	0.25	0.21	0.21	0.08	0.00	0.08	0.34	0.34	0.34	0.09	0.34	0.08	0.21	0.11	0.21	0.15	0.04	0.25	0.20	0.00	0.00	0.00	0.00	0.08	0.00	0.00	0.00	0.00	0.00	0.05	0.00	0.34	0.12	0.07	0.06	0.00	0.00	0.00	0.00	0.00	0.00	0.06	0.02	0.02	0.08	0.02	0.11	0.02	0.00	0.00	0.00	0.00	0.00	0.00	0.00	0.00	0.00	0.00	0.00	0.00	0.00	0.00	0.21	0.02	0.00	0.02	0.08	0.12	0.02
0.34	0.34	0.25	0.22	0.22	0.06	0.00	0.06	0.34	0.33	0.33	0.07	0.33	0.34	0.23	0.19	0.22	0.10	0.13	0.25	0.25	0.00	0.00	0.00	0.00	0.06	0.00	0.00	0.00	0.16	0.00	0.13	0.00	0.33	0.12	0.07	0.16	0.00	0.00	0.00	0.04	0.00	0.00	0.28	0.28	0.14	0.23	0.34	0.00	0.08	0.00	0.00	0.00	0.00	0.00	0.00	0.00	0.00	0.00	0.00	0.00	0.00	0.00	0.00	0.23	0.04	0.00	0.02	0.00	0.00	0.19
0.33	0.33	0.26	0.21	0.21	0.07	0.00	0.07	0.33	0.30	0.30	0.08	0.30	0.33	0.05	0.13	0.21	0.13	0.13	0.26	0.26	0.00	0.00	0.00	0.00	0.07	0.00	0.00	0.00	0.20	0.00	0.16	0.00	0.30	0.12	0.08	0.20	0.00	0.00	0.00	0.05	0.00	0.00	0.33	0.28	0.23	0.31	0.26	0.00	0.04	0.00	0.00	0.00	0.00	0.00	0.00	0.00	0.00	0.00	0.00	0.00	0.00	0.00	0.00	0.05	0.04	0.00	0.00	0.00	0.00	0.01
0.25	0.25	0.25	0.20	0.20	0.06	0.00	0.06	0.25	0.25	0.25	0.07	0.25	0.14	0.11	0.19	0.20	0.16	0.25	0.25	0.25	0.00	0.00	0.00	0.00	0.06	0.00	0.00	0.00	0.18	0.00	0.17	0.00	0.25	0.13	0.07	0.15	0.00	0.00	0.00	0.00	0.00	0.00	0.05	0.05	0.09	0.14	0.00	0.11	0.05	0.00	0.00	0.00	0.00	0.00	0.00	0.00	0.00	0.00	0.00	0.00	0.00	0.00	0.00	0.07	0.02	0.00	0.00	0.05	0.11	0.02
0.29	0.28	0.25	0.28	0.28	0.09	0.00	0.09	0.29	0.29	0.29	0.07	0.29	0.10	0.15	0.28	0.24	0.18	0.25	0.25	0.25	0.00	0.00	0.00	0.00	0.09	0.00	0.00	0.00	0.04	0.00	0.14	0.00	0.29	0.06	0.07	0.14	0.00	0.00	0.00	0.01	0.00	0.00	0.02	0.05	0.05	0.10	0.00	0.10	0.15	0.00	0.00	0.00	0.00	0.00	0.00	0.00	0.00	0.00	0.00	0.00	0.00	0.00	0.00	0.07	0.01	0.00	0.00	0.07	0.12	0.11
0.33	0.26	0.25	0.26	0.26	0.07	0.00	0.07	0.33	0.33	0.33	0.07	0.33	0.10	0.15	0.26	0.23	0.19	0.25	0.25	0.25	0.00	0.00	0.00	0.00	0.07	0.00	0.00	0.00	0.05	0.00	0.14	0.00	0.33	0.06	0.07	0.15	0.00	0.00	0.00	0.01	0.00	0.00	0.02	0.05	0.05	0.10	0.00	0.11	0.15	0.00	0.00	0.00	0.00	0.00	0.00	0.00	0.00	0.00	0.00	0.00	0.00	0.00	0.00	0.07	0.02	0.00	0.00	0.08	0.11	0.01
0.33	0.31	0.27	0.31	0.31	0.06	0.00	0.06	0.33	0.33	0.33	0.13	0.33	0.16	0.11	0.31	0.26	0.13	0.04	0.27	0.23	0.00	0.00	0.00	0.00	0.04	0.00	0.00	0.00	0.02	0.00	0.03	0.00	0.33	0.05	0.13	0.06	0.00	0.00	0.00	0.00	0.00	0.00	0.10	0.02	0.04	0.16	0.04	0.00	0.09	0.00	0.00	0.00	0.00	0.00	0.00	0.00	0.00	0.00	0.00	0.00	0.00	0.00	0.00	0.11	0.00	0.00	0.00	0.00	0.00	0.00
0.26	0.26	0.26	0.26	0.26	0.05	0.00	0.05	0.20	0.20	0.20	0.08	0.20	0.16	0.12	0.26	0.22	0.13	0.05	0.26	0.24	0.00	0.00	0.00	0.00	0.05	0.00	0.00	0.00	0.02	0.00	0.03	0.00	0.20	0.05	0.08	0.06	0.00	0.00	0.00	0.00	0.00	0.00	0.11	0.02	0.04	0.16	0.04	0.00	0.02	0.00	0.00	0.00	0.00	0.00	0.00	0.00	0.00	0.00	0.00	0.00	0.00	0.00	0.00	0.12	0.00	0.00	0.00	0.00	0.00	0.26
0.31	0.31	0.26	0.22	0.17	0.20	0.00	0.20	0.27	0.21	0.21	0.17	0.21	0.27	0.19	0.15	0.17	0.31	0.26	0.20	0.13	0.00	0.00	0.00	0.00	0.20	0.00	0.00	0.00	0.02	0.00	0.14	0.00	0.21	0.20	0.17	0.20	0.00	0.00	0.00	0.00	0.00	0.00	0.00	0.03	0.11	0.27	0.05	0.19	0.10	0.00	0.00	0.00	0.00	0.00	0.00	0.00	0.00	0.00	0.00	0.00	0.00	0.00	0.00	0.18	0.03	0.00	0.00	0.06	0.10	0.22
0.34	0.34	0.25	0.18	0.18	0.07	0.00	0.07	0.26	0.24	0.24	0.03	0.24	0.26	0.19	0.15	0.18	0.34	0.25	0.25	0.25	0.00	0.00	0.00	0.00	0.07	0.00	0.00	0.00	0.03	0.00	0.15	0.00	0.24	0.05	0.02	0.11	0.00	0.00	0.00	0.01	0.00	0.00	0.00	0.03	0.11	0.26	0.12	0.19	0.05	0.00	0.00	0.00	0.02	0.00	0.00	0.00	0.00	0.00	0.00	0.00	0.00	0.00	0.00	0.04	0.00	0.00	0.00	0.06	0.09	0.01
0.26	0.26	0.25	0.20	0.20	0.06	0.00	0.06	0.26	0.23	0.23	0.03	0.23	0.26	0.19	0.12	0.20	0.25	0.25	0.25	0.25	0.00	0.00	0.00	0.00	0.06	0.00	0.00	0.00	0.02	0.00	0.15	0.00	0.23	0.05	0.02	0.12	0.00	0.00	0.00	0.00	0.00	0.00	0.00	0.02	0.11	0.26	0.11	0.19	0.05	0.00	0.00	0.00	0.02	0.00	0.00	0.00	0.00	0.00	0.00	0.00	0.00	0.00	0.00	0.04	0.01	0.00	0.00	0.07	0.09	0.00
0.33	0.33	0.26	0.11	0.11	0.03	0.00	0.03	0.33	0.33	0.33	0.03	0.33	0.33	0.13	0.01	0.11	0.08	0.12	0.26	0.26	0.00	0.00	0.00	0.00	0.02	0.00	0.00	0.00	0.03	0.00	0.11	0.00	0.33	0.10	0.03	0.23	0.00	0.00	0.00	0.02	0.00	0.00	0.33	0.17	0.06	0.18	0.30	0.13	0.00	0.00	0.00	0.00	0.00	0.00	0.00	0.00	0.00	0.00	0.00	0.00	0.00	0.00	0.00	0.00	0.00	0.00	0.00	0.06	0.04	0.02
0.29	0.27	0.23	0.17	0.17	0.17	0.00	0.17	0.29	0.29	0.29	0.05	0.29	0.17	0.15	0.01	0.17	0.27	0.03	0.23	0.20	0.00	0.00	0.00	0.00	0.17	0.00	0.00	0.00	0.00	0.00	0.01	0.00	0.29	0.21	0.05	0.06	0.00	0.00	0.00	0.00	0.00	0.00	0.09	0.10	0.05	0.13	0.17	0.10	0.04	0.00	0.00	0.00	0.00	0.00	0.00	0.00	0.00	0.00	0.00	0.00	0.00	0.00	0.00	0.15	0.00	0.00	0.09	0.05	0.03	0.03
0.33	0.22	0.22	0.16	0.16	0.03	0.00	0.03	0.33	0.27	0.27	0.06	0.27	0.18	0.33	0.09	0.16	0.08	0.22	0.04	0.04	0.00	0.00	0.00	0.00	0.02	0.00	0.00	0.00	0.00	0.00	0.20	0.00	0.27	0.21	0.06	0.12	0.00	0.00	0.00	0.00	0.00	0.00	0.04	0.03	0.02	0.06	0.18	0.33	0.09	0.00	0.00	0.00	0.00	0.00	0.00	0.00	0.00	0.00	0.00	0.00	0.00	0.00	0.00	0.09	0.00	0.00	0.00	0.04	0.06	0.00
0.29	0.29	0.25	0.17	0.17	0.05	0.00	0.05	0.29	0.20	0.20	0.08	0.20	0.25	0.05	0.17	0.15	0.07	0.24	0.23	0.25	0.00	0.00	0.00	0.00	0.00	0.00	0.00	0.00	0.10	0.00	0.10	0.00	0.20	0.13	0.08	0.29	0.00	0.00	0.00	0.07	0.00	0.00	0.24	0.25	0.06	0.13	0.21	0.00	0.05	0.00	0.00	0.00	0.00	0.00	0.00	0.00	0.00	0.00	0.00	0.00	0.00	0.00	0.00	0.00	0.02	0.00	0.00	0.00	0.00	0.16
0.28	0.28	0.25	0.18	0.18	0.05	0.00	0.05	0.28	0.20	0.20	0.08	0.20	0.23	0.08	0.17	0.18	0.06	0.24	0.23	0.25	0.00	0.00	0.00	0.00	0.00	0.00	0.00	0.00	0.24	0.00	0.20	0.00	0.20	0.13	0.08	0.28	0.00	0.00	0.00	0.07	0.00	0.00	0.23	0.23	0.06	0.13	0.21	0.06	0.05	0.00	0.00	0.00	0.00	0.00	0.00	0.00	0.00	0.00	0.00	0.00	0.00	0.00	0.00	0.00	0.02	0.00	0.00	0.08	0.07	0.11
0.41	0.41	0.26	0.38	0.38	0.05	0.00	0.05	0.41	0.23	0.23	0.08	0.23	0.41	0.17	0.38	0.24	0.06	0.22	0.26	0.19	0.00	0.00	0.00	0.00	0.04	0.00	0.00	0.00	0.21	0.00	0.20	0.00	0.23	0.13	0.08	0.24	0.00	0.00	0.00	0.03	0.00	0.00	0.41	0.19	0.07	0.13	0.19	0.05	0.05	0.00	0.00	0.00	0.00	0.00	0.00	0.00	0.00	0.00	0.00	0.00	0.00	0.00	0.00	0.05	0.04	0.00	0.00	0.17	0.07	0.11
0.52	0.52	0.26	0.22	0.22	0.04	0.00	0.04	0.52	0.25	0.25	0.07	0.25	0.52	0.07	0.22	0.19	0.10	0.22	0.26	0.19	0.00	0.00	0.00	0.00	0.04	0.00	0.00	0.00	0.22	0.00	0.22	0.00	0.25	0.15	0.07	0.22	0.00	0.00	0.00	0.00	0.00	0.00	0.52	0.10	0.07	0.13	0.09	0.06	0.05	0.00	0.00	0.00	0.00	0.00	0.00	0.00	0.00	0.00	0.00	0.00	0.00	0.00	0.00	0.04	0.02	0.00	0.00	0.07	0.07	0.02
0.66	0.66	0.25	0.22	0.22	0.04	0.00	0.04	0.66	0.27	0.27	0.06	0.27	0.66	0.10	0.17	0.22	0.28	0.05	0.23	0.25	0.00	0.00	0.00	0.00	0.04	0.00	0.00	0.00	0.00	0.00	0.03	0.00	0.27	0.07	0.06	0.09	0.00	0.00	0.00	0.01	0.00	0.00	0.07	0.09	0.05	0.15	0.66	0.10	0.05	0.00	0.00	0.00	0.02	0.00	0.00	0.00	0.00	0.00	0.00	0.00	0.00	0.00	0.00	0.05	0.00	0.00	0.00	0.09	0.05	0.03
0.28	0.28	0.28	0.17	0.17	0.11	0.00	0.11	0.25	0.23	0.23	0.11	0.23	0.25	0.16	0.17	0.12	0.11	0.28	0.22	0.23	0.00	0.00	0.00	0.00	0.11	0.00	0.00	0.00	0.07	0.00	0.12	0.00	0.23	0.10	0.11	0.22	0.00	0.00	0.00	0.02	0.00	0.00	0.19	0.25	0.06	0.23	0.25	0.16	0.06	0.00	0.00	0.00	0.00	0.00	0.00	0.00	0.00	0.00	0.00	0.00	0.00	0.00	0.00	0.02	0.03	0.00	0.00	0.10	0.12	0.02
0.26	0.26	0.26	0.14	0.14	0.25	0.00	0.25	0.23	0.23	0.23	0.04	0.23	0.22	0.16	0.14	0.13	0.18	0.26	0.21	0.25	0.00	0.00	0.00	0.00	0.25	0.00	0.00	0.00	0.08	0.00	0.04	0.00	0.23	0.10	0.04	0.09	0.00	0.00	0.00	0.00	0.00	0.00	0.00	0.02	0.03	0.05	0.22	0.00	0.16	0.00	0.00	0.00	0.05	0.00	0.00	0.00	0.00	0.00	0.00	0.00	0.00	0.00	0.00	0.02	0.02	0.00	0.00	0.00	0.00	0.01
0.53	0.53	0.26	0.13	0.13	0.24	0.00	0.24	0.53	0.26	0.26	0.04	0.26	0.53	0.16	0.06	0.13	0.11	0.26	0.20	0.20	0.00	0.00	0.00	0.00	0.24	0.00	0.00	0.00	0.12	0.00	0.05	0.00	0.26	0.26	0.04	0.20	0.00	0.00	0.00	0.01	0.00	0.00	0.04	0.03	0.04	0.07	0.53	0.00	0.16	0.00	0.00	0.00	0.06	0.00	0.00	0.00	0.00	0.00	0.00	0.00	0.00	0.00	0.00	0.03	0.02	0.00	0.00	0.00	0.00	0.00
0.30	0.30	0.27	0.11	0.11	0.04	0.00	0.04	0.30	0.25	0.25	0.03	0.25	0.30	0.18	0.03	0.11	0.06	0.24	0.27	0.25	0.00	0.00	0.00	0.00	0.04	0.00	0.00	0.00	0.03	0.00	0.06	0.00	0.20	0.25	0.03	0.28	0.00	0.00	0.00	0.02	0.00	0.00	0.05	0.12	0.03	0.10	0.30	0.00	0.18	0.00	0.00	0.00	0.00	0.00	0.00	0.00	0.00	0.00	0.00	0.00	0.00	0.00	0.00	0.05	0.05	0.00	0.00	0.00	0.00	0.01
0.34	0.34	0.27	0.14	0.14	0.04	0.00	0.04	0.34	0.25	0.25	0.03	0.25	0.24	0.19	0.06	0.14	0.06	0.27	0.27	0.26	0.00	0.00	0.00	0.00	0.02	0.00	0.00	0.00	0.04	0.00	0.08	0.00	0.23	0.25	0.03	0.34	0.00	0.00	0.00	0.02	0.00	0.00	0.09	0.15	0.05	0.19	0.24	0.00	0.19	0.00	0.00	0.00	0.00	0.00	0.00	0.00	0.00	0.00	0.00	0.00	0.00	0.00	0.00	0.00	0.05	0.00	0.00	0.00	0.00	0.09
0.31	0.31	0.31	0.12	0.12	0.14	0.00	0.14	0.26	0.26	0.26	0.02	0.26	0.08	0.01	0.03	0.12	0.07	0.31	0.27	0.25	0.00	0.00	0.00	0.00	0.14	0.00	0.00	0.00	0.03	0.00	0.02	0.00	0.26	0.26	0.02	0.08	0.00	0.00	0.00	0.00	0.00	0.00	0.00	0.00	0.06	0.08	0.03	0.00	0.00	0.00	0.00	0.00	0.00	0.00	0.00	0.00	0.00	0.00	0.00	0.00	0.00	0.00	0.00	0.00	0.00	0.00	0.00	0.00	0.00	0.00
0.31	0.31	0.31	0.16	0.16	0.25	0.00	0.25	0.29	0.29	0.29	0.09	0.29	0.08	0.01	0.13	0.16	0.06	0.31	0.29	0.25	0.00	0.00	0.00	0.00	0.25	0.00	0.00	0.00	0.03	0.00	0.02	0.00	0.29	0.22	0.09	0.12	0.00	0.00	0.00	0.00	0.00	0.00	0.00	0.01	0.05	0.08	0.03	0.00	0.00	0.00	0.00	0.00	0.00	0.00	0.00	0.00	0.00	0.00	0.00	0.00	0.00	0.00	0.00	0.00	0.00	0.00	0.00	0.00	0.00	0.01
0.36	0.31	0.31	0.25	0.25	0.28	0.00	0.28	0.36	0.36	0.36	0.09	0.36	0.29	0.01	0.25	0.17	0.08	0.31	0.30	0.25	0.00	0.00	0.00	0.00	0.28	0.00	0.00	0.00	0.04	0.00	0.02	0.00	0.36	0.28	0.09	0.12	0.00	0.00	0.00	0.03	0.00	0.00	0.02	0.11	0.09	0.09	0.29	0.00	0.00	0.00	0.00	0.00	0.00	0.00	0.00	0.00	0.00	0.00	0.00	0.00	0.00	0.00	0.00	0.01	0.00	0.00	0.00	0.00	0.00	0.03
0.34	0.29	0.27	0.23	0.23	0.29	0.00	0.29	0.34	0.34	0.34	0.10	0.34	0.11	0.05	0.23	0.16	0.08	0.27	0.26	0.25	0.00	0.00	0.00	0.00	0.29	0.00	0.00	0.00	0.03	0.00	0.04	0.00	0.34	0.23	0.10	0.12	0.00	0.00	0.00	0.00	0.00	0.00	0.01	0.02	0.05	0.11	0.10	0.00	0.05	0.00	0.00	0.00	0.00	0.00	0.00	0.00	0.00	0.00	0.00	0.00	0.00	0.00	0.00	0.01	0.02	0.00	0.00	0.00	0.00	0.01
0.26	0.26	0.26	0.14	0.14	0.08	0.00	0.04	0.25	0.25	0.25	0.08	0.25	0.09	0.22	0.10	0.14	0.12	0.26	0.24	0.25	0.00	0.00	0.00	0.00	0.00	0.00	0.00	0.00	0.00	0.00	0.04	0.00	0.25	0.04	0.08	0.08	0.00	0.00	0.00	0.00	0.00	0.00	0.03	0.09	0.02	0.08	0.02	0.22	0.00	0.00	0.00	0.00	0.00	0.00	0.00	0.00	0.00	0.00	0.00	0.00	0.00	0.00	0.00	0.00	0.00	0.00	0.00	0.13	0.12	0.01
0.26	0.26	0.26	0.16	0.16	0.08	0.00	0.04	0.23	0.23	0.23	0.06	0.23	0.09	0.23	0.16	0.16	0.12	0.25	0.24	0.26	0.00	0.00	0.00	0.00	0.00	0.00	0.00	0.00	0.02	0.00	0.08	0.00	0.23	0.05	0.06	0.19	0.00	0.00	0.00	0.00	0.00	0.00	0.02	0.09	0.02	0.08	0.02	0.23	0.09	0.00	0.00	0.00	0.00	0.00	0.00	0.00	0.00	0.00	0.00	0.00	0.00	0.00	0.00	0.00	0.02	0.00	0.00	0.13	0.14	0.07
0.25	0.25	0.25	0.15	0.15	0.08	0.00	0.04	0.24	0.23	0.23	0.06	0.23	0.24	0.22	0.15	0.14	0.08	0.25	0.24	0.25	0.00	0.00	0.00	0.00	0.00	0.00	0.00	0.00	0.02	0.00	0.08	0.00	0.23	0.05	0.06	0.18	0.00	0.00	0.00	0.01	0.00	0.00	0.03	0.24	0.02	0.08	0.06	0.22	0.09	0.00	0.00	0.00	0.00	0.00	0.00	0.00	0.00	0.00	0.00	0.00	0.00	0.00	0.00	0.00	0.02	0.00	0.00	0.13	0.13	0.02
0.26	0.26	0.26	0.20	0.20	0.05	0.00	0.05	0.26	0.26	0.26	0.07	0.26	0.13	0.26	0.20	0.16	0.09	0.23	0.23	0.26	0.00	0.00	0.00	0.00	0.00	0.00	0.00	0.00	0.02	0.00	0.08	0.00	0.26	0.06	0.07	0.21	0.00	0.00	0.00	0.02	0.00	0.00	0.03	0.13	0.04	0.10	0.02	0.26	0.10	0.00	0.00	0.00	0.00	0.00	0.00	0.00	0.00	0.00	0.00	0.00	0.00	0.00	0.00	0.04	0.02	0.00	0.00	0.14	0.14	0.07
0.26	0.26	0.26	0.23	0.23	0.04	0.00	0.04	0.23	0.20	0.20	0.07	0.20	0.03	0.23	0.23	0.16	0.08	0.24	0.13	0.26	0.00	0.00	0.00	0.00	0.00	0.00	0.00	0.00	0.02	0.00	0.08	0.00	0.20	0.05	0.07	0.19	0.00	0.00	0.00	0.01	0.00	0.00	0.00	0.03	0.02	0.02	0.01	0.23	0.13	0.00	0.00	0.00	0.00	0.00	0.00	0.00	0.00	0.00	0.00	0.00	0.00	0.00	0.00	0.04	0.02	0.00	0.00	0.14	0.13	0.01
0.27	0.27	0.27	0.27	0.27	0.03	0.00	0.03	0.24	0.07	0.07	0.07	0.02	0.00	0.24	0.00	0.27	0.00	0.27	0.14	0.27	0.00	0.00	0.00	0.00	0.03	0.00	0.00	0.00	0.00	0.00	0.00	0.00	0.00	0.02	0.07	0.02	0.00	0.00	0.00	0.00	0.00	0.00	0.00	0.00	0.00	0.00	0.00	0.04	0.19	0.00	0.00	0.00	0.00	0.00	0.00	0.00	0.00	0.00	0.00	0.00	0.00	0.00	0.00	0.08	0.03	0.00	0.00	0.24	0.17	0.00
0.61	0.33	0.33	0.25	0.25	0.02	0.00	0.02	0.61	0.13	0.13	0.13	0.02	0.00	0.61	0.00	0.25	0.00	0.26	0.14	0.33	0.00	0.00	0.00	0.00	0.02	0.00	0.00	0.00	0.00	0.00	0.00	0.00	0.00	0.02	0.06	0.02	0.00	0.00	0.00	0.00	0.00	0.00	0.00	0.00	0.00	0.00	0.00	0.05	0.19	0.00	0.00	0.00	0.00	0.00	0.00	0.00	0.00	0.00	0.00	0.00	0.00	0.00	0.00	0.00	0.03	0.00	0.00	0.61	0.16	0.00
0.27	0.27	0.27	0.25	0.25	0.02	0.00	0.02	0.27	0.17	0.17	0.17	0.03	0.00	0.27	0.00	0.25	0.00	0.27	0.05	0.22	0.00	0.00	0.00	0.00	0.02	0.00	0.00	0.00	0.00	0.00	0.00	0.00	0.00	0.03	0.17	0.00	0.00	0.00	0.00	0.00	0.00	0.00	0.00	0.00	0.00	0.00	0.00	0.09	0.18	0.00	0.00	0.00	0.00	0.00	0.00	0.00	0.00	0.00	0.00	0.00	0.00	0.00	0.00	0.06	0.02	0.00	0.00	0.27	0.14	0.00
