0.33	0.28	0.28	0.22	0.22	0.11	0.00	0.11	0.33	0.33	0.33	0.33	0.12	0.05	0.13	0.04	0.22	0.09	0.10	0.17	0.28	0.00	0.00	0.00	0.00	0.11	0.00	0.00	0.00	0.00	0.04	0.00	0.00	0.12	0.12	0.33	0.02	0.00	0.00	0.00	0.00	0.00	0.00	0.02	0.03	0.05	0.04	0.00	0.00	0.00	0.00	0.00	0.00	0.00	0.00	0.00	0.00	0.00	0.00	0.00	0.00	0.00	0.00	0.00	0.08	0.13	0.00	0.00	0.00	0.00	0.00
0.32	0.32	0.32	0.27	0.27	0.05	0.00	0.05	0.27	0.27	0.27	0.27	0.07	0.04	0.17	0.16	0.27	0.02	0.16	0.16	0.32	0.00	0.00	0.00	0.00	0.05	0.00	0.00	0.00	0.00	0.23	0.11	0.00	0.04	0.07	0.27	0.03	0.00	0.00	0.00	0.00	0.00	0.00	0.00	0.00	0.04	0.01	0.00	0.00	0.13	0.00	0.00	0.00	0.00	0.00	0.00	0.00	0.00	0.02	0.00	0.00	0.00	0.00	0.00	0.08	0.09	0.00	0.00	0.00	0.00	0.00
0.25	0.25	0.25	0.20	0.20	0.05	0.00	0.05	0.12	0.11	0.11	0.11	0.09	0.01	0.12	0.18	0.20	0.05	0.25	0.04	0.16	0.00	0.00	0.00	0.00	0.03	0.00	0.00	0.00	0.00	0.02	0.02	0.00	0.07	0.09	0.11	0.06	0.00	0.00	0.00	0.00	0.00	0.00	0.00	0.00	0.00	0.00	0.00	0.06	0.00	0.00	0.00	0.00	0.00	0.00	0.00	0.00	0.00	0.02	0.00	0.00	0.00	0.00	0.00	0.02	0.03	0.00	0.00	0.12	0.11	0.02
0.25	0.25	0.04	0.11	0.11	0.25	0.00	0.05	0.15	0.15	0.15	0.03	0.15	0.01	0.15	0.03	0.11	0.09	0.04	0.01	0.03	0.00	0.00	0.00	0.00	0.05	0.00	0.00	0.25	0.00	0.01	0.00	0.00	0.06	0.15	0.03	0.05	0.00	0.00	0.00	0.00	0.00	0.00	0.00	0.00	0.00	0.00	0.01	0.00	0.15	0.00	0.00	0.00	0.00	0.00	0.00	0.00	0.00	0.00	0.00	0.00	0.00	0.00	0.00	0.00	0.01	0.00	0.00	0.00	0.00	0.00
0.26	0.26	0.26	0.17	0.17	0.08	0.00	0.08	0.23	0.23	0.23	0.21	0.23	0.01	0.13	0.17	0.15	0.08	0.26	0.12	0.26	0.00	0.00	0.00	0.00	0.08	0.00	0.00	0.00	0.00	0.02	0.06	0.00	0.12	0.23	0.21	0.12	0.00	0.00	0.00	0.00	0.00	0.00	0.00	0.00	0.00	0.01	0.00	0.13	0.09	0.00	0.00	0.00	0.00	0.00	0.00	0.00	0.00	0.01	0.00	0.00	0.00	0.00	0.00	0.05	0.03	0.00	0.00	0.05	0.09	0.01
0.30	0.25	0.25	0.13	0.13	0.07	0.00	0.07	0.30	0.30	0.30	0.30	0.18	0.05	0.14	0.13	0.13	0.16	0.25	0.11	0.20	0.00	0.00	0.00	0.00	0.07	0.00	0.00	0.02	0.00	0.02	0.06	0.00	0.18	0.12	0.30	0.12	0.00	0.00	0.00	0.00	0.00	0.00	0.02	0.05	0.02	0.04	0.02	0.09	0.03	0.00	0.00	0.00	0.00	0.00	0.00	0.00	0.00	0.05	0.00	0.00	0.00	0.00	0.00	0.06	0.03	0.00	0.00	0.08	0.14	0.01
0.27	0.27	0.27	0.22	0.22	0.04	0.00	0.02	0.13	0.08	0.08	0.08	0.06	0.01	0.13	0.21	0.22	0.02	0.23	0.10	0.27	0.00	0.00	0.00	0.00	0.02	0.00	0.00	0.04	0.00	0.00	0.00	0.00	0.01	0.06	0.08	0.01	0.00	0.00	0.00	0.00	0.00	0.00	0.00	0.01	0.00	0.00	0.00	0.00	0.13	0.00	0.00	0.00	0.00	0.00	0.00	0.00	0.00	0.00	0.00	0.00	0.00	0.00	0.00	0.08	0.10	0.00	0.00	0.00	0.00	0.00
0.35	0.35	0.35	0.27	0.27	0.03	0.00	0.03	0.08	0.08	0.08	0.08	0.05	0.01	0.02	0.27	0.24	0.00	0.15	0.12	0.35	0.00	0.00	0.00	0.00	0.03	0.00	0.00	0.00	0.00	0.00	0.00	0.00	0.01	0.05	0.08	0.01	0.00	0.00	0.00	0.00	0.00	0.00	0.00	0.00	0.01	0.00	0.00	0.00	0.00	0.00	0.00	0.00	0.00	0.00	0.00	0.00	0.00	0.00	0.00	0.00	0.00	0.00	0.00	0.00	0.02	0.00	0.00	0.00	0.00	0.00
0.26	0.26	0.25	0.26	0.26	0.05	0.00	0.05	0.24	0.24	0.24	0.17	0.24	0.09	0.05	0.26	0.18	0.06	0.25	0.03	0.16	0.00	0.00	0.00	0.00	0.05	0.00	0.00	0.00	0.00	0.00	0.02	0.00	0.11	0.24	0.17	0.09	0.00	0.00	0.00	0.00	0.00	0.00	0.05	0.09	0.02	0.05	0.07	0.00	0.04	0.00	0.00	0.00	0.00	0.00	0.00	0.00	0.00	0.00	0.00	0.00	0.00	0.00	0.00	0.01	0.05	0.00	0.00	0.00	0.00	0.01
0.31	0.31	0.31	0.16	0.16	0.03	0.00	0.03	0.21	0.21	0.21	0.05	0.21	0.09	0.08	0.16	0.12	0.00	0.31	0.03	0.25	0.00	0.00	0.00	0.00	0.00	0.00	0.00	0.00	0.00	0.05	0.01	0.00	0.02	0.21	0.03	0.06	0.00	0.00	0.00	0.00	0.00	0.00	0.00	0.00	0.00	0.00	0.09	0.00	0.08	0.00	0.00	0.00	0.00	0.00	0.00	0.00	0.00	0.00	0.00	0.00	0.00	0.00	0.00	0.00	0.02	0.00	0.00	0.00	0.00	0.02
0.25	0.25	0.25	0.16	0.16	0.09	0.00	0.09	0.24	0.24	0.24	0.12	0.24	0.01	0.09	0.03	0.16	0.03	0.25	0.25	0.24	0.00	0.00	0.00	0.00	0.09	0.00	0.00	0.00	0.00	0.03	0.06	0.00	0.03	0.24	0.12	0.12	0.00	0.00	0.00	0.00	0.00	0.00	0.00	0.00	0.00	0.01	0.01	0.01	0.09	0.00	0.00	0.00	0.00	0.00	0.00	0.00	0.00	0.00	0.00	0.00	0.00	0.00	0.00	0.01	0.00	0.00	0.00	0.05	0.01	0.01
0.28	0.28	0.28	0.15	0.15	0.03	0.00	0.03	0.21	0.15	0.15	0.04	0.15	0.02	0.14	0.09	0.15	0.06	0.27	0.28	0.24	0.00	0.00	0.00	0.00	0.01	0.00	0.00	0.00	0.00	0.03	0.01	0.00	0.06	0.15	0.04	0.21	0.00	0.00	0.00	0.00	0.00	0.00	0.00	0.00	0.00	0.02	0.00	0.00	0.14	0.00	0.00	0.00	0.00	0.00	0.00	0.00	0.00	0.00	0.00	0.00	0.00	0.00	0.00	0.00	0.03	0.00	0.00	0.00	0.00	0.02
0.30	0.30	0.30	0.16	0.16	0.03	0.00	0.03	0.20	0.19	0.19	0.06	0.19	0.03	0.11	0.09	0.16	0.11	0.30	0.29	0.14	0.00	0.00	0.00	0.00	0.03	0.00	0.00	0.00	0.00	0.05	0.01	0.00	0.07	0.19	0.06	0.20	0.00	0.00	0.00	0.00	0.00	0.00	0.02	0.03	0.00	0.03	0.01	0.00	0.11	0.00	0.00	0.00	0.00	0.00	0.00	0.00	0.00	0.00	0.00	0.00	0.00	0.00	0.00	0.00	0.02	0.00	0.00	0.00	0.00	0.00
0.28	0.28	0.28	0.15	0.15	0.05	0.00	0.05	0.19	0.19	0.19	0.11	0.19	0.03	0.07	0.08	0.15	0.11	0.28	0.06	0.14	0.00	0.00	0.00	0.00	0.05	0.00	0.00	0.00	0.00	0.03	0.01	0.00	0.07	0.19	0.11	0.08	0.00	0.00	0.00	0.00	0.00	0.00	0.02	0.03	0.00	0.02	0.01	0.00	0.07	0.00	0.00	0.00	0.00	0.00	0.00	0.00	0.00	0.00	0.00	0.00	0.00	0.00	0.00	0.00	0.00	0.00	0.00	0.00	0.00	0.00
0.34	0.34	0.27	0.34	0.34	0.04	0.00	0.04	0.18	0.11	0.11	0.11	0.09	0.14	0.18	0.34	0.22	0.10	0.27	0.14	0.22	0.00	0.00	0.00	0.00	0.00	0.00	0.00	0.01	0.00	0.00	0.00	0.00	0.07	0.09	0.11	0.04	0.00	0.00	0.00	0.00	0.00	0.00	0.04	0.05	0.02	0.08	0.14	0.00	0.18	0.00	0.00	0.00	0.00	0.00	0.00	0.00	0.00	0.00	0.00	0.00	0.00	0.00	0.00	0.00	0.02	0.00	0.00	0.00	0.00	0.02
