0.25	0.25	0.25	0.15	0.15	0.04	0.00	0.04	0.19	0.19	0.19	0.10	0.19	0.18	0.10	0.09	0.15	0.22	0.25	0.03	0.16	0.00	0.00	0.00	0.00	0.03	0.00	0.00	0.00	0.00	0.00	0.05	0.00	0.19	0.08	0.10	0.10	0.00	0.00	0.00	0.02	0.00	0.00	0.11	0.07	0.02	0.18	0.10	0.00	0.10	0.00	0.00	0.00	0.00	0.00	0.00	0.00	0.00	0.01	0.00	0.00	0.00	0.00	0.00	0.06	0.05	0.00	0.00	0.00	0.00	0.01
0.27	0.27	0.09	0.11	0.11	0.04	0.00	0.04	0.27	0.20	0.20	0.10	0.20	0.27	0.09	0.05	0.11	0.23	0.09	0.01	0.02	0.00	0.00	0.00	0.00	0.00	0.00	0.00	0.00	0.00	0.00	0.04	0.00	0.20	0.08	0.10	0.10	0.00	0.00	0.00	0.03	0.00	0.00	0.13	0.18	0.01	0.14	0.27	0.00	0.09	0.00	0.00	0.00	0.00	0.00	0.00	0.00	0.00	0.00	0.00	0.00	0.00	0.00	0.00	0.06	0.00	0.00	0.00	0.00	0.00	0.01
0.26	0.26	0.26	0.11	0.11	0.03	0.00	0.03	0.19	0.18	0.18	0.09	0.18	0.04	0.11	0.11	0.11	0.04	0.26	0.02	0.16	0.00	0.00	0.00	0.00	0.02	0.00	0.00	0.00	0.00	0.00	0.05	0.00	0.18	0.15	0.04	0.19	0.00	0.00	0.00	0.00	0.00	0.00	0.00	0.02	0.00	0.00	0.04	0.11	0.09	0.00	0.00	0.00	0.00	0.00	0.00	0.00	0.00	0.00	0.00	0.00	0.00	0.00	0.00	0.07	0.03	0.00	0.00	0.06	0.05	0.01
0.32	0.32	0.32	0.15	0.15	0.03	0.00	0.03	0.19	0.19	0.19	0.03	0.19	0.03	0.12	0.07	0.15	0.01	0.25	0.28	0.32	0.00	0.00	0.00	0.00	0.03	0.00	0.00	0.00	0.00	0.00	0.02	0.00	0.05	0.19	0.03	0.07	0.00	0.00	0.00	0.00	0.00	0.00	0.01	0.00	0.01	0.03	0.01	0.00	0.12	0.00	0.00	0.00	0.00	0.00	0.00	0.00	0.00	0.00	0.00	0.00	0.00	0.00	0.00	0.05	0.03	0.00	0.00	0.00	0.00	0.00
0.41	0.41	0.25	0.16	0.16	0.41	0.00	0.41	0.17	0.17	0.17	0.07	0.17	0.06	0.11	0.16	0.13	0.20	0.01	0.25	0.19	0.00	0.00	0.00	0.00	0.41	0.00	0.00	0.00	0.00	0.00	0.06	0.00	0.17	0.05	0.07	0.01	0.00	0.00	0.00	0.00	0.00	0.00	0.02	0.04	0.02	0.06	0.05	0.08	0.05	0.00	0.00	0.00	0.00	0.00	0.00	0.00	0.00	0.01	0.00	0.00	0.00	0.00	0.00	0.11	0.02	0.00	0.00	0.06	0.11	0.10
0.26	0.26	0.25	0.15	0.15	0.26	0.00	0.26	0.20	0.20	0.18	0.07	0.18	0.13	0.19	0.14	0.15	0.11	0.08	0.25	0.24	0.00	0.00	0.00	0.00	0.26	0.00	0.00	0.00	0.09	0.00	0.20	0.00	0.14	0.18	0.07	0.13	0.00	0.00	0.00	0.03	0.00	0.00	0.03	0.13	0.05	0.11	0.06	0.06	0.00	0.00	0.00	0.00	0.00	0.00	0.00	0.00	0.00	0.06	0.00	0.00	0.00	0.02	0.00	0.19	0.03	0.00	0.00	0.05	0.07	0.07
0.25	0.25	0.25	0.25	0.25	0.15	0.00	0.15	0.20	0.16	0.16	0.04	0.16	0.20	0.12	0.25	0.20	0.03	0.13	0.25	0.25	0.00	0.00	0.00	0.00	0.15	0.00	0.00	0.00	0.05	0.00	0.06	0.00	0.16	0.10	0.03	0.20	0.00	0.00	0.00	0.08	0.00	0.00	0.14	0.10	0.05	0.10	0.20	0.02	0.12	0.00	0.00	0.00	0.00	0.00	0.00	0.00	0.00	0.00	0.00	0.00	0.00	0.00	0.00	0.03	0.03	0.00	0.00	0.04	0.06	0.01
0.31	0.31	0.31	0.27	0.27	0.07	0.00	0.04	0.24	0.06	0.06	0.03	0.06	0.02	0.24	0.27	0.20	0.01	0.31	0.25	0.15	0.00	0.00	0.00	0.00	0.04	0.00	0.00	0.00	0.00	0.00	0.05	0.00	0.04	0.06	0.03	0.06	0.00	0.00	0.00	0.00	0.00	0.00	0.00	0.01	0.00	0.02	0.00	0.13	0.09	0.00	0.00	0.00	0.00	0.00	0.00	0.00	0.00	0.03	0.00	0.00	0.00	0.00	0.00	0.24	0.06	0.00	0.00	0.13	0.09	0.20
0.25	0.25	0.25	0.17	0.17	0.08	0.00	0.08	0.16	0.16	0.16	0.16	0.14	0.01	0.11	0.14	0.17	0.02	0.25	0.14	0.22	0.00	0.00	0.00	0.00	0.08	0.00	0.00	0.00	0.00	0.00	0.03	0.00	0.14	0.04	0.16	0.10	0.00	0.00	0.00	0.00	0.00	0.00	0.00	0.00	0.00	0.01	0.00	0.00	0.11	0.00	0.00	0.00	0.00	0.00	0.00	0.00	0.00	0.04	0.00	0.00	0.00	0.00	0.00	0.08	0.10	0.00	0.00	0.00	0.00	0.03
0.29	0.28	0.24	0.27	0.27	0.28	0.00	0.28	0.29	0.29	0.29	0.29	0.22	0.07	0.14	0.27	0.24	0.02	0.23	0.24	0.20	0.00	0.00	0.00	0.00	0.28	0.00	0.00	0.00	0.00	0.00	0.27	0.00	0.22	0.04	0.29	0.06	0.00	0.00	0.00	0.03	0.00	0.00	0.04	0.07	0.03	0.04	0.07	0.09	0.08	0.00	0.00	0.00	0.00	0.00	0.00	0.00	0.00	0.03	0.00	0.00	0.00	0.00	0.00	0.00	0.05	0.00	0.00	0.14	0.08	0.00
0.72	0.27	0.25	0.22	0.22	0.27	0.00	0.27	0.72	0.23	0.23	0.23	0.05	0.01	0.72	0.22	0.21	0.08	0.25	0.17	0.24	0.00	0.00	0.00	0.00	0.27	0.00	0.00	0.00	0.00	0.00	0.00	0.00	0.05	0.01	0.23	0.01	0.00	0.00	0.00	0.00	0.00	0.00	0.00	0.00	0.00	0.01	0.00	0.28	0.09	0.00	0.00	0.00	0.00	0.00	0.00	0.00	0.00	0.03	0.00	0.00	0.00	0.02	0.00	0.72	0.08	0.00	0.00	0.19	0.19	0.02
0.40	0.40	0.22	0.40	0.40	0.08	0.00	0.03	0.30	0.28	0.28	0.28	0.09	0.05	0.30	0.40	0.19	0.10	0.22	0.01	0.12	0.00	0.00	0.00	0.00	0.03	0.00	0.00	0.00	0.00	0.00	0.01	0.00	0.09	0.03	0.28	0.02	0.00	0.00	0.00	0.00	0.00	0.00	0.02	0.02	0.00	0.03	0.05	0.24	0.07	0.00	0.00	0.00	0.00	0.00	0.00	0.00	0.00	0.03	0.00	0.00	0.00	0.00	0.00	0.30	0.05	0.00	0.00	0.13	0.11	0.25
0.31	0.25	0.25	0.20	0.20	0.05	0.00	0.05	0.31	0.31	0.31	0.31	0.01	0.02	0.24	0.02	0.20	0.01	0.25	0.06	0.25	0.00	0.00	0.00	0.00	0.05	0.00	0.00	0.00	0.00	0.00	0.00	0.00	0.01	0.00	0.31	0.00	0.00	0.00	0.00	0.00	0.00	0.00	0.01	0.01	0.00	0.01	0.02	0.24	0.10	0.00	0.00	0.00	0.00	0.00	0.00	0.00	0.00	0.03	0.00	0.00	0.00	0.00	0.00	0.00	0.05	0.00	0.00	0.24	0.21	0.02
0.26	0.22	0.22	0.20	0.20	0.02	0.00	0.02	0.26	0.20	0.20	0.20	0.01	0.01	0.26	0.11	0.20	0.00	0.22	0.06	0.10	0.00	0.00	0.00	0.00	0.02	0.00	0.00	0.00	0.00	0.00	0.00	0.00	0.01	0.01	0.20	0.00	0.00	0.00	0.00	0.00	0.00	0.00	0.00	0.00	0.00	0.01	0.00	0.26	0.09	0.00	0.00	0.00	0.00	0.00	0.00	0.00	0.00	0.02	0.00	0.00	0.00	0.00	0.00	0.00	0.06	0.00	0.00	0.24	0.20	0.00
0.30	0.27	0.25	0.27	0.27	0.05	0.00	0.05	0.30	0.30	0.30	0.30	0.02	0.02	0.19	0.00	0.27	0.01	0.19	0.11	0.25	0.00	0.00	0.00	0.00	0.04	0.00	0.00	0.00	0.00	0.00	0.00	0.00	0.02	0.00	0.30	0.00	0.00	0.00	0.00	0.00	0.00	0.00	0.00	0.01	0.02	0.02	0.00	0.00	0.00	0.00	0.00	0.00	0.00	0.00	0.00	0.00	0.00	0.00	0.00	0.00	0.00	0.15	0.00	0.19	0.16	0.00	0.00	0.00	0.00	0.00
0.39	0.39	0.39	0.32	0.32	0.15	0.00	0.15	0.38	0.26	0.26	0.26	0.05	0.03	0.38	0.00	0.32	0.03	0.08	0.10	0.39	0.00	0.00	0.00	0.00	0.06	0.00	0.00	0.00	0.00	0.00	0.24	0.00	0.05	0.01	0.26	0.00	0.00	0.00	0.00	0.00	0.00	0.00	0.01	0.00	0.01	0.03	0.00	0.23	0.20	0.00	0.00	0.00	0.00	0.00	0.00	0.00	0.00	0.38	0.00	0.00	0.00	0.00	0.00	0.00	0.10	0.00	0.00	0.18	0.18	0.00
0.55	0.25	0.25	0.16	0.16	0.08	0.00	0.08	0.55	0.28	0.28	0.28	0.03	0.01	0.55	0.00	0.16	0.00	0.24	0.18	0.25	0.00	0.00	0.00	0.00	0.04	0.00	0.00	0.00	0.00	0.00	0.03	0.00	0.03	0.02	0.26	0.00	0.00	0.00	0.00	0.00	0.00	0.00	0.00	0.00	0.00	0.00	0.00	0.00	0.20	0.00	0.00	0.00	0.00	0.00	0.00	0.00	0.00	0.02	0.00	0.00	0.00	0.11	0.00	0.55	0.08	0.00	0.00	0.00	0.00	0.00
0.30	0.26	0.26	0.23	0.23	0.10	0.00	0.10	0.30	0.30	0.30	0.30	0.04	0.01	0.30	0.00	0.23	0.01	0.26	0.06	0.25	0.00	0.00	0.00	0.00	0.10	0.00	0.00	0.00	0.00	0.00	0.00	0.00	0.04	0.02	0.30	0.00	0.00	0.00	0.00	0.00	0.00	0.00	0.00	0.00	0.00	0.00	0.00	0.27	0.30	0.00	0.00	0.00	0.00	0.00	0.00	0.00	0.00	0.04	0.00	0.00	0.00	0.06	0.00	0.26	0.08	0.00	0.00	0.16	0.15	0.00
0.37	0.37	0.27	0.37	0.37	0.11	0.00	0.11	0.33	0.33	0.33	0.33	0.01	0.02	0.29	0.00	0.37	0.01	0.12	0.25	0.27	0.00	0.00	0.00	0.00	0.11	0.00	0.00	0.00	0.00	0.00	0.00	0.00	0.01	0.01	0.33	0.00	0.00	0.00	0.00	0.00	0.00	0.00	0.01	0.02	0.00	0.00	0.01	0.00	0.05	0.00	0.00	0.00	0.00	0.00	0.00	0.00	0.00	0.00	0.00	0.00	0.00	0.03	0.00	0.29	0.04	0.00	0.00	0.00	0.00	0.00
