# Variant	Altered Effect	Altered Structure_and_dynamics	Altered Secondary_structure	Altered Stability_and_conformational_flexibility	Altered Conformational_flexibility	Altered Special_structural_signatures	Altered Signal_peptide	Altered Transmembrane_protein	Altered Functional_residue	Altered Macromolecular_binding	Altered Protein_binding	Altered Disordered_interface	Altered Ordered_interface	Altered Metal_binding	Altered PTM_site	Intrinsic_disorder	B-factor	Relative_solvent_accessibility	Helix	Strand	Loop	N-terminal_signal	Signal_helix	C-terminal_signal	Signal_cleavage	Cytoplasmic_loop	Transmembrane_region	Non_cytoplasmic_loop	Coiled_coil	Catalytic_site	Calmodulin_binding	DNA_binding	RNA_binding	PPI_residue	PPI_hotspot	MoRF	Allosteric_site	Cadmium_binding	Calcium_binding	Cobalt_binding	Copper_binding	Iron_binding	Magnesium_binding	Manganese_binding	Nickel_binding	Potassium_binding	Sodium_binding	Zinc_binding	Acetylation	ADP-ribosylation	Amidation	C-linked_glycosylation	Carboxylation	Disulfide_linkage	Farnesylation	Geranylgeranylation	GPI_anchor_amidation	Hydroxylation	Methylation	Myristoylation	N-terminal_acetylation	N-linked_glycosylation	O-linked_glycosylation	Palmitoylation	Phosphorylation	Proteolytic_cleavage	Pyrrolidone_carboxylic_acid	Sulfation	SUMOylation	Ubiquitylation	Stability
L4P	0.51	0.51	0.26	0.51	0.51	0.15	0.00	0.15	0.15	0.15	0.15	0.10	0.15	0.10	0.08	0.51	0.21	0.06	0.06	0.26	0.26	0.00	0.00	0.00	0.00	0.15	0.00	0.00	0.00	0.04	0.02	0.00	0.00	0.15	0.15	0.10	0.04	0.00	0.00	0.00	0.06	0.00	0.00	0.04	0.10	0.01	0.02	0.01	0.06	0.00	0.00	0.00	0.00	0.00	0.00	0.00	0.00	0.00	0.04	0.00	0.00	0.00	0.00	0.00	0.00	0.01	0.00	0.00	0.08	0.07	0.21
L4R	0.41	0.41	0.28	0.41	0.41	0.15	0.00	0.15	0.15	0.15	0.15	0.11	0.15	0.09	0.10	0.41	0.21	0.05	0.06	0.28	0.26	0.00	0.00	0.00	0.00	0.15	0.00	0.00	0.00	0.02	0.09	0.00	0.00	0.11	0.15	0.11	0.02	0.00	0.00	0.00	0.06	0.00	0.00	0.02	0.09	0.01	0.02	0.01	0.09	0.10	0.00	0.00	0.00	0.00	0.00	0.00	0.00	0.00	0.04	0.00	0.00	0.00	0.00	0.00	0.00	0.02	0.00	0.00	0.08	0.05	0.13
S72F	0.26	0.26	0.26	0.22	0.22	0.26	0.00	0.26	0.19	0.15	0.15	0.07	0.15	0.04	0.19	0.16	0.22	0.05	0.02	0.26	0.26	0.00	0.00	0.00	0.00	0.26	0.00	0.00	0.00	0.00	0.00	0.11	0.00	0.15	0.09	0.07	0.01	0.00	0.00	0.00	0.00	0.00	0.00	0.02	0.02	0.03	0.04	0.01	0.19	0.00	0.00	0.00	0.00	0.00	0.00	0.00	0.00	0.00	0.04	0.00	0.00	0.00	0.00	0.00	0.13	0.07	0.00	0.00	0.07	0.10	0.02
I108T	0.26	0.26	0.26	0.24	0.15	0.08	0.00	0.08	0.15	0.12	0.12	0.01	0.12	0.01	0.15	0.09	0.15	0.00	0.02	0.26	0.16	0.00	0.00	0.00	0.00	0.08	0.00	0.00	0.00	0.00	0.01	0.03	0.00	0.09	0.12	0.01	0.01	0.00	0.00	0.00	0.00	0.00	0.00	0.00	0.00	0.00	0.00	0.00	0.05	0.15	0.00	0.00	0.00	0.00	0.00	0.00	0.00	0.00	0.02	0.00	0.00	0.00	0.00	0.00	0.04	0.04	0.00	0.00	0.08	0.06	0.24
P112R	0.26	0.26	0.26	0.12	0.12	0.07	0.00	0.07	0.19	0.12	0.12	0.01	0.12	0.01	0.19	0.04	0.12	0.00	0.02	0.26	0.13	0.00	0.00	0.00	0.00	0.07	0.00	0.00	0.00	0.00	0.01	0.00	0.00	0.06	0.12	0.00	0.02	0.00	0.00	0.00	0.00	0.00	0.00	0.00	0.00	0.00	0.00	0.00	0.00	0.19	0.00	0.00	0.00	0.00	0.00	0.00	0.00	0.00	0.00	0.00	0.00	0.00	0.00	0.00	0.04	0.04	0.00	0.00	0.00	0.00	0.04
I162M	0.23	0.23	0.23	0.09	0.09	0.02	0.00	0.02	0.11	0.11	0.11	0.04	0.11	0.02	0.07	0.00	0.09	0.00	0.23	0.06	0.14	0.00	0.00	0.00	0.00	0.02	0.00	0.00	0.00	0.00	0.04	0.02	0.00	0.11	0.04	0.01	0.02	0.00	0.00	0.00	0.00	0.00	0.00	0.00	0.00	0.02	0.02	0.01	0.06	0.00	0.00	0.00	0.00	0.00	0.00	0.00	0.00	0.00	0.00	0.00	0.00	0.00	0.00	0.00	0.02	0.00	0.00	0.00	0.07	0.06	0.00
P170L	0.29	0.29	0.29	0.12	0.12	0.03	0.00	0.03	0.16	0.14	0.14	0.04	0.14	0.04	0.16	0.05	0.12	0.05	0.24	0.24	0.29	0.00	0.00	0.00	0.00	0.03	0.00	0.00	0.00	0.00	0.04	0.05	0.00	0.14	0.07	0.03	0.02	0.00	0.00	0.00	0.00	0.00	0.00	0.02	0.01	0.02	0.04	0.01	0.09	0.16	0.00	0.00	0.00	0.00	0.00	0.00	0.00	0.00	0.00	0.00	0.00	0.00	0.00	0.00	0.00	0.01	0.00	0.00	0.05	0.03	0.02
S207I	0.47	0.47	0.26	0.47	0.47	0.06	0.00	0.06	0.23	0.11	0.11	0.11	0.02	0.02	0.23	0.47	0.20	0.03	0.18	0.14	0.26	0.00	0.00	0.00	0.00	0.06	0.00	0.00	0.00	0.00	0.04	0.00	0.00	0.02	0.02	0.11	0.00	0.00	0.00	0.00	0.00	0.00	0.00	0.00	0.00	0.00	0.01	0.02	0.13	0.06	0.00	0.00	0.00	0.00	0.00	0.00	0.00	0.00	0.03	0.00	0.00	0.00	0.00	0.00	0.23	0.14	0.00	0.00	0.13	0.15	0.00
G274R	0.30	0.25	0.25	0.18	0.14	0.15	0.00	0.15	0.30	0.07	0.07	0.02	0.07	0.09	0.30	0.07	0.14	0.04	0.10	0.22	0.25	0.00	0.00	0.00	0.00	0.15	0.00	0.00	0.00	0.00	0.02	0.00	0.00	0.07	0.03	0.02	0.02	0.00	0.00	0.00	0.00	0.00	0.00	0.01	0.03	0.02	0.05	0.09	0.00	0.30	0.00	0.00	0.00	0.00	0.00	0.00	0.00	0.00	0.00	0.00	0.00	0.00	0.00	0.00	0.03	0.04	0.02	0.00	0.00	0.00	0.04
A308G	0.23	0.23	0.23	0.21	0.21	0.04	0.00	0.04	0.13	0.11	0.11	0.05	0.11	0.05	0.13	0.14	0.21	0.03	0.23	0.15	0.10	0.00	0.00	0.00	0.00	0.02	0.00	0.00	0.00	0.01	0.01	0.02	0.00	0.11	0.04	0.05	0.07	0.00	0.00	0.00	0.00	0.00	0.00	0.02	0.01	0.00	0.05	0.01	0.00	0.13	0.00	0.00	0.00	0.00	0.00	0.00	0.00	0.00	0.00	0.00	0.00	0.00	0.00	0.00	0.00	0.01	0.00	0.00	0.00	0.00	0.08
L312F	0.27	0.27	0.27	0.16	0.16	0.02	0.00	0.02	0.12	0.12	0.12	0.07	0.12	0.02	0.05	0.08	0.16	0.02	0.27	0.06	0.11	0.00	0.00	0.00	0.00	0.01	0.00	0.00	0.00	0.01	0.00	0.00	0.00	0.12	0.07	0.07	0.05	0.00	0.00	0.00	0.00	0.00	0.00	0.02	0.01	0.00	0.02	0.01	0.00	0.05	0.00	0.00	0.00	0.00	0.00	0.00	0.00	0.00	0.00	0.00	0.00	0.00	0.00	0.00	0.00	0.01	0.00	0.00	0.00	0.00	0.02
L312S	0.28	0.28	0.28	0.16	0.16	0.02	0.00	0.02	0.12	0.12	0.12	0.06	0.12	0.02	0.06	0.13	0.16	0.03	0.28	0.06	0.10	0.00	0.00	0.00	0.00	0.02	0.00	0.00	0.00	0.01	0.00	0.00	0.00	0.12	0.07	0.06	0.04	0.00	0.00	0.00	0.00	0.00	0.00	0.02	0.01	0.01	0.02	0.01	0.00	0.05	0.00	0.00	0.00	0.00	0.00	0.00	0.00	0.00	0.00	0.00	0.00	0.00	0.00	0.00	0.06	0.01	0.00	0.00	0.00	0.00	0.09
C323Y	0.27	0.27	0.27	0.22	0.22	0.04	0.00	0.04	0.23	0.23	0.23	0.23	0.20	0.06	0.19	0.22	0.20	0.02	0.27	0.08	0.25	0.00	0.00	0.00	0.00	0.04	0.00	0.00	0.00	0.00	0.00	0.01	0.00	0.13	0.20	0.23	0.04	0.00	0.00	0.00	0.00	0.00	0.00	0.00	0.02	0.01	0.02	0.06	0.06	0.00	0.00	0.00	0.00	0.00	0.00	0.00	0.00	0.00	0.00	0.00	0.00	0.00	0.00	0.00	0.19	0.02	0.01	0.00	0.05	0.08	0.02
P338S	0.32	0.25	0.25	0.24	0.24	0.02	0.00	0.02	0.32	0.06	0.06	0.06	0.03	0.00	0.32	0.24	0.24	0.00	0.11	0.16	0.25	0.00	0.00	0.00	0.00	0.02	0.00	0.00	0.00	0.00	0.00	0.00	0.00	0.02	0.03	0.06	0.00	0.00	0.00	0.00	0.00	0.00	0.00	0.00	0.00	0.00	0.00	0.00	0.04	0.00	0.00	0.00	0.00	0.00	0.00	0.00	0.00	0.00	0.05	0.00	0.00	0.00	0.00	0.00	0.32	0.02	0.00	0.00	0.13	0.17	0.00
S355G	0.36	0.36	0.25	0.36	0.36	0.06	0.00	0.06	0.18	0.14	0.14	0.14	0.06	0.01	0.18	0.36	0.16	0.00	0.09	0.15	0.25	0.00	0.00	0.00	0.00	0.06	0.00	0.00	0.00	0.00	0.00	0.00	0.00	0.06	0.02	0.14	0.00	0.00	0.00	0.00	0.00	0.00	0.00	0.00	0.00	0.00	0.01	0.00	0.07	0.05	0.00	0.00	0.00	0.00	0.00	0.00	0.00	0.00	0.04	0.00	0.00	0.00	0.00	0.00	0.18	0.03	0.00	0.00	0.17	0.17	0.00
S378T	0.30	0.30	0.25	0.30	0.30	0.06	0.00	0.06	0.22	0.17	0.17	0.17	0.04	0.01	0.22	0.30	0.20	0.00	0.10	0.10	0.25	0.00	0.00	0.00	0.00	0.06	0.00	0.00	0.00	0.00	0.06	0.00	0.00	0.04	0.02	0.17	0.00	0.00	0.00	0.00	0.00	0.00	0.00	0.00	0.00	0.00	0.01	0.00	0.09	0.15	0.00	0.00	0.00	0.00	0.00	0.00	0.00	0.00	0.02	0.00	0.00	0.00	0.00	0.00	0.19	0.18	0.00	0.00	0.22	0.10	0.00
Q398R	0.27	0.23	0.23	0.16	0.16	0.02	0.00	0.02	0.27	0.27	0.27	0.27	0.02	0.00	0.27	0.00	0.16	0.00	0.10	0.09	0.23	0.00	0.00	0.00	0.00	0.00	0.00	0.00	0.00	0.00	0.27	0.00	0.00	0.01	0.02	0.23	0.00	0.00	0.00	0.00	0.00	0.00	0.00	0.00	0.00	0.00	0.00	0.00	0.00	0.19	0.00	0.00	0.00	0.00	0.00	0.00	0.00	0.00	0.03	0.00	0.00	0.00	0.00	0.00	0.27	0.13	0.00	0.00	0.00	0.00	0.00
S410R	0.39	0.29	0.29	0.27	0.27	0.02	0.00	0.02	0.39	0.14	0.14	0.14	0.04	0.01	0.39	0.00	0.27	0.00	0.19	0.14	0.29	0.00	0.00	0.00	0.00	0.02	0.00	0.00	0.00	0.00	0.13	0.00	0.00	0.04	0.01	0.14	0.00	0.00	0.00	0.00	0.00	0.00	0.00	0.00	0.00	0.00	0.00	0.00	0.10	0.39	0.00	0.00	0.00	0.00	0.00	0.00	0.00	0.00	0.05	0.00	0.00	0.00	0.00	0.00	0.24	0.03	0.00	0.00	0.17	0.08	0.00
N419D	0.34	0.25	0.25	0.21	0.21	0.06	0.00	0.06	0.34	0.29	0.29	0.29	0.02	0.01	0.34	0.00	0.21	0.00	0.21	0.20	0.25	0.00	0.00	0.00	0.00	0.06	0.00	0.00	0.00	0.00	0.10	0.00	0.00	0.02	0.02	0.29	0.00	0.00	0.00	0.00	0.00	0.00	0.00	0.00	0.00	0.00	0.00	0.00	0.08	0.00	0.00	0.00	0.00	0.00	0.00	0.00	0.00	0.00	0.03	0.00	0.00	0.00	0.00	0.00	0.34	0.06	0.00	0.00	0.20	0.14	0.00
S438I	0.51	0.24	0.24	0.22	0.22	0.02	0.00	0.02	0.51	0.51	0.51	0.51	0.02	0.00	0.45	0.00	0.22	0.00	0.21	0.06	0.24	0.00	0.00	0.00	0.00	0.01	0.00	0.00	0.00	0.00	0.13	0.00	0.00	0.00	0.02	0.51	0.00	0.00	0.00	0.00	0.00	0.00	0.00	0.00	0.00	0.00	0.00	0.00	0.13	0.00	0.00	0.00	0.00	0.00	0.00	0.00	0.00	0.00	0.05	0.00	0.00	0.00	0.00	0.00	0.45	0.04	0.00	0.00	0.16	0.12	0.00
R482G	0.33	0.33	0.33	0.18	0.18	0.01	0.00	0.01	0.25	0.18	0.18	0.18	0.02	0.00	0.25	0.00	0.18	0.00	0.33	0.14	0.24	0.00	0.00	0.00	0.00	0.00	0.00	0.00	0.00	0.00	0.02	0.00	0.00	0.01	0.02	0.18	0.00	0.00	0.00	0.00	0.00	0.00	0.00	0.00	0.00	0.00	0.00	0.00	0.07	0.18	0.00	0.00	0.00	0.00	0.00	0.00	0.00	0.00	0.05	0.00	0.00	0.00	0.00	0.00	0.16	0.04	0.00	0.00	0.25	0.13	0.01
N503K	0.51	0.27	0.27	0.22	0.22	0.02	0.00	0.02	0.51	0.16	0.16	0.16	0.03	0.01	0.51	0.00	0.22	0.00	0.25	0.13	0.27	0.00	0.00	0.00	0.00	0.02	0.00	0.00	0.00	0.00	0.01	0.00	0.00	0.00	0.03	0.16	0.00	0.00	0.00	0.00	0.00	0.00	0.00	0.00	0.00	0.00	0.00	0.00	0.04	0.04	0.00	0.00	0.00	0.00	0.00	0.00	0.00	0.00	0.01	0.00	0.00	0.00	0.00	0.00	0.06	0.03	0.00	0.00	0.51	0.10	0.00
T524A	0.42	0.25	0.25	0.21	0.21	0.10	0.00	0.09	0.42	0.27	0.27	0.27	0.04	0.02	0.42	0.00	0.21	0.01	0.24	0.15	0.25	0.00	0.00	0.00	0.00	0.09	0.00	0.00	0.10	0.00	0.03	0.00	0.00	0.04	0.02	0.27	0.00	0.00	0.00	0.00	0.00	0.00	0.00	0.00	0.01	0.01	0.02	0.00	0.10	0.00	0.00	0.00	0.00	0.00	0.00	0.00	0.00	0.00	0.04	0.00	0.00	0.00	0.00	0.00	0.42	0.08	0.00	0.00	0.14	0.21	0.00
I531V	0.40	0.25	0.25	0.20	0.20	0.11	0.00	0.04	0.40	0.40	0.40	0.40	0.04	0.02	0.25	0.00	0.20	0.00	0.25	0.15	0.25	0.00	0.00	0.00	0.00	0.04	0.00	0.00	0.11	0.00	0.08	0.00	0.00	0.04	0.02	0.40	0.00	0.00	0.00	0.00	0.00	0.00	0.00	0.01	0.02	0.01	0.00	0.00	0.11	0.00	0.00	0.00	0.00	0.00	0.00	0.00	0.00	0.00	0.04	0.00	0.00	0.00	0.00	0.00	0.25	0.06	0.00	0.00	0.15	0.19	0.00
V532M	0.54	0.54	0.25	0.21	0.21	0.54	0.00	0.04	0.31	0.31	0.31	0.31	0.04	0.01	0.29	0.00	0.21	0.00	0.25	0.15	0.25	0.00	0.00	0.00	0.00	0.04	0.00	0.00	0.54	0.00	0.09	0.00	0.00	0.04	0.02	0.31	0.00	0.00	0.00	0.00	0.00	0.00	0.00	0.00	0.01	0.01	0.00	0.00	0.12	0.00	0.00	0.00	0.00	0.00	0.00	0.00	0.00	0.00	0.04	0.00	0.00	0.00	0.00	0.00	0.29	0.06	0.00	0.00	0.15	0.19	0.00
A541G	0.27	0.27	0.27	0.23	0.23	0.19	0.00	0.04	0.27	0.27	0.27	0.27	0.02	0.01	0.27	0.00	0.23	0.00	0.14	0.10	0.27	0.00	0.00	0.00	0.00	0.04	0.00	0.00	0.19	0.00	0.09	0.01	0.00	0.02	0.02	0.27	0.00	0.00	0.00	0.00	0.00	0.00	0.00	0.00	0.00	0.00	0.00	0.00	0.20	0.16	0.00	0.00	0.00	0.00	0.00	0.00	0.00	0.00	0.05	0.00	0.00	0.00	0.00	0.00	0.27	0.05	0.00	0.00	0.18	0.20	0.00
I558V	0.41	0.29	0.26	0.18	0.18	0.29	0.00	0.03	0.41	0.41	0.41	0.41	0.01	0.02	0.11	0.00	0.18	0.00	0.26	0.04	0.18	0.00	0.00	0.00	0.00	0.00	0.00	0.00	0.29	0.00	0.02	0.00	0.00	0.01	0.01	0.41	0.00	0.00	0.00	0.00	0.00	0.00	0.00	0.01	0.02	0.00	0.00	0.01	0.00	0.05	0.00	0.00	0.00	0.00	0.00	0.00	0.00	0.00	0.00	0.00	0.00	0.00	0.00	0.00	0.00	0.11	0.00	0.00	0.00	0.00	0.00
T570A	0.66	0.54	0.27	0.21	0.21	0.54	0.00	0.02	0.66	0.26	0.26	0.26	0.02	0.00	0.66	0.00	0.21	0.00	0.24	0.07	0.27	0.00	0.00	0.00	0.00	0.00	0.00	0.00	0.54	0.00	0.00	0.00	0.00	0.00	0.02	0.26	0.00	0.00	0.00	0.00	0.00	0.00	0.00	0.00	0.00	0.00	0.00	0.00	0.14	0.06	0.00	0.00	0.00	0.00	0.00	0.00	0.00	0.00	0.03	0.00	0.00	0.00	0.00	0.00	0.44	0.03	0.00	0.00	0.66	0.15	0.00
N588S	0.27	0.25	0.25	0.21	0.21	0.06	0.00	0.03	0.27	0.27	0.27	0.27	0.02	0.01	0.25	0.00	0.21	0.00	0.25	0.09	0.24	0.00	0.00	0.00	0.00	0.03	0.00	0.00	0.06	0.00	0.03	0.03	0.00	0.02	0.02	0.27	0.01	0.00	0.00	0.00	0.00	0.00	0.00	0.00	0.00	0.00	0.00	0.00	0.06	0.16	0.00	0.00	0.00	0.00	0.00	0.00	0.00	0.00	0.07	0.00	0.00	0.00	0.00	0.00	0.22	0.09	0.01	0.00	0.25	0.14	0.00
T599R	0.45	0.25	0.25	0.16	0.16	0.02	0.00	0.02	0.45	0.29	0.29	0.29	0.03	0.02	0.45	0.00	0.16	0.02	0.21	0.15	0.25	0.00	0.00	0.00	0.00	0.01	0.00	0.00	0.00	0.00	0.04	0.01	0.00	0.03	0.02	0.29	0.00	0.00	0.00	0.00	0.00	0.00	0.00	0.00	0.00	0.02	0.02	0.00	0.00	0.14	0.00	0.00	0.00	0.00	0.00	0.00	0.00	0.00	0.06	0.00	0.00	0.00	0.00	0.00	0.45	0.06	0.00	0.00	0.00	0.00	0.00
I614M	0.28	0.27	0.27	0.24	0.24	0.02	0.00	0.02	0.28	0.16	0.16	0.16	0.07	0.02	0.28	0.00	0.24	0.02	0.27	0.22	0.23	0.00	0.00	0.00	0.00	0.01	0.00	0.00	0.00	0.00	0.01	0.01	0.00	0.07	0.02	0.16	0.00	0.00	0.00	0.00	0.00	0.00	0.00	0.00	0.00	0.00	0.02	0.00	0.13	0.06	0.00	0.00	0.00	0.00	0.00	0.00	0.00	0.00	0.06	0.00	0.00	0.00	0.00	0.00	0.28	0.03	0.00	0.00	0.15	0.17	0.00
Q644K	0.27	0.27	0.26	0.27	0.27	0.02	0.00	0.02	0.22	0.20	0.20	0.20	0.03	0.00	0.22	0.16	0.27	0.00	0.26	0.15	0.26	0.00	0.00	0.00	0.00	0.00	0.00	0.00	0.00	0.00	0.01	0.00	0.00	0.01	0.03	0.20	0.00	0.00	0.00	0.00	0.00	0.00	0.00	0.00	0.00	0.00	0.00	0.00	0.13	0.03	0.00	0.00	0.00	0.00	0.00	0.00	0.00	0.00	0.03	0.00	0.00	0.00	0.00	0.00	0.11	0.04	0.00	0.00	0.13	0.22	0.00
P700T	0.26	0.26	0.26	0.19	0.19	0.07	0.00	0.07	0.26	0.24	0.24	0.24	0.14	0.20	0.26	0.11	0.19	0.25	0.13	0.21	0.26	0.00	0.00	0.00	0.00	0.07	0.00	0.00	0.00	0.02	0.06	0.18	0.00	0.14	0.13	0.24	0.17	0.00	0.00	0.00	0.02	0.00	0.00	0.04	0.20	0.09	0.19	0.10	0.26	0.00	0.00	0.00	0.00	0.00	0.00	0.00	0.00	0.00	0.11	0.00	0.00	0.00	0.00	0.00	0.06	0.01	0.00	0.00	0.08	0.09	0.03
A713G	0.51	0.51	0.26	0.24	0.24	0.51	0.00	0.06	0.25	0.25	0.25	0.25	0.15	0.25	0.13	0.24	0.19	0.13	0.23	0.26	0.26	0.00	0.00	0.00	0.00	0.06	0.00	0.00	0.51	0.01	0.02	0.04	0.00	0.15	0.13	0.25	0.21	0.00	0.00	0.00	0.03	0.00	0.00	0.15	0.25	0.08	0.07	0.23	0.05	0.10	0.00	0.00	0.00	0.00	0.00	0.00	0.00	0.00	0.01	0.00	0.00	0.00	0.00	0.00	0.04	0.02	0.00	0.00	0.13	0.11	0.04
N747S	0.32	0.32	0.25	0.32	0.32	0.12	0.00	0.04	0.29	0.23	0.23	0.23	0.17	0.06	0.29	0.32	0.17	0.12	0.25	0.06	0.24	0.00	0.00	0.00	0.00	0.04	0.00	0.00	0.12	0.00	0.23	0.12	0.00	0.17	0.16	0.00	0.07	0.00	0.00	0.00	0.02	0.00	0.00	0.05	0.06	0.03	0.03	0.03	0.26	0.08	0.00	0.00	0.00	0.00	0.00	0.00	0.00	0.00	0.07	0.00	0.00	0.00	0.00	0.00	0.29	0.19	0.00	0.00	0.15	0.09	0.00
