0.40	0.19	0.07	0.19	0.19	0.02	0.00	0.02	0.40	0.40	0.40	0.40	0.11	0.01	0.26	0.00	0.19	0.03	0.07	0.01	0.02	0.00	0.00	0.00	0.00	0.00	0.00	0.00	0.00	0.00	0.25	0.11	0.00	0.01	0.11	0.40	0.02	0.00	0.00	0.00	0.00	0.00	0.00	0.01	0.00	0.00	0.00	0.01	0.26	0.06	0.00	0.00	0.00	0.00	0.00	0.00	0.00	0.00	0.09	0.00	0.00	0.00	0.01	0.00	0.24	0.02	0.00	0.00	0.22	0.06	0.04
0.40	0.22	0.07	0.22	0.22	0.02	0.00	0.02	0.40	0.40	0.40	0.40	0.12	0.01	0.32	0.00	0.22	0.00	0.07	0.01	0.02	0.00	0.00	0.00	0.00	0.00	0.00	0.00	0.00	0.00	0.25	0.12	0.00	0.01	0.12	0.40	0.02	0.00	0.00	0.00	0.00	0.00	0.00	0.00	0.00	0.00	0.00	0.01	0.32	0.06	0.00	0.00	0.00	0.00	0.00	0.00	0.00	0.00	0.09	0.00	0.00	0.00	0.01	0.00	0.29	0.02	0.00	0.00	0.09	0.10	0.02
0.38	0.27	0.27	0.19	0.19	0.07	0.00	0.04	0.38	0.38	0.38	0.38	0.04	0.02	0.25	0.00	0.19	0.02	0.27	0.02	0.24	0.00	0.00	0.00	0.00	0.00	0.00	0.00	0.00	0.00	0.29	0.23	0.00	0.02	0.04	0.38	0.02	0.00	0.00	0.00	0.00	0.00	0.00	0.00	0.02	0.00	0.00	0.02	0.25	0.08	0.00	0.00	0.00	0.00	0.00	0.00	0.00	0.00	0.09	0.00	0.00	0.00	0.00	0.00	0.13	0.03	0.00	0.00	0.15	0.08	0.00
0.38	0.26	0.26	0.19	0.19	0.09	0.00	0.02	0.38	0.38	0.38	0.38	0.05	0.02	0.16	0.00	0.19	0.02	0.26	0.16	0.24	0.00	0.00	0.00	0.00	0.00	0.00	0.00	0.00	0.00	0.10	0.12	0.00	0.02	0.05	0.38	0.00	0.00	0.00	0.00	0.00	0.00	0.00	0.00	0.01	0.00	0.00	0.02	0.15	0.04	0.00	0.00	0.00	0.00	0.00	0.00	0.00	0.00	0.04	0.00	0.00	0.00	0.00	0.00	0.10	0.04	0.00	0.00	0.16	0.05	0.00
0.25	0.25	0.25	0.18	0.18	0.01	0.00	0.01	0.15	0.15	0.15	0.15	0.05	0.01	0.15	0.17	0.18	0.00	0.25	0.11	0.21	0.00	0.00	0.00	0.00	0.00	0.00	0.00	0.00	0.00	0.00	0.00	0.00	0.03	0.05	0.15	0.01	0.00	0.00	0.00	0.00	0.00	0.00	0.00	0.00	0.00	0.00	0.00	0.04	0.00	0.00	0.00	0.00	0.00	0.00	0.00	0.00	0.00	0.02	0.00	0.00	0.00	0.01	0.00	0.15	0.03	0.00	0.00	0.13	0.08	0.00
0.31	0.31	0.26	0.31	0.31	0.02	0.00	0.02	0.15	0.13	0.13	0.13	0.08	0.03	0.15	0.31	0.20	0.02	0.13	0.26	0.19	0.00	0.00	0.00	0.00	0.00	0.00	0.00	0.00	0.00	0.00	0.00	0.00	0.03	0.08	0.13	0.02	0.00	0.00	0.00	0.00	0.00	0.00	0.02	0.01	0.00	0.03	0.01	0.00	0.04	0.00	0.00	0.00	0.00	0.00	0.00	0.00	0.00	0.00	0.00	0.00	0.00	0.03	0.00	0.15	0.09	0.00	0.00	0.00	0.00	0.02
0.26	0.26	0.26	0.23	0.23	0.01	0.00	0.01	0.25	0.25	0.25	0.25	0.05	0.10	0.20	0.00	0.23	0.00	0.26	0.22	0.26	0.00	0.00	0.00	0.00	0.00	0.00	0.00	0.00	0.00	0.05	0.05	0.00	0.03	0.05	0.25	0.03	0.00	0.00	0.00	0.03	0.00	0.00	0.01	0.10	0.00	0.00	0.04	0.00	0.14	0.00	0.00	0.00	0.00	0.00	0.00	0.00	0.00	0.00	0.00	0.00	0.00	0.07	0.00	0.20	0.07	0.00	0.00	0.00	0.00	0.00
0.30	0.26	0.26	0.13	0.13	0.01	0.00	0.01	0.30	0.30	0.30	0.30	0.03	0.06	0.17	0.00	0.13	0.00	0.17	0.15	0.26	0.00	0.00	0.00	0.00	0.00	0.00	0.00	0.00	0.00	0.21	0.01	0.00	0.00	0.03	0.30	0.00	0.00	0.00	0.00	0.01	0.00	0.00	0.00	0.00	0.00	0.00	0.06	0.00	0.07	0.00	0.00	0.00	0.00	0.00	0.00	0.00	0.00	0.00	0.00	0.00	0.00	0.00	0.00	0.17	0.05	0.00	0.00	0.00	0.00	0.00
0.27	0.27	0.27	0.20	0.20	0.01	0.00	0.01	0.23	0.20	0.20	0.20	0.03	0.00	0.23	0.00	0.20	0.01	0.27	0.19	0.26	0.00	0.00	0.00	0.00	0.00	0.00	0.00	0.00	0.00	0.07	0.01	0.00	0.00	0.03	0.20	0.02	0.00	0.00	0.00	0.00	0.00	0.00	0.00	0.00	0.00	0.00	0.00	0.18	0.11	0.00	0.00	0.00	0.00	0.00	0.00	0.00	0.00	0.06	0.00	0.00	0.00	0.01	0.00	0.23	0.09	0.00	0.00	0.15	0.10	0.00
0.30	0.30	0.30	0.20	0.20	0.01	0.00	0.01	0.26	0.26	0.26	0.26	0.03	0.00	0.20	0.00	0.20	0.01	0.30	0.19	0.27	0.00	0.00	0.00	0.00	0.00	0.00	0.00	0.00	0.00	0.12	0.01	0.00	0.00	0.03	0.26	0.02	0.00	0.00	0.00	0.00	0.00	0.00	0.00	0.00	0.00	0.00	0.00	0.20	0.11	0.00	0.00	0.00	0.00	0.00	0.00	0.00	0.00	0.06	0.00	0.00	0.00	0.01	0.00	0.16	0.05	0.00	0.00	0.19	0.10	0.00
0.51	0.29	0.29	0.21	0.21	0.03	0.00	0.01	0.51	0.27	0.27	0.27	0.05	0.01	0.51	0.09	0.21	0.00	0.29	0.23	0.23	0.00	0.00	0.00	0.00	0.00	0.00	0.00	0.00	0.00	0.05	0.04	0.00	0.03	0.05	0.27	0.02	0.00	0.00	0.00	0.00	0.00	0.00	0.00	0.00	0.00	0.00	0.00	0.00	0.19	0.00	0.00	0.00	0.00	0.00	0.00	0.00	0.00	0.00	0.00	0.00	0.00	0.04	0.00	0.51	0.14	0.00	0.00	0.00	0.00	0.00
0.31	0.31	0.22	0.31	0.31	0.05	0.00	0.05	0.30	0.30	0.30	0.30	0.08	0.01	0.19	0.31	0.13	0.01	0.19	0.22	0.18	0.00	0.00	0.00	0.00	0.05	0.00	0.00	0.00	0.00	0.03	0.01	0.00	0.03	0.08	0.30	0.01	0.00	0.00	0.00	0.00	0.00	0.00	0.00	0.00	0.00	0.00	0.00	0.09	0.18	0.00	0.00	0.00	0.00	0.00	0.00	0.00	0.00	0.02	0.00	0.00	0.00	0.02	0.00	0.19	0.02	0.00	0.00	0.11	0.09	0.00
0.28	0.25	0.25	0.25	0.25	0.04	0.00	0.04	0.28	0.23	0.23	0.23	0.09	0.01	0.28	0.25	0.18	0.02	0.19	0.21	0.25	0.00	0.00	0.00	0.00	0.04	0.00	0.00	0.00	0.00	0.04	0.00	0.00	0.03	0.09	0.23	0.00	0.00	0.00	0.00	0.00	0.00	0.00	0.00	0.00	0.00	0.00	0.00	0.10	0.13	0.00	0.00	0.00	0.00	0.00	0.00	0.00	0.00	0.08	0.00	0.00	0.00	0.02	0.00	0.09	0.04	0.00	0.00	0.10	0.28	0.00
0.41	0.26	0.26	0.19	0.19	0.02	0.00	0.02	0.41	0.41	0.41	0.41	0.10	0.01	0.22	0.05	0.19	0.00	0.13	0.23	0.26	0.00	0.00	0.00	0.00	0.02	0.00	0.00	0.00	0.00	0.00	0.00	0.00	0.03	0.10	0.41	0.00	0.00	0.00	0.00	0.00	0.00	0.00	0.00	0.00	0.00	0.00	0.00	0.00	0.03	0.00	0.00	0.00	0.00	0.00	0.00	0.00	0.00	0.00	0.00	0.00	0.00	0.04	0.00	0.22	0.02	0.00	0.01	0.00	0.00	0.03
0.29	0.24	0.24	0.18	0.18	0.02	0.00	0.02	0.29	0.29	0.29	0.29	0.10	0.01	0.23	0.06	0.18	0.00	0.14	0.21	0.24	0.00	0.00	0.00	0.00	0.02	0.00	0.00	0.00	0.00	0.00	0.00	0.00	0.02	0.10	0.29	0.00	0.00	0.00	0.00	0.00	0.00	0.00	0.00	0.00	0.00	0.00	0.00	0.00	0.03	0.00	0.00	0.00	0.00	0.00	0.00	0.00	0.00	0.00	0.00	0.00	0.00	0.02	0.00	0.23	0.02	0.00	0.02	0.00	0.00	0.00
0.34	0.34	0.34	0.22	0.22	0.03	0.00	0.02	0.24	0.24	0.24	0.24	0.04	0.00	0.14	0.00	0.22	0.00	0.19	0.09	0.34	0.00	0.00	0.00	0.00	0.02	0.00	0.00	0.00	0.00	0.00	0.00	0.00	0.02	0.04	0.24	0.00	0.00	0.00	0.00	0.00	0.00	0.00	0.00	0.00	0.00	0.00	0.00	0.04	0.04	0.00	0.00	0.00	0.00	0.00	0.00	0.00	0.00	0.03	0.00	0.00	0.00	0.00	0.00	0.00	0.01	0.00	0.00	0.11	0.14	0.00
0.26	0.26	0.25	0.26	0.26	0.03	0.00	0.01	0.19	0.16	0.16	0.16	0.04	0.00	0.19	0.00	0.26	0.00	0.17	0.11	0.25	0.00	0.00	0.00	0.00	0.01	0.00	0.00	0.00	0.00	0.02	0.00	0.00	0.01	0.04	0.16	0.00	0.00	0.00	0.00	0.00	0.00	0.00	0.00	0.00	0.00	0.00	0.00	0.07	0.04	0.00	0.00	0.00	0.00	0.00	0.00	0.00	0.00	0.05	0.00	0.00	0.00	0.01	0.00	0.19	0.02	0.00	0.00	0.18	0.17	0.00
0.31	0.25	0.25	0.23	0.23	0.02	0.00	0.02	0.31	0.31	0.31	0.31	0.04	0.00	0.29	0.00	0.23	0.00	0.19	0.11	0.25	0.00	0.00	0.00	0.00	0.00	0.00	0.00	0.00	0.00	0.01	0.00	0.00	0.01	0.04	0.31	0.00	0.00	0.00	0.00	0.00	0.00	0.00	0.00	0.00	0.00	0.00	0.00	0.00	0.16	0.00	0.00	0.00	0.00	0.00	0.00	0.00	0.00	0.01	0.00	0.00	0.00	0.01	0.00	0.29	0.09	0.00	0.00	0.00	0.00	0.00
0.31	0.26	0.26	0.21	0.21	0.01	0.00	0.01	0.31	0.31	0.31	0.31	0.03	0.01	0.23	0.00	0.21	0.00	0.26	0.12	0.25	0.00	0.00	0.00	0.00	0.00	0.00	0.00	0.00	0.00	0.00	0.00	0.00	0.00	0.03	0.31	0.00	0.00	0.00	0.00	0.00	0.00	0.00	0.00	0.00	0.00	0.00	0.00	0.00	0.13	0.00	0.00	0.00	0.00	0.00	0.00	0.00	0.00	0.01	0.00	0.00	0.00	0.00	0.00	0.23	0.08	0.00	0.00	0.00	0.00	0.00
0.32	0.27	0.27	0.20	0.20	0.02	0.00	0.02	0.32	0.32	0.32	0.32	0.03	0.00	0.30	0.00	0.20	0.00	0.27	0.20	0.20	0.00	0.00	0.00	0.00	0.00	0.00	0.00	0.00	0.00	0.00	0.00	0.00	0.01	0.03	0.32	0.00	0.00	0.00	0.00	0.00	0.00	0.00	0.00	0.00	0.00	0.00	0.00	0.00	0.02	0.00	0.00	0.00	0.00	0.00	0.00	0.00	0.00	0.00	0.00	0.00	0.00	0.00	0.00	0.30	0.01	0.00	0.00	0.00	0.00	0.00
0.33	0.25	0.25	0.20	0.20	0.02	0.00	0.02	0.33	0.33	0.33	0.33	0.04	0.00	0.26	0.00	0.20	0.00	0.25	0.17	0.25	0.00	0.00	0.00	0.00	0.00	0.00	0.00	0.00	0.00	0.00	0.00	0.00	0.01	0.04	0.33	0.00	0.00	0.00	0.00	0.00	0.00	0.00	0.00	0.00	0.00	0.00	0.00	0.04	0.16	0.00	0.00	0.00	0.00	0.00	0.00	0.00	0.00	0.06	0.00	0.00	0.00	0.02	0.00	0.26	0.01	0.00	0.00	0.20	0.17	0.00
0.26	0.26	0.26	0.20	0.20	0.02	0.00	0.02	0.26	0.26	0.26	0.26	0.04	0.00	0.22	0.00	0.20	0.00	0.26	0.17	0.25	0.00	0.00	0.00	0.00	0.00	0.00	0.00	0.00	0.00	0.00	0.00	0.00	0.01	0.04	0.26	0.00	0.00	0.00	0.00	0.00	0.00	0.00	0.00	0.00	0.00	0.00	0.00	0.03	0.02	0.00	0.00	0.00	0.00	0.00	0.00	0.00	0.00	0.06	0.00	0.00	0.00	0.02	0.00	0.22	0.01	0.00	0.00	0.18	0.16	0.00
0.26	0.26	0.26	0.21	0.21	0.02	0.00	0.02	0.20	0.20	0.20	0.20	0.04	0.00	0.20	0.06	0.21	0.00	0.07	0.26	0.25	0.00	0.00	0.00	0.00	0.00	0.00	0.00	0.00	0.00	0.00	0.00	0.00	0.01	0.04	0.20	0.00	0.00	0.00	0.00	0.00	0.00	0.00	0.00	0.00	0.00	0.00	0.00	0.03	0.03	0.00	0.00	0.00	0.00	0.00	0.00	0.00	0.00	0.06	0.00	0.00	0.00	0.03	0.00	0.20	0.00	0.00	0.00	0.18	0.16	0.00
0.46	0.46	0.26	0.46	0.46	0.04	0.00	0.04	0.20	0.16	0.16	0.16	0.05	0.02	0.20	0.46	0.18	0.04	0.13	0.25	0.26	0.00	0.00	0.00	0.00	0.04	0.00	0.00	0.00	0.00	0.00	0.00	0.00	0.05	0.04	0.16	0.00	0.00	0.00	0.00	0.00	0.00	0.00	0.00	0.00	0.00	0.02	0.01	0.00	0.03	0.00	0.00	0.00	0.00	0.00	0.00	0.00	0.00	0.00	0.00	0.00	0.00	0.09	0.00	0.20	0.00	0.00	0.00	0.00	0.00	0.00
0.55	0.27	0.27	0.25	0.25	0.08	0.00	0.02	0.55	0.43	0.43	0.43	0.05	0.01	0.55	0.15	0.25	0.03	0.16	0.13	0.27	0.00	0.00	0.00	0.00	0.00	0.00	0.00	0.00	0.00	0.05	0.06	0.00	0.05	0.04	0.43	0.00	0.00	0.00	0.00	0.00	0.00	0.00	0.00	0.00	0.00	0.00	0.00	0.14	0.03	0.00	0.00	0.00	0.00	0.00	0.00	0.00	0.00	0.09	0.00	0.00	0.00	0.01	0.00	0.55	0.04	0.00	0.00	0.09	0.21	0.00
0.25	0.25	0.25	0.23	0.23	0.04	0.00	0.02	0.20	0.20	0.20	0.20	0.03	0.01	0.17	0.00	0.23	0.00	0.16	0.25	0.24	0.00	0.00	0.00	0.00	0.00	0.00	0.00	0.00	0.00	0.03	0.00	0.00	0.02	0.03	0.20	0.00	0.00	0.00	0.00	0.00	0.00	0.00	0.00	0.00	0.00	0.00	0.00	0.00	0.17	0.00	0.00	0.00	0.00	0.00	0.00	0.00	0.00	0.00	0.00	0.00	0.00	0.05	0.00	0.16	0.03	0.00	0.00	0.00	0.00	0.00
0.25	0.25	0.25	0.19	0.19	0.04	0.00	0.01	0.16	0.13	0.13	0.13	0.02	0.00	0.16	0.00	0.19	0.00	0.08	0.25	0.23	0.00	0.00	0.00	0.00	0.01	0.00	0.00	0.00	0.00	0.05	0.00	0.00	0.00	0.02	0.13	0.00	0.00	0.00	0.00	0.00	0.00	0.00	0.00	0.00	0.00	0.00	0.00	0.00	0.16	0.00	0.00	0.00	0.00	0.00	0.00	0.00	0.00	0.00	0.00	0.00	0.00	0.08	0.00	0.10	0.06	0.00	0.00	0.00	0.00	0.00
0.29	0.29	0.29	0.22	0.22	0.06	0.00	0.02	0.16	0.15	0.15	0.15	0.05	0.00	0.16	0.00	0.22	0.00	0.13	0.29	0.25	0.00	0.00	0.00	0.00	0.02	0.00	0.00	0.00	0.00	0.13	0.00	0.00	0.00	0.05	0.15	0.00	0.00	0.00	0.00	0.00	0.00	0.00	0.00	0.00	0.00	0.00	0.00	0.00	0.16	0.00	0.00	0.00	0.00	0.00	0.00	0.00	0.00	0.00	0.00	0.00	0.00	0.10	0.00	0.10	0.05	0.00	0.00	0.00	0.00	0.00
0.25	0.25	0.25	0.24	0.24	0.01	0.00	0.01	0.18	0.18	0.18	0.18	0.04	0.00	0.18	0.00	0.24	0.00	0.15	0.13	0.25	0.00	0.00	0.00	0.00	0.00	0.00	0.00	0.00	0.00	0.09	0.00	0.00	0.00	0.04	0.18	0.00	0.00	0.00	0.00	0.00	0.00	0.00	0.00	0.00	0.00	0.00	0.00	0.09	0.18	0.00	0.00	0.00	0.00	0.00	0.00	0.00	0.00	0.09	0.00	0.00	0.00	0.05	0.00	0.18	0.01	0.00	0.00	0.12	0.08	0.00
0.30	0.29	0.29	0.20	0.20	0.03	0.00	0.03	0.30	0.30	0.30	0.30	0.04	0.01	0.20	0.00	0.20	0.00	0.29	0.20	0.26	0.00	0.00	0.00	0.00	0.00	0.00	0.00	0.00	0.00	0.14	0.02	0.00	0.02	0.04	0.30	0.00	0.00	0.00	0.00	0.00	0.00	0.00	0.00	0.00	0.00	0.00	0.00	0.06	0.20	0.00	0.00	0.00	0.00	0.00	0.00	0.00	0.00	0.13	0.00	0.00	0.00	0.01	0.00	0.10	0.06	0.00	0.00	0.16	0.17	0.00
0.27	0.25	0.25	0.19	0.19	0.01	0.00	0.01	0.27	0.27	0.27	0.27	0.06	0.01	0.13	0.00	0.19	0.00	0.09	0.24	0.25	0.00	0.00	0.00	0.00	0.01	0.00	0.00	0.00	0.00	0.14	0.02	0.00	0.02	0.06	0.27	0.00	0.00	0.00	0.00	0.00	0.00	0.00	0.00	0.00	0.00	0.00	0.00	0.10	0.10	0.00	0.00	0.00	0.00	0.00	0.00	0.00	0.00	0.09	0.00	0.00	0.00	0.04	0.00	0.10	0.05	0.00	0.00	0.13	0.07	0.00
0.26	0.25	0.25	0.25	0.25	0.01	0.00	0.01	0.26	0.26	0.26	0.26	0.05	0.03	0.22	0.25	0.23	0.00	0.11	0.25	0.25	0.00	0.00	0.00	0.00	0.01	0.00	0.00	0.00	0.00	0.26	0.01	0.00	0.00	0.05	0.18	0.00	0.00	0.00	0.00	0.00	0.00	0.00	0.01	0.01	0.00	0.00	0.03	0.22	0.09	0.00	0.00	0.00	0.00	0.00	0.00	0.00	0.00	0.03	0.00	0.00	0.00	0.00	0.00	0.00	0.03	0.00	0.00	0.14	0.04	0.10
0.26	0.26	0.25	0.26	0.26	0.02	0.00	0.02	0.13	0.11	0.11	0.11	0.06	0.04	0.13	0.26	0.23	0.00	0.10	0.17	0.25	0.00	0.00	0.00	0.00	0.00	0.00	0.00	0.00	0.00	0.11	0.01	0.00	0.01	0.06	0.09	0.01	0.00	0.00	0.00	0.00	0.00	0.00	0.00	0.04	0.00	0.00	0.03	0.10	0.13	0.00	0.00	0.00	0.00	0.00	0.00	0.00	0.00	0.03	0.00	0.00	0.00	0.00	0.00	0.09	0.07	0.00	0.00	0.12	0.09	0.01
0.29	0.29	0.25	0.29	0.29	0.02	0.00	0.02	0.25	0.25	0.25	0.25	0.09	0.01	0.14	0.29	0.23	0.00	0.13	0.17	0.25	0.00	0.00	0.00	0.00	0.00	0.00	0.00	0.00	0.00	0.25	0.01	0.00	0.02	0.09	0.15	0.02	0.00	0.00	0.00	0.00	0.00	0.00	0.00	0.00	0.00	0.00	0.00	0.06	0.14	0.00	0.00	0.00	0.00	0.00	0.00	0.00	0.00	0.02	0.00	0.00	0.00	0.00	0.00	0.09	0.07	0.00	0.00	0.06	0.09	0.00
0.41	0.41	0.25	0.41	0.41	0.02	0.00	0.02	0.26	0.26	0.26	0.26	0.11	0.02	0.09	0.41	0.23	0.00	0.21	0.18	0.25	0.00	0.00	0.00	0.00	0.00	0.00	0.00	0.00	0.00	0.07	0.01	0.00	0.03	0.11	0.26	0.03	0.00	0.00	0.00	0.00	0.00	0.00	0.00	0.00	0.00	0.02	0.00	0.06	0.05	0.00	0.00	0.00	0.00	0.00	0.00	0.00	0.00	0.01	0.00	0.00	0.00	0.00	0.00	0.09	0.07	0.00	0.00	0.06	0.09	0.00
0.26	0.26	0.26	0.22	0.22	0.03	0.00	0.03	0.18	0.18	0.18	0.18	0.11	0.05	0.09	0.17	0.22	0.01	0.17	0.11	0.26	0.00	0.00	0.00	0.00	0.02	0.00	0.00	0.00	0.00	0.00	0.00	0.00	0.01	0.11	0.18	0.01	0.00	0.00	0.00	0.00	0.00	0.00	0.03	0.02	0.01	0.05	0.02	0.00	0.00	0.00	0.00	0.00	0.00	0.00	0.00	0.00	0.00	0.00	0.00	0.00	0.00	0.03	0.00	0.09	0.05	0.00	0.00	0.00	0.00	0.03
0.27	0.27	0.27	0.19	0.19	0.02	0.00	0.02	0.17	0.17	0.17	0.17	0.11	0.01	0.09	0.19	0.16	0.00	0.27	0.09	0.19	0.00	0.00	0.00	0.00	0.00	0.00	0.00	0.00	0.00	0.03	0.00	0.00	0.01	0.11	0.17	0.01	0.00	0.00	0.00	0.00	0.00	0.00	0.00	0.00	0.00	0.00	0.00	0.02	0.09	0.00	0.00	0.00	0.00	0.00	0.00	0.00	0.00	0.00	0.00	0.00	0.00	0.00	0.00	0.03	0.03	0.00	0.00	0.07	0.09	0.03
0.26	0.26	0.26	0.24	0.24	0.02	0.00	0.02	0.14	0.09	0.09	0.09	0.03	0.01	0.14	0.00	0.24	0.00	0.15	0.11	0.26	0.00	0.00	0.00	0.00	0.00	0.00	0.00	0.00	0.00	0.03	0.00	0.00	0.00	0.03	0.09	0.01	0.00	0.00	0.00	0.00	0.00	0.00	0.00	0.01	0.00	0.00	0.00	0.09	0.12	0.00	0.00	0.00	0.00	0.00	0.00	0.00	0.00	0.03	0.00	0.00	0.00	0.00	0.00	0.12	0.02	0.00	0.00	0.14	0.10	0.00
0.28	0.27	0.25	0.27	0.27	0.02	0.00	0.02	0.28	0.07	0.07	0.07	0.03	0.02	0.28	0.00	0.27	0.00	0.15	0.11	0.25	0.00	0.00	0.00	0.00	0.00	0.00	0.00	0.00	0.00	0.03	0.00	0.00	0.00	0.03	0.07	0.01	0.00	0.00	0.00	0.00	0.00	0.00	0.00	0.02	0.00	0.00	0.00	0.09	0.14	0.00	0.00	0.00	0.00	0.00	0.00	0.00	0.00	0.04	0.00	0.00	0.00	0.01	0.00	0.28	0.02	0.00	0.00	0.14	0.10	0.00
0.29	0.28	0.23	0.28	0.28	0.01	0.00	0.01	0.29	0.11	0.11	0.06	0.11	0.01	0.29	0.28	0.14	0.00	0.12	0.17	0.23	0.00	0.00	0.00	0.00	0.01	0.00	0.00	0.00	0.00	0.02	0.00	0.00	0.02	0.11	0.06	0.01	0.00	0.00	0.00	0.00	0.00	0.00	0.00	0.00	0.00	0.00	0.01	0.00	0.29	0.00	0.00	0.00	0.00	0.00	0.00	0.00	0.00	0.00	0.00	0.00	0.00	0.04	0.00	0.06	0.02	0.00	0.00	0.00	0.00	0.01
0.27	0.27	0.26	0.27	0.27	0.01	0.00	0.01	0.21	0.11	0.11	0.05	0.11	0.02	0.21	0.27	0.12	0.00	0.19	0.15	0.26	0.00	0.00	0.00	0.00	0.00	0.00	0.00	0.00	0.00	0.02	0.00	0.00	0.02	0.11	0.05	0.00	0.00	0.00	0.00	0.00	0.00	0.00	0.00	0.00	0.00	0.00	0.02	0.00	0.21	0.00	0.00	0.00	0.00	0.00	0.00	0.00	0.00	0.00	0.00	0.00	0.00	0.03	0.00	0.04	0.01	0.00	0.00	0.00	0.00	0.00
0.33	0.33	0.26	0.33	0.33	0.02	0.00	0.02	0.13	0.12	0.12	0.12	0.06	0.00	0.13	0.33	0.16	0.00	0.10	0.15	0.26	0.00	0.00	0.00	0.00	0.00	0.00	0.00	0.00	0.00	0.00	0.00	0.00	0.00	0.06	0.12	0.00	0.00	0.00	0.00	0.00	0.00	0.00	0.00	0.00	0.00	0.00	0.00	0.07	0.00	0.00	0.00	0.00	0.00	0.00	0.00	0.00	0.00	0.05	0.00	0.00	0.00	0.02	0.00	0.08	0.07	0.00	0.00	0.10	0.13	0.02
0.25	0.25	0.25	0.20	0.20	0.01	0.00	0.01	0.10	0.08	0.08	0.08	0.05	0.00	0.10	0.00	0.20	0.00	0.13	0.19	0.25	0.00	0.00	0.00	0.00	0.00	0.00	0.00	0.00	0.00	0.01	0.00	0.00	0.00	0.05	0.08	0.00	0.00	0.00	0.00	0.00	0.00	0.00	0.00	0.00	0.00	0.00	0.00	0.00	0.09	0.00	0.00	0.00	0.00	0.00	0.00	0.00	0.00	0.00	0.00	0.00	0.00	0.10	0.00	0.07	0.06	0.00	0.00	0.00	0.00	0.00
0.26	0.26	0.26	0.21	0.21	0.01	0.00	0.01	0.09	0.07	0.07	0.07	0.05	0.03	0.09	0.00	0.21	0.00	0.12	0.08	0.26	0.00	0.00	0.00	0.00	0.00	0.00	0.00	0.00	0.00	0.02	0.00	0.00	0.02	0.05	0.07	0.00	0.00	0.00	0.00	0.00	0.00	0.00	0.00	0.00	0.00	0.00	0.03	0.05	0.09	0.00	0.00	0.00	0.00	0.00	0.00	0.00	0.00	0.02	0.00	0.00	0.00	0.09	0.00	0.05	0.06	0.00	0.00	0.07	0.06	0.00
0.26	0.26	0.26	0.26	0.26	0.03	0.00	0.03	0.18	0.18	0.18	0.18	0.07	0.02	0.06	0.26	0.18	0.02	0.26	0.16	0.25	0.00	0.00	0.00	0.00	0.03	0.00	0.00	0.00	0.00	0.00	0.00	0.00	0.01	0.07	0.18	0.04	0.00	0.00	0.00	0.00	0.00	0.00	0.00	0.00	0.02	0.00	0.00	0.00	0.06	0.00	0.00	0.00	0.00	0.00	0.00	0.00	0.00	0.00	0.00	0.00	0.00	0.00	0.00	0.01	0.02	0.00	0.00	0.00	0.00	0.04
0.27	0.27	0.27	0.27	0.27	0.05	0.00	0.05	0.12	0.11	0.11	0.05	0.11	0.08	0.12	0.27	0.25	0.02	0.24	0.25	0.27	0.00	0.00	0.00	0.00	0.05	0.00	0.00	0.00	0.01	0.00	0.01	0.00	0.09	0.11	0.05	0.04	0.00	0.00	0.00	0.00	0.00	0.00	0.08	0.02	0.00	0.01	0.06	0.03	0.00	0.00	0.00	0.00	0.00	0.00	0.00	0.00	0.00	0.05	0.00	0.00	0.00	0.03	0.00	0.03	0.10	0.00	0.00	0.12	0.09	0.00
0.53	0.53	0.26	0.53	0.26	0.05	0.00	0.05	0.10	0.10	0.10	0.03	0.10	0.07	0.10	0.26	0.22	0.02	0.26	0.26	0.25	0.00	0.00	0.00	0.00	0.05	0.00	0.00	0.00	0.01	0.00	0.01	0.00	0.08	0.10	0.03	0.02	0.00	0.00	0.00	0.00	0.00	0.00	0.07	0.02	0.00	0.01	0.05	0.00	0.00	0.00	0.00	0.00	0.00	0.00	0.00	0.00	0.00	0.00	0.00	0.00	0.00	0.03	0.00	0.03	0.10	0.00	0.00	0.00	0.00	0.53
0.28	0.28	0.28	0.23	0.23	0.05	0.00	0.05	0.10	0.10	0.10	0.04	0.10	0.07	0.10	0.23	0.22	0.02	0.28	0.28	0.26	0.00	0.00	0.00	0.00	0.05	0.00	0.00	0.00	0.01	0.00	0.01	0.00	0.08	0.10	0.04	0.02	0.00	0.00	0.00	0.00	0.00	0.00	0.07	0.02	0.00	0.01	0.05	0.00	0.00	0.00	0.00	0.00	0.00	0.00	0.00	0.00	0.00	0.00	0.00	0.00	0.00	0.03	0.00	0.03	0.10	0.00	0.00	0.00	0.00	0.07
0.26	0.26	0.26	0.16	0.16	0.11	0.00	0.11	0.22	0.22	0.22	0.02	0.22	0.10	0.13	0.03	0.16	0.04	0.26	0.25	0.26	0.00	0.00	0.00	0.00	0.11	0.00	0.00	0.00	0.00	0.00	0.00	0.00	0.08	0.22	0.02	0.03	0.00	0.00	0.00	0.00	0.00	0.00	0.02	0.01	0.01	0.02	0.10	0.01	0.13	0.00	0.00	0.00	0.00	0.00	0.00	0.00	0.00	0.00	0.00	0.00	0.00	0.00	0.00	0.00	0.03	0.00	0.00	0.07	0.00	0.02
0.27	0.27	0.27	0.13	0.13	0.27	0.00	0.27	0.27	0.27	0.27	0.07	0.27	0.09	0.03	0.00	0.13	0.04	0.11	0.25	0.27	0.00	0.00	0.00	0.00	0.27	0.00	0.00	0.00	0.00	0.00	0.00	0.00	0.14	0.27	0.07	0.06	0.00	0.00	0.00	0.00	0.00	0.00	0.00	0.02	0.02	0.03	0.09	0.00	0.00	0.00	0.00	0.00	0.00	0.00	0.00	0.00	0.00	0.00	0.00	0.00	0.00	0.00	0.00	0.03	0.01	0.00	0.00	0.00	0.00	0.02
0.34	0.34	0.30	0.21	0.13	0.34	0.00	0.34	0.31	0.31	0.31	0.07	0.31	0.10	0.03	0.00	0.13	0.06	0.15	0.30	0.27	0.00	0.00	0.00	0.00	0.34	0.00	0.00	0.00	0.00	0.00	0.01	0.00	0.26	0.31	0.07	0.10	0.00	0.00	0.00	0.00	0.00	0.00	0.01	0.02	0.02	0.04	0.10	0.00	0.00	0.00	0.00	0.00	0.00	0.00	0.00	0.00	0.00	0.00	0.00	0.00	0.00	0.00	0.00	0.03	0.01	0.00	0.00	0.00	0.00	0.21
0.27	0.27	0.26	0.27	0.27	0.02	0.00	0.02	0.10	0.08	0.08	0.08	0.07	0.01	0.10	0.27	0.25	0.02	0.15	0.25	0.26	0.00	0.00	0.00	0.00	0.02	0.00	0.00	0.00	0.00	0.05	0.02	0.00	0.02	0.07	0.08	0.01	0.00	0.00	0.00	0.00	0.00	0.00	0.00	0.00	0.00	0.00	0.00	0.06	0.06	0.00	0.00	0.00	0.00	0.00	0.00	0.00	0.00	0.03	0.00	0.00	0.00	0.00	0.00	0.03	0.02	0.00	0.00	0.08	0.10	0.04
0.72	0.72	0.26	0.72	0.34	0.04	0.00	0.04	0.10	0.08	0.08	0.08	0.07	0.01	0.10	0.34	0.21	0.02	0.13	0.25	0.26	0.00	0.00	0.00	0.00	0.04	0.00	0.00	0.00	0.00	0.07	0.02	0.00	0.03	0.07	0.08	0.01	0.00	0.00	0.00	0.00	0.00	0.00	0.00	0.00	0.00	0.00	0.00	0.06	0.04	0.00	0.00	0.00	0.00	0.00	0.00	0.00	0.00	0.03	0.00	0.00	0.00	0.01	0.00	0.04	0.02	0.00	0.00	0.09	0.10	0.72
0.29	0.29	0.29	0.23	0.23	0.02	0.00	0.02	0.24	0.24	0.24	0.24	0.07	0.00	0.17	0.23	0.16	0.02	0.23	0.29	0.26	0.00	0.00	0.00	0.00	0.02	0.00	0.00	0.00	0.00	0.24	0.03	0.00	0.02	0.07	0.10	0.01	0.00	0.00	0.00	0.00	0.00	0.00	0.00	0.00	0.00	0.00	0.00	0.12	0.17	0.00	0.00	0.00	0.00	0.00	0.00	0.00	0.00	0.04	0.00	0.00	0.00	0.00	0.00	0.03	0.02	0.00	0.00	0.09	0.10	0.01
0.29	0.29	0.29	0.28	0.28	0.04	0.00	0.04	0.14	0.14	0.14	0.14	0.08	0.01	0.04	0.28	0.21	0.03	0.29	0.26	0.22	0.00	0.00	0.00	0.00	0.04	0.00	0.00	0.00	0.00	0.00	0.00	0.00	0.08	0.07	0.14	0.02	0.00	0.00	0.00	0.00	0.00	0.00	0.00	0.00	0.00	0.00	0.00	0.00	0.04	0.00	0.00	0.00	0.00	0.00	0.00	0.00	0.00	0.00	0.00	0.00	0.00	0.00	0.00	0.02	0.02	0.00	0.00	0.00	0.00	0.00
0.26	0.26	0.26	0.19	0.19	0.20	0.00	0.20	0.18	0.18	0.18	0.16	0.18	0.01	0.04	0.19	0.17	0.14	0.26	0.19	0.14	0.00	0.00	0.00	0.00	0.20	0.00	0.00	0.00	0.00	0.00	0.00	0.00	0.18	0.14	0.16	0.03	0.00	0.00	0.00	0.00	0.00	0.00	0.00	0.01	0.00	0.01	0.00	0.00	0.04	0.00	0.00	0.00	0.00	0.00	0.00	0.00	0.00	0.00	0.00	0.00	0.00	0.03	0.00	0.03	0.02	0.00	0.00	0.00	0.00	0.09
0.23	0.23	0.23	0.11	0.11	0.23	0.00	0.23	0.19	0.19	0.19	0.19	0.17	0.08	0.02	0.04	0.11	0.06	0.10	0.23	0.23	0.00	0.00	0.00	0.00	0.23	0.00	0.00	0.00	0.02	0.06	0.03	0.00	0.15	0.17	0.19	0.06	0.00	0.00	0.00	0.00	0.00	0.00	0.02	0.00	0.05	0.08	0.00	0.00	0.00	0.00	0.00	0.00	0.00	0.00	0.00	0.00	0.00	0.00	0.00	0.00	0.00	0.01	0.00	0.02	0.01	0.00	0.00	0.00	0.00	0.02
0.25	0.23	0.23	0.10	0.10	0.19	0.00	0.19	0.25	0.25	0.25	0.16	0.25	0.08	0.01	0.00	0.10	0.06	0.05	0.23	0.23	0.00	0.00	0.00	0.00	0.19	0.00	0.00	0.00	0.02	0.06	0.08	0.00	0.14	0.25	0.16	0.23	0.00	0.00	0.00	0.00	0.00	0.00	0.02	0.02	0.05	0.08	0.00	0.00	0.00	0.00	0.00	0.00	0.00	0.00	0.00	0.00	0.00	0.00	0.00	0.00	0.00	0.00	0.00	0.00	0.01	0.00	0.00	0.00	0.00	0.04
0.27	0.27	0.27	0.13	0.13	0.06	0.00	0.06	0.26	0.26	0.26	0.05	0.26	0.02	0.04	0.07	0.13	0.02	0.22	0.27	0.23	0.00	0.00	0.00	0.00	0.06	0.00	0.00	0.00	0.01	0.00	0.02	0.00	0.08	0.26	0.05	0.05	0.00	0.00	0.00	0.00	0.00	0.00	0.02	0.00	0.00	0.02	0.02	0.00	0.04	0.00	0.00	0.00	0.00	0.00	0.00	0.00	0.00	0.00	0.00	0.00	0.00	0.00	0.00	0.04	0.01	0.00	0.00	0.00	0.00	0.01
0.27	0.27	0.27	0.16	0.14	0.04	0.00	0.04	0.19	0.19	0.19	0.05	0.19	0.02	0.04	0.06	0.14	0.02	0.22	0.27	0.24	0.00	0.00	0.00	0.00	0.04	0.00	0.00	0.00	0.01	0.00	0.02	0.00	0.08	0.19	0.05	0.05	0.00	0.00	0.00	0.00	0.00	0.00	0.01	0.01	0.00	0.02	0.02	0.00	0.04	0.00	0.00	0.00	0.00	0.00	0.00	0.00	0.00	0.00	0.00	0.00	0.00	0.00	0.00	0.00	0.00	0.00	0.00	0.00	0.00	0.16
0.27	0.27	0.27	0.13	0.13	0.02	0.00	0.02	0.19	0.19	0.19	0.05	0.19	0.05	0.04	0.04	0.13	0.02	0.22	0.27	0.23	0.00	0.00	0.00	0.00	0.02	0.00	0.00	0.00	0.01	0.00	0.02	0.00	0.07	0.19	0.05	0.05	0.00	0.00	0.00	0.00	0.00	0.00	0.01	0.02	0.00	0.02	0.05	0.00	0.04	0.00	0.00	0.00	0.00	0.00	0.00	0.00	0.00	0.00	0.00	0.00	0.00	0.00	0.00	0.00	0.00	0.00	0.00	0.00	0.00	0.04
0.37	0.37	0.25	0.37	0.14	0.12	0.02	0.12	0.24	0.24	0.24	0.05	0.24	0.20	0.05	0.07	0.14	0.16	0.05	0.25	0.23	0.00	0.00	0.00	0.00	0.12	0.00	0.00	0.00	0.00	0.00	0.02	0.00	0.24	0.17	0.05	0.04	0.00	0.00	0.00	0.01	0.00	0.00	0.08	0.19	0.04	0.11	0.20	0.00	0.00	0.00	0.00	0.00	0.00	0.00	0.00	0.00	0.00	0.00	0.00	0.00	0.00	0.05	0.00	0.00	0.02	0.00	0.00	0.00	0.00	0.37
0.28	0.28	0.28	0.16	0.16	0.20	0.00	0.20	0.21	0.21	0.21	0.04	0.21	0.06	0.03	0.08	0.16	0.12	0.23	0.28	0.27	0.00	0.00	0.00	0.00	0.20	0.00	0.00	0.00	0.00	0.00	0.00	0.00	0.13	0.21	0.04	0.03	0.00	0.00	0.00	0.00	0.00	0.00	0.02	0.02	0.01	0.03	0.06	0.00	0.00	0.00	0.00	0.00	0.00	0.00	0.00	0.00	0.00	0.00	0.00	0.00	0.00	0.00	0.00	0.00	0.00	0.00	0.00	0.00	0.00	0.04
0.38	0.26	0.26	0.16	0.16	0.22	0.00	0.22	0.38	0.38	0.38	0.10	0.38	0.05	0.18	0.15	0.16	0.04	0.09	0.26	0.25	0.00	0.00	0.00	0.00	0.22	0.00	0.00	0.00	0.03	0.00	0.03	0.00	0.08	0.38	0.10	0.13	0.00	0.00	0.00	0.01	0.00	0.00	0.02	0.05	0.02	0.04	0.03	0.04	0.00	0.00	0.00	0.00	0.00	0.00	0.00	0.00	0.00	0.02	0.00	0.00	0.00	0.00	0.00	0.00	0.02	0.00	0.00	0.03	0.04	0.00
0.36	0.26	0.26	0.23	0.23	0.23	0.00	0.23	0.36	0.36	0.36	0.10	0.36	0.05	0.16	0.23	0.17	0.05	0.09	0.25	0.26	0.00	0.00	0.00	0.00	0.23	0.00	0.00	0.00	0.03	0.01	0.02	0.00	0.08	0.36	0.10	0.13	0.00	0.00	0.00	0.02	0.00	0.00	0.02	0.05	0.02	0.04	0.04	0.06	0.11	0.00	0.00	0.00	0.00	0.00	0.00	0.00	0.00	0.02	0.00	0.00	0.00	0.00	0.00	0.01	0.02	0.00	0.00	0.03	0.04	0.02
0.41	0.26	0.25	0.18	0.18	0.26	0.00	0.26	0.41	0.41	0.41	0.09	0.41	0.17	0.04	0.14	0.18	0.06	0.17	0.25	0.25	0.00	0.00	0.00	0.00	0.26	0.00	0.00	0.00	0.03	0.00	0.02	0.00	0.13	0.41	0.09	0.14	0.00	0.00	0.00	0.03	0.00	0.00	0.05	0.07	0.03	0.17	0.08	0.03	0.00	0.00	0.00	0.00	0.00	0.00	0.00	0.00	0.00	0.02	0.00	0.00	0.00	0.01	0.00	0.00	0.04	0.00	0.00	0.02	0.04	0.04
0.31	0.31	0.26	0.19	0.19	0.30	0.00	0.30	0.31	0.26	0.26	0.06	0.26	0.31	0.04	0.19	0.18	0.13	0.18	0.26	0.26	0.00	0.00	0.00	0.00	0.30	0.00	0.00	0.00	0.03	0.00	0.02	0.00	0.16	0.26	0.06	0.15	0.00	0.00	0.00	0.05	0.00	0.00	0.05	0.20	0.03	0.19	0.31	0.00	0.00	0.00	0.00	0.00	0.00	0.00	0.00	0.00	0.00	0.00	0.00	0.00	0.00	0.01	0.00	0.00	0.04	0.00	0.00	0.00	0.00	0.01
0.31	0.30	0.27	0.21	0.21	0.30	0.00	0.30	0.31	0.31	0.31	0.09	0.31	0.23	0.11	0.17	0.21	0.12	0.19	0.27	0.24	0.00	0.00	0.00	0.00	0.30	0.00	0.00	0.00	0.02	0.02	0.03	0.00	0.15	0.31	0.09	0.10	0.00	0.00	0.00	0.05	0.00	0.00	0.05	0.20	0.04	0.17	0.23	0.02	0.10	0.00	0.00	0.00	0.00	0.00	0.00	0.00	0.00	0.04	0.00	0.00	0.00	0.00	0.00	0.00	0.04	0.00	0.00	0.00	0.11	0.02
