0.26	0.26	0.25	0.26	0.26	0.03	0.00	0.03	0.17	0.17	0.17	0.17	0.07	0.01	0.14	0.26	0.15	0.14	0.23	0.08	0.25	0.00	0.00	0.00	0.00	0.03	0.00	0.00	0.00	0.00	0.17	0.00	0.00	0.03	0.07	0.13	0.05	0.00	0.00	0.00	0.00	0.00	0.00	0.00	0.01	0.00	0.00	0.00	0.14	0.11	0.00	0.00	0.00	0.00	0.00	0.00	0.00	0.00	0.02	0.00	0.00	0.00	0.00	0.00	0.13	0.04	0.00	0.00	0.14	0.07	0.00
0.27	0.27	0.27	0.17	0.17	0.02	0.00	0.02	0.19	0.07	0.07	0.07	0.06	0.05	0.19	0.17	0.13	0.08	0.25	0.02	0.27	0.00	0.00	0.00	0.00	0.00	0.00	0.00	0.00	0.00	0.06	0.02	0.00	0.06	0.03	0.07	0.05	0.00	0.00	0.00	0.00	0.00	0.00	0.00	0.00	0.02	0.05	0.00	0.13	0.19	0.00	0.00	0.00	0.00	0.00	0.00	0.00	0.00	0.13	0.00	0.00	0.00	0.03	0.00	0.19	0.02	0.00	0.00	0.14	0.11	0.02
0.28	0.28	0.25	0.28	0.28	0.06	0.00	0.06	0.09	0.07	0.07	0.05	0.07	0.03	0.09	0.28	0.23	0.05	0.25	0.13	0.19	0.00	0.00	0.00	0.00	0.06	0.00	0.00	0.00	0.00	0.02	0.05	0.00	0.04	0.07	0.05	0.04	0.00	0.00	0.00	0.00	0.00	0.00	0.00	0.02	0.01	0.02	0.03	0.09	0.09	0.00	0.00	0.00	0.00	0.00	0.00	0.00	0.00	0.02	0.00	0.00	0.00	0.04	0.00	0.05	0.05	0.00	0.00	0.08	0.08	0.02
0.25	0.25	0.25	0.18	0.18	0.09	0.00	0.09	0.11	0.11	0.11	0.07	0.11	0.04	0.06	0.16	0.18	0.03	0.25	0.15	0.16	0.00	0.00	0.00	0.00	0.09	0.00	0.00	0.00	0.00	0.00	0.02	0.00	0.11	0.05	0.07	0.05	0.00	0.00	0.00	0.00	0.00	0.00	0.00	0.04	0.02	0.00	0.02	0.05	0.03	0.00	0.00	0.00	0.00	0.00	0.00	0.00	0.00	0.00	0.00	0.00	0.00	0.00	0.00	0.01	0.02	0.01	0.00	0.03	0.06	0.02
0.29	0.29	0.29	0.18	0.18	0.10	0.00	0.10	0.12	0.12	0.12	0.10	0.12	0.02	0.03	0.12	0.18	0.03	0.27	0.29	0.21	0.00	0.00	0.00	0.00	0.10	0.00	0.00	0.00	0.00	0.00	0.03	0.00	0.12	0.08	0.10	0.08	0.00	0.00	0.00	0.00	0.00	0.00	0.00	0.01	0.02	0.02	0.02	0.00	0.03	0.00	0.00	0.00	0.00	0.00	0.00	0.00	0.00	0.00	0.00	0.00	0.00	0.00	0.00	0.02	0.00	0.01	0.00	0.00	0.00	0.02
0.37	0.26	0.26	0.18	0.18	0.10	0.00	0.10	0.37	0.37	0.37	0.04	0.37	0.18	0.12	0.05	0.18	0.20	0.25	0.25	0.26	0.00	0.00	0.00	0.00	0.10	0.00	0.00	0.00	0.19	0.00	0.06	0.00	0.37	0.10	0.04	0.23	0.00	0.00	0.00	0.00	0.00	0.00	0.05	0.03	0.18	0.16	0.01	0.07	0.12	0.00	0.00	0.00	0.00	0.00	0.00	0.00	0.00	0.04	0.00	0.00	0.00	0.00	0.00	0.00	0.02	0.00	0.00	0.06	0.08	0.00
0.28	0.27	0.27	0.18	0.18	0.03	0.00	0.03	0.28	0.28	0.28	0.01	0.28	0.07	0.12	0.07	0.18	0.08	0.27	0.20	0.22	0.00	0.00	0.00	0.00	0.02	0.00	0.00	0.00	0.27	0.00	0.06	0.00	0.28	0.12	0.01	0.15	0.00	0.00	0.00	0.00	0.00	0.00	0.06	0.03	0.06	0.07	0.02	0.05	0.07	0.00	0.00	0.00	0.00	0.00	0.00	0.00	0.00	0.08	0.00	0.00	0.00	0.00	0.00	0.00	0.00	0.03	0.00	0.12	0.03	0.00
0.28	0.28	0.28	0.24	0.24	0.05	0.00	0.05	0.12	0.10	0.10	0.10	0.09	0.09	0.12	0.24	0.17	0.08	0.28	0.02	0.12	0.00	0.00	0.00	0.00	0.02	0.00	0.00	0.02	0.00	0.02	0.02	0.00	0.07	0.09	0.10	0.05	0.00	0.00	0.00	0.01	0.00	0.00	0.00	0.03	0.00	0.00	0.09	0.07	0.12	0.00	0.00	0.00	0.00	0.00	0.00	0.00	0.00	0.00	0.00	0.00	0.00	0.00	0.00	0.00	0.07	0.01	0.00	0.06	0.08	0.01
0.28	0.28	0.28	0.15	0.15	0.07	0.00	0.07	0.20	0.20	0.20	0.02	0.20	0.17	0.08	0.10	0.15	0.11	0.28	0.04	0.24	0.00	0.00	0.00	0.00	0.02	0.00	0.00	0.00	0.00	0.00	0.02	0.00	0.20	0.07	0.02	0.11	0.00	0.00	0.00	0.02	0.00	0.00	0.05	0.09	0.05	0.17	0.13	0.08	0.03	0.00	0.00	0.00	0.00	0.00	0.00	0.00	0.00	0.03	0.00	0.00	0.00	0.00	0.00	0.04	0.00	0.00	0.00	0.05	0.06	0.03
0.35	0.29	0.27	0.14	0.14	0.29	0.00	0.29	0.35	0.26	0.26	0.13	0.26	0.24	0.11	0.11	0.14	0.22	0.08	0.27	0.22	0.00	0.00	0.00	0.00	0.29	0.00	0.00	0.00	0.35	0.09	0.07	0.00	0.26	0.14	0.13	0.17	0.00	0.00	0.00	0.02	0.00	0.00	0.24	0.14	0.15	0.14	0.02	0.10	0.11	0.00	0.00	0.00	0.00	0.00	0.00	0.00	0.00	0.05	0.00	0.00	0.00	0.04	0.00	0.03	0.00	0.01	0.00	0.06	0.10	0.05
0.29	0.29	0.28	0.14	0.14	0.29	0.00	0.29	0.27	0.27	0.27	0.13	0.27	0.23	0.20	0.11	0.14	0.24	0.18	0.27	0.28	0.00	0.00	0.00	0.00	0.29	0.00	0.00	0.01	0.25	0.04	0.07	0.00	0.27	0.12	0.13	0.16	0.00	0.00	0.00	0.02	0.00	0.00	0.23	0.13	0.14	0.13	0.03	0.08	0.20	0.00	0.00	0.00	0.00	0.00	0.00	0.00	0.00	0.06	0.00	0.00	0.00	0.05	0.00	0.03	0.03	0.01	0.00	0.05	0.12	0.09
0.36	0.24	0.24	0.11	0.11	0.12	0.00	0.12	0.36	0.36	0.36	0.16	0.36	0.22	0.06	0.04	0.11	0.12	0.16	0.24	0.16	0.00	0.00	0.00	0.00	0.12	0.00	0.00	0.00	0.24	0.15	0.31	0.00	0.36	0.20	0.16	0.20	0.00	0.00	0.00	0.09	0.00	0.00	0.22	0.20	0.08	0.16	0.20	0.00	0.06	0.00	0.00	0.00	0.00	0.00	0.00	0.00	0.00	0.00	0.00	0.00	0.00	0.00	0.00	0.00	0.02	0.00	0.00	0.00	0.00	0.02
0.29	0.28	0.25	0.14	0.14	0.20	0.00	0.20	0.29	0.29	0.29	0.16	0.29	0.18	0.08	0.14	0.14	0.28	0.04	0.25	0.23	0.00	0.00	0.00	0.00	0.20	0.00	0.00	0.00	0.00	0.16	0.18	0.00	0.29	0.20	0.12	0.09	0.00	0.00	0.00	0.00	0.00	0.00	0.03	0.02	0.04	0.18	0.04	0.04	0.08	0.00	0.00	0.00	0.00	0.00	0.00	0.00	0.00	0.04	0.00	0.00	0.00	0.00	0.00	0.02	0.03	0.03	0.00	0.04	0.04	0.01
