# Variant	Altered Effect	Altered Structure_and_dynamics	Altered Secondary_structure	Altered Stability_and_conformational_flexibility	Altered Conformational_flexibility	Altered Special_structural_signatures	Altered Signal_peptide	Altered Transmembrane_protein	Altered Functional_residue	Altered Macromolecular_binding	Altered Protein_binding	Altered Disordered_interface	Altered Ordered_interface	Altered Metal_binding	Altered PTM_site	Intrinsic_disorder	B-factor	Relative_solvent_accessibility	Helix	Strand	Loop	N-terminal_signal	Signal_helix	C-terminal_signal	Signal_cleavage	Cytoplasmic_loop	Transmembrane_region	Non_cytoplasmic_loop	Coiled_coil	Catalytic_site	Calmodulin_binding	DNA_binding	RNA_binding	PPI_residue	PPI_hotspot	MoRF	Allosteric_site	Cadmium_binding	Calcium_binding	Cobalt_binding	Copper_binding	Iron_binding	Magnesium_binding	Manganese_binding	Nickel_binding	Potassium_binding	Sodium_binding	Zinc_binding	Acetylation	ADP-ribosylation	Amidation	C-linked_glycosylation	Carboxylation	Disulfide_linkage	Farnesylation	Geranylgeranylation	GPI_anchor_amidation	Hydroxylation	Methylation	Myristoylation	N-terminal_acetylation	N-linked_glycosylation	O-linked_glycosylation	Palmitoylation	Phosphorylation	Proteolytic_cleavage	Pyrrolidone_carboxylic_acid	Sulfation	SUMOylation	Ubiquitylation	Stability
F8L	0.26	0.26	0.25	0.26	0.26	0.03	0.00	0.03	0.17	0.17	0.17	0.17	0.07	0.01	0.14	0.26	0.15	0.14	0.23	0.08	0.25	0.00	0.00	0.00	0.00	0.03	0.00	0.00	0.00	0.00	0.17	0.00	0.00	0.03	0.07	0.13	0.05	0.00	0.00	0.00	0.00	0.00	0.00	0.00	0.01	0.00	0.00	0.00	0.14	0.11	0.00	0.00	0.00	0.00	0.00	0.00	0.00	0.00	0.02	0.00	0.00	0.00	0.00	0.00	0.13	0.04	0.00	0.00	0.14	0.07	0.00
P21S	0.27	0.27	0.27	0.17	0.17	0.02	0.00	0.02	0.19	0.07	0.07	0.07	0.06	0.05	0.19	0.17	0.13	0.08	0.25	0.02	0.27	0.00	0.00	0.00	0.00	0.00	0.00	0.00	0.00	0.00	0.06	0.02	0.00	0.06	0.03	0.07	0.05	0.00	0.00	0.00	0.00	0.00	0.00	0.00	0.00	0.02	0.05	0.00	0.13	0.19	0.00	0.00	0.00	0.00	0.00	0.00	0.00	0.00	0.13	0.00	0.00	0.00	0.03	0.00	0.19	0.02	0.00	0.00	0.14	0.11	0.02
K83T	0.28	0.28	0.25	0.28	0.28	0.06	0.00	0.06	0.09	0.07	0.07	0.05	0.07	0.03	0.09	0.28	0.23	0.05	0.25	0.13	0.19	0.00	0.00	0.00	0.00	0.06	0.00	0.00	0.00	0.00	0.02	0.05	0.00	0.04	0.07	0.05	0.04	0.00	0.00	0.00	0.00	0.00	0.00	0.00	0.02	0.01	0.02	0.03	0.09	0.09	0.00	0.00	0.00	0.00	0.00	0.00	0.00	0.00	0.02	0.00	0.00	0.00	0.04	0.00	0.05	0.05	0.00	0.00	0.08	0.08	0.02
E92K	0.25	0.25	0.25	0.18	0.18	0.09	0.00	0.09	0.11	0.11	0.11	0.07	0.11	0.04	0.06	0.16	0.18	0.03	0.25	0.15	0.16	0.00	0.00	0.00	0.00	0.09	0.00	0.00	0.00	0.00	0.00	0.02	0.00	0.11	0.05	0.07	0.05	0.00	0.00	0.00	0.00	0.00	0.00	0.00	0.04	0.02	0.00	0.02	0.05	0.03	0.00	0.00	0.00	0.00	0.00	0.00	0.00	0.00	0.00	0.00	0.00	0.00	0.00	0.00	0.01	0.02	0.01	0.00	0.03	0.06	0.02
G98A	0.29	0.29	0.29	0.18	0.18	0.10	0.00	0.10	0.12	0.12	0.12	0.10	0.12	0.02	0.03	0.12	0.18	0.03	0.27	0.29	0.21	0.00	0.00	0.00	0.00	0.10	0.00	0.00	0.00	0.00	0.00	0.03	0.00	0.12	0.08	0.10	0.08	0.00	0.00	0.00	0.00	0.00	0.00	0.00	0.01	0.02	0.02	0.02	0.00	0.03	0.00	0.00	0.00	0.00	0.00	0.00	0.00	0.00	0.00	0.00	0.00	0.00	0.00	0.00	0.02	0.00	0.01	0.00	0.00	0.00	0.02
G114R	0.37	0.26	0.26	0.18	0.18	0.10	0.00	0.10	0.37	0.37	0.37	0.04	0.37	0.18	0.12	0.05	0.18	0.20	0.25	0.25	0.26	0.00	0.00	0.00	0.00	0.10	0.00	0.00	0.00	0.19	0.00	0.06	0.00	0.37	0.10	0.04	0.23	0.00	0.00	0.00	0.00	0.00	0.00	0.05	0.03	0.18	0.16	0.01	0.07	0.12	0.00	0.00	0.00	0.00	0.00	0.00	0.00	0.00	0.04	0.00	0.00	0.00	0.00	0.00	0.00	0.02	0.00	0.00	0.06	0.08	0.00
Q133E	0.28	0.27	0.27	0.18	0.18	0.03	0.00	0.03	0.28	0.28	0.28	0.01	0.28	0.07	0.12	0.07	0.18	0.08	0.27	0.20	0.22	0.00	0.00	0.00	0.00	0.02	0.00	0.00	0.00	0.27	0.00	0.06	0.00	0.28	0.12	0.01	0.15	0.00	0.00	0.00	0.00	0.00	0.00	0.06	0.03	0.06	0.07	0.02	0.05	0.07	0.00	0.00	0.00	0.00	0.00	0.00	0.00	0.00	0.08	0.00	0.00	0.00	0.00	0.00	0.00	0.00	0.03	0.00	0.12	0.03	0.00
Q181R	0.28	0.28	0.28	0.24	0.24	0.05	0.00	0.05	0.12	0.10	0.10	0.10	0.09	0.09	0.12	0.24	0.17	0.08	0.28	0.02	0.12	0.00	0.00	0.00	0.00	0.02	0.00	0.00	0.02	0.00	0.02	0.02	0.00	0.07	0.09	0.10	0.05	0.00	0.00	0.00	0.01	0.00	0.00	0.00	0.03	0.00	0.00	0.09	0.07	0.12	0.00	0.00	0.00	0.00	0.00	0.00	0.00	0.00	0.00	0.00	0.00	0.00	0.00	0.00	0.00	0.07	0.01	0.00	0.06	0.08	0.01
L230F	0.28	0.28	0.28	0.15	0.15	0.07	0.00	0.07	0.20	0.20	0.20	0.02	0.20	0.17	0.08	0.10	0.15	0.11	0.28	0.04	0.24	0.00	0.00	0.00	0.00	0.02	0.00	0.00	0.00	0.00	0.00	0.02	0.00	0.20	0.07	0.02	0.11	0.00	0.00	0.00	0.02	0.00	0.00	0.05	0.09	0.05	0.17	0.13	0.08	0.03	0.00	0.00	0.00	0.00	0.00	0.00	0.00	0.00	0.03	0.00	0.00	0.00	0.00	0.00	0.04	0.00	0.00	0.00	0.05	0.06	0.03
Q285R	0.35	0.29	0.27	0.14	0.14	0.29	0.00	0.29	0.35	0.26	0.26	0.13	0.26	0.24	0.11	0.11	0.14	0.22	0.08	0.27	0.22	0.00	0.00	0.00	0.00	0.29	0.00	0.00	0.00	0.35	0.09	0.07	0.00	0.26	0.14	0.13	0.17	0.00	0.00	0.00	0.02	0.00	0.00	0.24	0.14	0.15	0.14	0.02	0.10	0.11	0.00	0.00	0.00	0.00	0.00	0.00	0.00	0.00	0.05	0.00	0.00	0.00	0.04	0.00	0.03	0.00	0.01	0.00	0.06	0.10	0.05
T288A	0.29	0.29	0.28	0.14	0.14	0.29	0.00	0.29	0.27	0.27	0.27	0.13	0.27	0.23	0.20	0.11	0.14	0.24	0.18	0.27	0.28	0.00	0.00	0.00	0.00	0.29	0.00	0.00	0.01	0.25	0.04	0.07	0.00	0.27	0.12	0.13	0.16	0.00	0.00	0.00	0.02	0.00	0.00	0.23	0.13	0.14	0.13	0.03	0.08	0.20	0.00	0.00	0.00	0.00	0.00	0.00	0.00	0.00	0.06	0.00	0.00	0.00	0.05	0.00	0.03	0.03	0.01	0.00	0.05	0.12	0.09
R312W	0.36	0.24	0.24	0.11	0.11	0.12	0.00	0.12	0.36	0.36	0.36	0.16	0.36	0.22	0.06	0.04	0.11	0.12	0.16	0.24	0.16	0.00	0.00	0.00	0.00	0.12	0.00	0.00	0.00	0.24	0.15	0.31	0.00	0.36	0.20	0.16	0.20	0.00	0.00	0.00	0.09	0.00	0.00	0.22	0.20	0.08	0.16	0.20	0.00	0.06	0.00	0.00	0.00	0.00	0.00	0.00	0.00	0.00	0.00	0.00	0.00	0.00	0.00	0.00	0.00	0.02	0.00	0.00	0.00	0.00	0.02
K320N	0.29	0.28	0.25	0.14	0.14	0.20	0.00	0.20	0.29	0.29	0.29	0.16	0.29	0.18	0.08	0.14	0.14	0.28	0.04	0.25	0.23	0.00	0.00	0.00	0.00	0.20	0.00	0.00	0.00	0.00	0.16	0.18	0.00	0.29	0.20	0.12	0.09	0.00	0.00	0.00	0.00	0.00	0.00	0.03	0.02	0.04	0.18	0.04	0.04	0.08	0.00	0.00	0.00	0.00	0.00	0.00	0.00	0.00	0.04	0.00	0.00	0.00	0.00	0.00	0.02	0.03	0.03	0.00	0.04	0.04	0.01
