# Variant	Altered Effect	Altered Structure_and_dynamics	Altered Secondary_structure	Altered Stability_and_conformational_flexibility	Altered Conformational_flexibility	Altered Special_structural_signatures	Altered Signal_peptide	Altered Transmembrane_protein	Altered Functional_residue	Altered Macromolecular_binding	Altered Protein_binding	Altered Disordered_interface	Altered Ordered_interface	Altered Metal_binding	Altered PTM_site	Intrinsic_disorder	B-factor	Relative_solvent_accessibility	Helix	Strand	Loop	N-terminal_signal	Signal_helix	C-terminal_signal	Signal_cleavage	Cytoplasmic_loop	Transmembrane_region	Non_cytoplasmic_loop	Coiled_coil	Catalytic_site	Calmodulin_binding	DNA_binding	RNA_binding	PPI_residue	PPI_hotspot	MoRF	Allosteric_site	Cadmium_binding	Calcium_binding	Cobalt_binding	Copper_binding	Iron_binding	Magnesium_binding	Manganese_binding	Nickel_binding	Potassium_binding	Sodium_binding	Zinc_binding	Acetylation	ADP-ribosylation	Amidation	C-linked_glycosylation	Carboxylation	Disulfide_linkage	Farnesylation	Geranylgeranylation	GPI_anchor_amidation	Hydroxylation	Methylation	Myristoylation	N-terminal_acetylation	N-linked_glycosylation	O-linked_glycosylation	Palmitoylation	Phosphorylation	Proteolytic_cleavage	Pyrrolidone_carboxylic_acid	Sulfation	SUMOylation	Ubiquitylation	Stability
V12M	0.36	0.35	0.26	0.28	0.28	0.06	0.00	0.06	0.36	0.36	0.26	0.26	0.24	0.10	0.13	0.28	0.12	0.05	0.24	0.26	0.24	0.00	0.00	0.00	0.00	0.01	0.00	0.00	0.00	0.08	0.06	0.36	0.00	0.24	0.09	0.26	0.35	0.00	0.00	0.00	0.00	0.00	0.00	0.00	0.00	0.02	0.10	0.00	0.00	0.09	0.00	0.00	0.00	0.00	0.00	0.00	0.00	0.00	0.00	0.00	0.00	0.00	0.00	0.00	0.09	0.13	0.00	0.00	0.00	0.00	0.05
T32S	0.31	0.31	0.24	0.16	0.16	0.08	0.00	0.08	0.29	0.29	0.29	0.05	0.29	0.15	0.03	0.09	0.16	0.31	0.03	0.23	0.24	0.00	0.00	0.00	0.00	0.08	0.00	0.00	0.01	0.05	0.00	0.10	0.00	0.29	0.11	0.05	0.16	0.00	0.00	0.00	0.00	0.00	0.00	0.02	0.00	0.06	0.15	0.00	0.00	0.00	0.00	0.00	0.00	0.00	0.00	0.00	0.00	0.00	0.00	0.00	0.00	0.00	0.00	0.00	0.03	0.01	0.00	0.00	0.00	0.00	0.06
I45T	0.32	0.32	0.26	0.23	0.23	0.09	0.00	0.09	0.32	0.28	0.28	0.05	0.28	0.25	0.20	0.12	0.23	0.25	0.26	0.26	0.22	0.00	0.00	0.00	0.00	0.07	0.00	0.00	0.00	0.24	0.00	0.28	0.00	0.28	0.16	0.05	0.32	0.00	0.00	0.00	0.03	0.00	0.00	0.22	0.10	0.21	0.25	0.25	0.20	0.02	0.00	0.00	0.00	0.00	0.00	0.00	0.00	0.00	0.16	0.00	0.00	0.00	0.02	0.00	0.01	0.00	0.00	0.00	0.04	0.06	0.07
P58S	0.32	0.26	0.26	0.24	0.24	0.06	0.00	0.06	0.32	0.32	0.32	0.05	0.32	0.21	0.13	0.22	0.24	0.20	0.21	0.20	0.26	0.00	0.00	0.00	0.00	0.04	0.00	0.00	0.00	0.03	0.00	0.08	0.00	0.32	0.08	0.05	0.16	0.00	0.00	0.00	0.02	0.00	0.00	0.02	0.04	0.06	0.17	0.21	0.13	0.00	0.00	0.00	0.00	0.00	0.00	0.00	0.00	0.00	0.10	0.00	0.00	0.00	0.00	0.00	0.03	0.03	0.00	0.00	0.06	0.09	0.03
K62N	0.36	0.26	0.26	0.23	0.23	0.06	0.00	0.06	0.36	0.36	0.36	0.09	0.36	0.19	0.16	0.21	0.23	0.17	0.07	0.23	0.26	0.00	0.00	0.00	0.00	0.04	0.00	0.00	0.00	0.03	0.00	0.08	0.00	0.36	0.09	0.09	0.10	0.00	0.00	0.00	0.00	0.00	0.00	0.01	0.02	0.11	0.19	0.01	0.16	0.00	0.00	0.00	0.00	0.00	0.00	0.00	0.00	0.00	0.10	0.00	0.00	0.00	0.00	0.00	0.03	0.01	0.00	0.00	0.06	0.09	0.00
G124A	0.30	0.30	0.30	0.29	0.29	0.25	0.00	0.25	0.13	0.11	0.11	0.07	0.11	0.05	0.13	0.29	0.20	0.13	0.29	0.30	0.25	0.00	0.00	0.00	0.00	0.25	0.00	0.00	0.05	0.00	0.07	0.03	0.00	0.11	0.02	0.07	0.00	0.00	0.00	0.00	0.00	0.00	0.00	0.01	0.02	0.03	0.04	0.05	0.10	0.12	0.00	0.00	0.00	0.00	0.00	0.00	0.00	0.00	0.03	0.00	0.00	0.00	0.01	0.00	0.07	0.03	0.00	0.00	0.13	0.12	0.00
Q159H	0.26	0.26	0.26	0.22	0.22	0.04	0.00	0.04	0.19	0.10	0.10	0.07	0.10	0.19	0.02	0.22	0.18	0.02	0.26	0.22	0.15	0.00	0.00	0.00	0.00	0.04	0.00	0.00	0.00	0.00	0.00	0.00	0.00	0.10	0.10	0.07	0.06	0.00	0.00	0.00	0.03	0.00	0.00	0.01	0.16	0.00	0.01	0.19	0.00	0.02	0.00	0.00	0.00	0.00	0.00	0.00	0.00	0.00	0.00	0.00	0.00	0.00	0.00	0.00	0.02	0.01	0.00	0.00	0.00	0.00	0.00
I186F	0.40	0.40	0.09	0.13	0.13	0.40	0.00	0.10	0.30	0.13	0.13	0.13	0.08	0.00	0.30	0.13	0.11	0.03	0.09	0.01	0.03	0.00	0.00	0.00	0.00	0.10	0.00	0.00	0.40	0.00	0.13	0.00	0.00	0.06	0.08	0.13	0.02	0.00	0.00	0.00	0.00	0.00	0.00	0.00	0.00	0.00	0.00	0.00	0.30	0.11	0.00	0.00	0.00	0.00	0.00	0.00	0.00	0.00	0.03	0.00	0.00	0.00	0.02	0.00	0.23	0.03	0.00	0.00	0.11	0.13	0.03
C221R	0.35	0.35	0.02	0.35	0.35	0.01	0.00	0.01	0.23	0.23	0.23	0.23	0.03	0.01	0.21	0.35	0.21	0.02	0.02	0.00	0.01	0.00	0.00	0.00	0.00	0.01	0.00	0.00	0.00	0.00	0.23	0.00	0.00	0.02	0.03	0.08	0.00	0.00	0.00	0.00	0.00	0.00	0.00	0.00	0.00	0.00	0.00	0.00	0.18	0.10	0.00	0.00	0.00	0.00	0.00	0.00	0.00	0.00	0.02	0.00	0.00	0.00	0.00	0.00	0.21	0.01	0.00	0.00	0.10	0.07	0.02
D225N	0.25	0.25	0.02	0.25	0.25	0.01	0.00	0.01	0.18	0.10	0.10	0.10	0.02	0.01	0.18	0.25	0.15	0.02	0.02	0.00	0.01	0.00	0.00	0.00	0.00	0.01	0.00	0.00	0.00	0.00	0.10	0.00	0.00	0.02	0.02	0.04	0.00	0.00	0.00	0.00	0.00	0.00	0.00	0.00	0.00	0.00	0.00	0.00	0.17	0.08	0.00	0.00	0.00	0.00	0.00	0.00	0.00	0.00	0.03	0.00	0.00	0.00	0.02	0.00	0.10	0.00	0.00	0.00	0.07	0.18	0.03
H260N	0.23	0.20	0.02	0.20	0.20	0.05	0.00	0.05	0.23	0.16	0.16	0.16	0.02	0.01	0.23	0.00	0.20	0.03	0.02	0.00	0.01	0.00	0.00	0.00	0.00	0.05	0.00	0.00	0.00	0.00	0.10	0.00	0.00	0.02	0.01	0.16	0.00	0.00	0.00	0.00	0.00	0.00	0.00	0.00	0.01	0.00	0.00	0.01	0.23	0.05	0.00	0.00	0.00	0.00	0.00	0.00	0.00	0.00	0.02	0.00	0.00	0.00	0.01	0.00	0.20	0.00	0.00	0.00	0.10	0.15	0.01
R278L	0.25	0.22	0.02	0.22	0.22	0.08	0.00	0.08	0.25	0.11	0.11	0.11	0.01	0.00	0.25	0.00	0.22	0.01	0.02	0.00	0.01	0.00	0.00	0.00	0.00	0.08	0.00	0.00	0.00	0.00	0.10	0.00	0.00	0.01	0.00	0.11	0.00	0.00	0.00	0.00	0.00	0.00	0.00	0.00	0.00	0.00	0.00	0.00	0.25	0.10	0.00	0.00	0.00	0.00	0.00	0.00	0.00	0.00	0.03	0.00	0.00	0.00	0.01	0.00	0.22	0.03	0.00	0.00	0.10	0.18	0.00
H326R	0.21	0.19	0.02	0.19	0.19	0.01	0.00	0.01	0.21	0.21	0.21	0.21	0.01	0.01	0.21	0.00	0.19	0.01	0.02	0.01	0.01	0.00	0.00	0.00	0.00	0.01	0.00	0.00	0.00	0.00	0.21	0.00	0.00	0.01	0.00	0.06	0.00	0.00	0.00	0.00	0.00	0.00	0.00	0.00	0.00	0.00	0.00	0.01	0.21	0.09	0.00	0.00	0.00	0.00	0.00	0.00	0.00	0.00	0.02	0.00	0.00	0.00	0.00	0.00	0.00	0.01	0.00	0.00	0.14	0.10	0.00
S336C	0.22	0.22	0.02	0.22	0.22	0.01	0.00	0.01	0.21	0.06	0.06	0.06	0.01	0.00	0.21	0.00	0.22	0.01	0.02	0.00	0.01	0.00	0.00	0.00	0.00	0.01	0.00	0.00	0.00	0.00	0.06	0.00	0.00	0.00	0.00	0.06	0.00	0.00	0.00	0.00	0.00	0.00	0.00	0.00	0.00	0.00	0.00	0.00	0.21	0.10	0.00	0.00	0.00	0.00	0.00	0.00	0.00	0.00	0.01	0.00	0.00	0.00	0.00	0.00	0.06	0.00	0.00	0.00	0.11	0.10	0.00
S344L	0.21	0.21	0.02	0.21	0.21	0.03	0.00	0.03	0.19	0.08	0.08	0.08	0.01	0.00	0.19	0.03	0.21	0.00	0.02	0.01	0.01	0.00	0.00	0.00	0.00	0.03	0.00	0.00	0.00	0.00	0.03	0.00	0.00	0.00	0.00	0.08	0.00	0.00	0.00	0.00	0.00	0.00	0.00	0.00	0.00	0.00	0.00	0.00	0.19	0.05	0.00	0.00	0.00	0.00	0.00	0.00	0.00	0.00	0.02	0.00	0.00	0.00	0.00	0.00	0.10	0.00	0.00	0.00	0.18	0.14	0.00
R385C	0.34	0.34	0.28	0.34	0.34	0.06	0.00	0.06	0.17	0.05	0.05	0.05	0.02	0.01	0.17	0.34	0.16	0.05	0.28	0.04	0.15	0.00	0.00	0.00	0.00	0.06	0.00	0.00	0.00	0.00	0.05	0.00	0.00	0.02	0.01	0.04	0.00	0.00	0.00	0.00	0.00	0.00	0.00	0.00	0.00	0.00	0.00	0.01	0.00	0.14	0.00	0.00	0.00	0.00	0.00	0.00	0.00	0.00	0.01	0.00	0.00	0.00	0.01	0.00	0.17	0.03	0.00	0.00	0.00	0.00	0.01
K398R	0.40	0.26	0.02	0.26	0.26	0.19	0.00	0.06	0.40	0.14	0.14	0.14	0.02	0.01	0.40	0.26	0.18	0.02	0.02	0.00	0.02	0.00	0.00	0.00	0.00	0.06	0.00	0.00	0.19	0.00	0.14	0.00	0.00	0.00	0.02	0.05	0.00	0.00	0.00	0.00	0.00	0.00	0.00	0.00	0.01	0.00	0.00	0.00	0.40	0.09	0.00	0.00	0.00	0.00	0.00	0.00	0.00	0.00	0.00	0.00	0.00	0.00	0.00	0.00	0.00	0.02	0.00	0.00	0.11	0.09	0.01
T410S	0.27	0.27	0.02	0.27	0.27	0.05	0.00	0.05	0.21	0.05	0.05	0.05	0.01	0.00	0.21	0.27	0.22	0.01	0.02	0.00	0.01	0.00	0.00	0.00	0.00	0.05	0.00	0.00	0.00	0.00	0.05	0.00	0.00	0.01	0.01	0.04	0.00	0.00	0.00	0.00	0.00	0.00	0.00	0.00	0.00	0.00	0.00	0.00	0.11	0.05	0.00	0.00	0.00	0.00	0.00	0.00	0.00	0.00	0.02	0.00	0.00	0.00	0.00	0.00	0.17	0.00	0.00	0.00	0.09	0.21	0.00
I432L	0.22	0.22	0.02	0.22	0.22	0.02	0.00	0.02	0.17	0.10	0.10	0.10	0.01	0.00	0.17	0.15	0.22	0.01	0.02	0.00	0.01	0.00	0.00	0.00	0.00	0.02	0.00	0.00	0.00	0.00	0.09	0.00	0.00	0.00	0.01	0.10	0.00	0.00	0.00	0.00	0.00	0.00	0.00	0.00	0.00	0.00	0.00	0.00	0.17	0.10	0.00	0.00	0.00	0.00	0.00	0.00	0.00	0.00	0.03	0.00	0.00	0.00	0.00	0.00	0.13	0.00	0.00	0.00	0.10	0.15	0.01
R519C	0.18	0.18	0.02	0.18	0.18	0.01	0.00	0.01	0.16	0.09	0.09	0.09	0.01	0.01	0.16	0.00	0.18	0.01	0.02	0.00	0.01	0.00	0.00	0.00	0.00	0.01	0.00	0.00	0.00	0.00	0.05	0.00	0.00	0.01	0.01	0.09	0.00	0.00	0.00	0.00	0.00	0.00	0.00	0.00	0.00	0.00	0.00	0.00	0.16	0.10	0.00	0.00	0.00	0.00	0.00	0.00	0.00	0.00	0.01	0.00	0.00	0.00	0.00	0.00	0.11	0.02	0.00	0.00	0.11	0.14	0.00
H531R	0.18	0.18	0.02	0.18	0.18	0.02	0.00	0.02	0.11	0.06	0.06	0.06	0.01	0.06	0.11	0.00	0.18	0.00	0.02	0.00	0.01	0.00	0.00	0.00	0.00	0.02	0.00	0.00	0.00	0.00	0.06	0.00	0.00	0.00	0.00	0.06	0.00	0.00	0.00	0.00	0.00	0.00	0.00	0.00	0.06	0.00	0.00	0.02	0.00	0.11	0.00	0.00	0.00	0.00	0.00	0.00	0.00	0.00	0.00	0.00	0.00	0.00	0.04	0.00	0.11	0.00	0.00	0.00	0.00	0.00	0.00
T542A	0.25	0.25	0.02	0.25	0.25	0.08	0.00	0.08	0.18	0.08	0.08	0.08	0.01	0.00	0.18	0.00	0.25	0.00	0.02	0.01	0.01	0.00	0.00	0.00	0.00	0.08	0.00	0.00	0.00	0.00	0.05	0.00	0.00	0.00	0.00	0.08	0.00	0.00	0.00	0.00	0.00	0.00	0.00	0.00	0.00	0.00	0.00	0.00	0.12	0.04	0.00	0.00	0.00	0.00	0.00	0.00	0.00	0.00	0.03	0.00	0.00	0.00	0.00	0.00	0.11	0.02	0.00	0.00	0.09	0.18	0.01
Y569S	0.61	0.61	0.23	0.61	0.61	0.20	0.00	0.07	0.24	0.16	0.16	0.16	0.04	0.00	0.24	0.61	0.21	0.00	0.23	0.03	0.21	0.00	0.00	0.00	0.00	0.07	0.00	0.00	0.20	0.00	0.03	0.00	0.00	0.01	0.04	0.16	0.00	0.00	0.00	0.00	0.00	0.00	0.00	0.00	0.00	0.00	0.00	0.00	0.15	0.00	0.00	0.00	0.00	0.00	0.00	0.00	0.00	0.00	0.00	0.00	0.00	0.00	0.03	0.00	0.24	0.04	0.00	0.00	0.10	0.15	0.04
S582N	0.30	0.30	0.03	0.30	0.30	0.27	0.00	0.02	0.17	0.10	0.10	0.10	0.02	0.01	0.17	0.30	0.21	0.02	0.03	0.00	0.02	0.00	0.00	0.00	0.00	0.02	0.00	0.00	0.27	0.00	0.10	0.00	0.00	0.01	0.02	0.08	0.00	0.00	0.00	0.00	0.00	0.00	0.00	0.00	0.01	0.00	0.00	0.01	0.16	0.03	0.00	0.00	0.00	0.00	0.00	0.00	0.00	0.00	0.00	0.00	0.00	0.00	0.00	0.00	0.17	0.03	0.00	0.00	0.07	0.14	0.02
R656Q	0.27	0.27	0.02	0.27	0.27	0.15	0.00	0.15	0.17	0.03	0.03	0.03	0.03	0.00	0.17	0.27	0.24	0.03	0.02	0.00	0.01	0.00	0.00	0.00	0.00	0.15	0.00	0.00	0.04	0.00	0.03	0.00	0.00	0.03	0.02	0.03	0.00	0.00	0.00	0.00	0.00	0.00	0.00	0.00	0.00	0.00	0.00	0.00	0.11	0.11	0.00	0.00	0.00	0.00	0.00	0.00	0.00	0.00	0.04	0.00	0.00	0.00	0.01	0.00	0.08	0.02	0.00	0.00	0.07	0.17	0.02
G661A	0.24	0.24	0.02	0.24	0.24	0.14	0.00	0.14	0.17	0.09	0.09	0.09	0.06	0.00	0.17	0.24	0.13	0.00	0.02	0.00	0.01	0.00	0.00	0.00	0.00	0.14	0.00	0.00	0.09	0.00	0.03	0.00	0.00	0.02	0.06	0.09	0.00	0.00	0.00	0.00	0.00	0.00	0.00	0.00	0.00	0.00	0.00	0.00	0.00	0.10	0.00	0.00	0.00	0.00	0.00	0.00	0.00	0.00	0.00	0.00	0.00	0.00	0.03	0.00	0.17	0.03	0.00	0.00	0.00	0.00	0.02
K720R	0.30	0.30	0.03	0.30	0.30	0.14	0.00	0.14	0.27	0.09	0.09	0.09	0.01	0.00	0.27	0.00	0.30	0.03	0.03	0.01	0.02	0.00	0.00	0.00	0.00	0.14	0.00	0.00	0.00	0.00	0.09	0.00	0.00	0.01	0.00	0.04	0.00	0.00	0.00	0.00	0.00	0.00	0.00	0.00	0.00	0.00	0.00	0.00	0.27	0.12	0.00	0.00	0.00	0.00	0.00	0.00	0.00	0.00	0.03	0.00	0.00	0.00	0.02	0.00	0.20	0.01	0.00	0.00	0.21	0.10	0.00
R726C	0.28	0.28	0.02	0.28	0.28	0.13	0.00	0.13	0.20	0.07	0.07	0.07	0.01	0.01	0.20	0.00	0.28	0.02	0.02	0.00	0.01	0.00	0.00	0.00	0.00	0.13	0.00	0.00	0.00	0.00	0.07	0.00	0.00	0.01	0.00	0.07	0.00	0.00	0.00	0.00	0.00	0.00	0.00	0.00	0.00	0.00	0.00	0.01	0.16	0.09	0.00	0.00	0.00	0.00	0.00	0.00	0.00	0.00	0.03	0.00	0.00	0.00	0.00	0.00	0.00	0.02	0.00	0.00	0.20	0.09	0.00
S738N	0.46	0.17	0.04	0.17	0.17	0.02	0.00	0.02	0.46	0.21	0.21	0.21	0.01	0.00	0.46	0.00	0.17	0.00	0.04	0.01	0.01	0.00	0.00	0.00	0.00	0.02	0.00	0.00	0.00	0.00	0.05	0.00	0.00	0.00	0.00	0.21	0.00	0.00	0.00	0.00	0.00	0.00	0.00	0.00	0.00	0.00	0.00	0.00	0.18	0.12	0.00	0.00	0.00	0.00	0.00	0.00	0.00	0.00	0.03	0.00	0.00	0.00	0.00	0.00	0.46	0.08	0.00	0.00	0.15	0.14	0.00
T793I	0.24	0.24	0.02	0.14	0.14	0.24	0.00	0.06	0.16	0.16	0.16	0.16	0.02	0.01	0.11	0.14	0.08	0.03	0.02	0.00	0.02	0.00	0.00	0.00	0.00	0.06	0.00	0.00	0.24	0.00	0.03	0.00	0.00	0.02	0.02	0.16	0.00	0.00	0.00	0.00	0.00	0.00	0.00	0.00	0.00	0.00	0.00	0.00	0.00	0.11	0.00	0.00	0.00	0.00	0.00	0.00	0.00	0.00	0.00	0.00	0.00	0.00	0.00	0.00	0.10	0.04	0.00	0.00	0.00	0.00	0.00
T841I	0.20	0.20	0.02	0.20	0.20	0.03	0.00	0.03	0.19	0.16	0.16	0.16	0.01	0.01	0.19	0.00	0.20	0.00	0.02	0.00	0.01	0.00	0.00	0.00	0.00	0.03	0.00	0.00	0.00	0.00	0.07	0.00	0.00	0.00	0.01	0.16	0.00	0.00	0.00	0.00	0.00	0.00	0.00	0.00	0.01	0.00	0.00	0.00	0.19	0.00	0.00	0.00	0.00	0.00	0.00	0.00	0.00	0.00	0.02	0.00	0.00	0.00	0.01	0.00	0.19	0.02	0.00	0.00	0.16	0.17	0.00
I846T	0.19	0.19	0.02	0.19	0.19	0.03	0.00	0.03	0.19	0.14	0.14	0.14	0.02	0.00	0.19	0.00	0.19	0.02	0.02	0.01	0.01	0.00	0.00	0.00	0.00	0.03	0.00	0.00	0.00	0.00	0.07	0.00	0.00	0.00	0.02	0.14	0.00	0.00	0.00	0.00	0.00	0.00	0.00	0.00	0.00	0.00	0.00	0.00	0.19	0.11	0.00	0.00	0.00	0.00	0.00	0.00	0.00	0.00	0.02	0.00	0.00	0.00	0.01	0.00	0.17	0.01	0.00	0.00	0.16	0.17	0.03
R850S	0.20	0.17	0.02	0.17	0.17	0.03	0.00	0.03	0.20	0.14	0.14	0.14	0.02	0.00	0.20	0.00	0.17	0.02	0.02	0.01	0.01	0.00	0.00	0.00	0.00	0.03	0.00	0.00	0.00	0.00	0.08	0.00	0.00	0.01	0.02	0.14	0.00	0.00	0.00	0.00	0.00	0.00	0.00	0.00	0.00	0.00	0.00	0.00	0.18	0.12	0.00	0.00	0.00	0.00	0.00	0.00	0.00	0.00	0.02	0.00	0.00	0.00	0.00	0.00	0.16	0.01	0.00	0.00	0.15	0.20	0.01
N868S	0.21	0.21	0.03	0.21	0.21	0.02	0.00	0.02	0.14	0.08	0.08	0.08	0.01	0.00	0.14	0.00	0.21	0.01	0.03	0.01	0.01	0.00	0.00	0.00	0.00	0.02	0.00	0.00	0.00	0.00	0.06	0.00	0.00	0.00	0.01	0.08	0.00	0.00	0.00	0.00	0.00	0.00	0.00	0.00	0.00	0.00	0.00	0.00	0.11	0.04	0.00	0.00	0.00	0.00	0.00	0.00	0.00	0.00	0.02	0.00	0.00	0.00	0.03	0.00	0.12	0.01	0.00	0.00	0.08	0.14	0.00
T896A	0.20	0.13	0.02	0.13	0.13	0.02	0.00	0.02	0.20	0.08	0.08	0.08	0.01	0.00	0.20	0.00	0.13	0.00	0.02	0.01	0.01	0.00	0.00	0.00	0.00	0.02	0.00	0.00	0.00	0.00	0.02	0.00	0.00	0.00	0.01	0.08	0.00	0.00	0.00	0.00	0.00	0.00	0.00	0.00	0.00	0.00	0.00	0.00	0.00	0.04	0.00	0.00	0.00	0.00	0.00	0.00	0.00	0.00	0.00	0.00	0.00	0.00	0.04	0.00	0.20	0.04	0.00	0.00	0.00	0.00	0.00
L929S	0.25	0.25	0.02	0.25	0.25	0.08	0.00	0.08	0.17	0.11	0.11	0.11	0.03	0.00	0.17	0.00	0.25	0.06	0.02	0.00	0.01	0.00	0.00	0.00	0.00	0.08	0.00	0.00	0.00	0.00	0.04	0.00	0.00	0.03	0.01	0.11	0.00	0.00	0.00	0.00	0.00	0.00	0.00	0.00	0.00	0.00	0.00	0.00	0.14	0.05	0.00	0.00	0.00	0.00	0.00	0.00	0.00	0.00	0.03	0.00	0.00	0.00	0.00	0.00	0.17	0.00	0.00	0.00	0.17	0.15	0.05
D971E	0.32	0.27	0.02	0.27	0.27	0.04	0.00	0.04	0.32	0.12	0.12	0.12	0.03	0.01	0.32	0.24	0.27	0.03	0.02	0.01	0.02	0.00	0.00	0.00	0.00	0.04	0.00	0.00	0.00	0.00	0.02	0.00	0.00	0.02	0.03	0.12	0.00	0.00	0.00	0.00	0.00	0.00	0.00	0.00	0.00	0.00	0.00	0.00	0.24	0.05	0.00	0.00	0.00	0.00	0.00	0.00	0.00	0.00	0.03	0.00	0.00	0.00	0.00	0.00	0.32	0.02	0.00	0.00	0.14	0.13	0.01
Y972H	0.61	0.32	0.02	0.32	0.32	0.04	0.00	0.04	0.61	0.11	0.11	0.11	0.03	0.03	0.61	0.32	0.28	0.03	0.02	0.01	0.02	0.00	0.00	0.00	0.00	0.04	0.00	0.00	0.00	0.00	0.02	0.00	0.00	0.02	0.03	0.11	0.00	0.00	0.00	0.00	0.00	0.00	0.00	0.01	0.03	0.00	0.00	0.00	0.27	0.04	0.00	0.00	0.00	0.00	0.00	0.00	0.00	0.00	0.04	0.00	0.00	0.00	0.00	0.00	0.61	0.02	0.00	0.00	0.09	0.13	0.06
L980R	0.38	0.38	0.02	0.38	0.38	0.02	0.00	0.02	0.27	0.04	0.04	0.04	0.02	0.00	0.27	0.38	0.24	0.01	0.02	0.00	0.01	0.00	0.00	0.00	0.00	0.01	0.00	0.00	0.00	0.00	0.04	0.00	0.00	0.02	0.01	0.04	0.00	0.00	0.00	0.00	0.00	0.00	0.00	0.00	0.00	0.00	0.00	0.00	0.27	0.09	0.00	0.00	0.00	0.00	0.00	0.00	0.00	0.00	0.03	0.00	0.00	0.00	0.00	0.00	0.14	0.00	0.00	0.00	0.08	0.14	0.11
S1055N	0.19	0.18	0.03	0.18	0.18	0.01	0.00	0.01	0.19	0.07	0.07	0.07	0.01	0.02	0.19	0.00	0.18	0.00	0.03	0.01	0.01	0.00	0.00	0.00	0.00	0.00	0.00	0.00	0.00	0.00	0.06	0.00	0.00	0.00	0.00	0.07	0.00	0.00	0.00	0.00	0.00	0.00	0.00	0.00	0.02	0.00	0.00	0.02	0.14	0.03	0.00	0.00	0.00	0.00	0.00	0.00	0.00	0.00	0.02	0.00	0.00	0.00	0.00	0.00	0.15	0.01	0.00	0.00	0.19	0.10	0.00
E1082K	0.39	0.26	0.02	0.26	0.26	0.04	0.00	0.04	0.39	0.18	0.18	0.18	0.03	0.01	0.39	0.26	0.20	0.01	0.02	0.01	0.02	0.00	0.00	0.00	0.00	0.04	0.00	0.00	0.00	0.00	0.14	0.00	0.00	0.00	0.03	0.18	0.00	0.00	0.00	0.00	0.00	0.00	0.00	0.00	0.01	0.00	0.00	0.00	0.39	0.09	0.00	0.00	0.00	0.00	0.00	0.00	0.00	0.00	0.02	0.00	0.00	0.00	0.00	0.00	0.24	0.00	0.00	0.00	0.23	0.17	0.01
V1186G	0.72	0.72	0.26	0.72	0.22	0.12	0.00	0.12	0.28	0.28	0.28	0.28	0.24	0.05	0.21	0.22	0.16	0.08	0.03	0.26	0.25	0.00	0.00	0.00	0.00	0.12	0.00	0.00	0.00	0.02	0.09	0.22	0.00	0.24	0.19	0.28	0.11	0.00	0.00	0.00	0.00	0.00	0.00	0.00	0.03	0.02	0.05	0.00	0.15	0.09	0.00	0.00	0.00	0.00	0.00	0.00	0.00	0.00	0.10	0.00	0.00	0.00	0.00	0.00	0.21	0.13	0.00	0.00	0.02	0.15	0.72
M1197T	0.26	0.22	0.22	0.16	0.16	0.10	0.00	0.10	0.26	0.26	0.26	0.13	0.26	0.18	0.11	0.16	0.16	0.11	0.19	0.21	0.22	0.00	0.00	0.00	0.00	0.10	0.00	0.00	0.00	0.20	0.07	0.10	0.00	0.26	0.12	0.13	0.22	0.00	0.00	0.00	0.02	0.00	0.00	0.06	0.04	0.09	0.12	0.18	0.00	0.11	0.00	0.00	0.00	0.00	0.00	0.00	0.00	0.00	0.04	0.00	0.00	0.00	0.01	0.00	0.05	0.09	0.00	0.00	0.00	0.00	0.05
A1209T	0.24	0.24	0.24	0.13	0.13	0.11	0.00	0.11	0.21	0.20	0.20	0.11	0.20	0.06	0.09	0.10	0.13	0.07	0.24	0.02	0.22	0.00	0.00	0.00	0.00	0.03	0.00	0.00	0.00	0.08	0.05	0.09	0.00	0.20	0.16	0.11	0.21	0.00	0.00	0.00	0.00	0.00	0.00	0.02	0.00	0.04	0.06	0.00	0.09	0.08	0.00	0.00	0.00	0.00	0.00	0.00	0.00	0.00	0.08	0.00	0.00	0.00	0.00	0.00	0.02	0.00	0.02	0.00	0.03	0.06	0.02
R1214H	0.20	0.20	0.05	0.09	0.09	0.05	0.00	0.05	0.20	0.16	0.16	0.07	0.16	0.05	0.09	0.01	0.09	0.03	0.05	0.01	0.03	0.00	0.00	0.00	0.00	0.00	0.00	0.00	0.00	0.04	0.04	0.00	0.00	0.08	0.16	0.07	0.20	0.00	0.00	0.00	0.02	0.00	0.00	0.04	0.03	0.04	0.05	0.02	0.00	0.09	0.00	0.00	0.00	0.00	0.00	0.00	0.00	0.00	0.00	0.00	0.00	0.00	0.00	0.00	0.01	0.00	0.00	0.00	0.00	0.00	0.02
Q1258E	0.30	0.30	0.28	0.20	0.20	0.11	0.00	0.07	0.30	0.25	0.25	0.09	0.25	0.19	0.13	0.19	0.20	0.04	0.24	0.25	0.28	0.00	0.00	0.00	0.00	0.07	0.00	0.00	0.11	0.02	0.03	0.15	0.00	0.25	0.11	0.09	0.30	0.00	0.00	0.00	0.00	0.00	0.00	0.05	0.03	0.19	0.11	0.00	0.07	0.13	0.00	0.00	0.00	0.00	0.00	0.00	0.00	0.00	0.02	0.00	0.00	0.00	0.00	0.00	0.08	0.01	0.05	0.00	0.06	0.12	0.00
E1281A	0.27	0.27	0.27	0.14	0.14	0.03	0.00	0.03	0.20	0.18	0.18	0.11	0.18	0.06	0.20	0.09	0.14	0.26	0.27	0.25	0.18	0.00	0.00	0.00	0.00	0.02	0.00	0.00	0.00	0.00	0.05	0.09	0.00	0.18	0.16	0.11	0.14	0.00	0.00	0.00	0.00	0.00	0.00	0.02	0.04	0.02	0.04	0.06	0.20	0.13	0.00	0.00	0.00	0.00	0.00	0.00	0.00	0.00	0.01	0.00	0.00	0.00	0.00	0.00	0.14	0.03	0.00	0.00	0.05	0.02	0.01
