# Variant	Altered Effect	Altered Structure_and_dynamics	Altered Secondary_structure	Altered Stability_and_conformational_flexibility	Altered Conformational_flexibility	Altered Special_structural_signatures	Altered Signal_peptide	Altered Transmembrane_protein	Altered Functional_residue	Altered Macromolecular_binding	Altered Protein_binding	Altered Disordered_interface	Altered Ordered_interface	Altered Metal_binding	Altered PTM_site	Intrinsic_disorder	B-factor	Relative_solvent_accessibility	Helix	Strand	Loop	N-terminal_signal	Signal_helix	C-terminal_signal	Signal_cleavage	Cytoplasmic_loop	Transmembrane_region	Non_cytoplasmic_loop	Coiled_coil	Catalytic_site	Calmodulin_binding	DNA_binding	RNA_binding	PPI_residue	PPI_hotspot	MoRF	Allosteric_site	Cadmium_binding	Calcium_binding	Cobalt_binding	Copper_binding	Iron_binding	Magnesium_binding	Manganese_binding	Nickel_binding	Potassium_binding	Sodium_binding	Zinc_binding	Acetylation	ADP-ribosylation	Amidation	C-linked_glycosylation	Carboxylation	Disulfide_linkage	Farnesylation	Geranylgeranylation	GPI_anchor_amidation	Hydroxylation	Methylation	Myristoylation	N-terminal_acetylation	N-linked_glycosylation	O-linked_glycosylation	Palmitoylation	Phosphorylation	Proteolytic_cleavage	Pyrrolidone_carboxylic_acid	Sulfation	SUMOylation	Ubiquitylation	Stability
E3G	0.26	0.26	0.26	0.26	0.26	0.03	0.00	0.03	0.05	0.04	0.04	0.04	0.02	0.04	0.05	0.00	0.26	0.00	0.12	0.06	0.26	0.00	0.00	0.00	0.00	0.00	0.00	0.00	0.00	0.00	0.00	0.00	0.00	0.01	0.02	0.04	0.00	0.00	0.00	0.00	0.00	0.00	0.00	0.00	0.04	0.00	0.00	0.00	0.00	0.03	0.00	0.00	0.00	0.00	0.00	0.00	0.00	0.00	0.00	0.00	0.00	0.00	0.00	0.00	0.05	0.02	0.00	0.00	0.00	0.00	0.00
D7H	0.25	0.25	0.25	0.25	0.25	0.02	0.00	0.02	0.06	0.03	0.03	0.02	0.03	0.06	0.05	0.00	0.25	0.00	0.12	0.05	0.25	0.00	0.00	0.00	0.00	0.00	0.00	0.00	0.00	0.00	0.00	0.00	0.00	0.03	0.02	0.02	0.00	0.00	0.00	0.00	0.00	0.00	0.00	0.00	0.06	0.00	0.00	0.00	0.00	0.04	0.00	0.00	0.00	0.00	0.00	0.00	0.00	0.00	0.00	0.00	0.00	0.00	0.00	0.00	0.05	0.02	0.00	0.00	0.00	0.00	0.00
P34A	0.38	0.38	0.26	0.38	0.38	0.04	0.00	0.04	0.20	0.07	0.07	0.07	0.04	0.00	0.20	0.38	0.19	0.01	0.26	0.25	0.25	0.00	0.00	0.00	0.00	0.04	0.00	0.00	0.00	0.00	0.00	0.00	0.00	0.04	0.02	0.07	0.00	0.00	0.00	0.00	0.00	0.00	0.00	0.00	0.00	0.00	0.00	0.00	0.00	0.00	0.00	0.00	0.00	0.00	0.00	0.00	0.00	0.00	0.00	0.00	0.00	0.00	0.00	0.00	0.20	0.04	0.00	0.00	0.00	0.00	0.00
D48E	0.29	0.25	0.25	0.20	0.20	0.03	0.00	0.03	0.29	0.26	0.26	0.26	0.05	0.01	0.29	0.11	0.20	0.00	0.25	0.14	0.25	0.00	0.00	0.00	0.00	0.03	0.00	0.00	0.00	0.00	0.00	0.00	0.00	0.03	0.05	0.26	0.00	0.00	0.00	0.00	0.00	0.00	0.00	0.00	0.01	0.00	0.00	0.00	0.00	0.06	0.00	0.00	0.00	0.00	0.00	0.00	0.00	0.00	0.00	0.00	0.00	0.00	0.00	0.00	0.29	0.06	0.00	0.00	0.00	0.00	0.00
D57E	0.27	0.25	0.25	0.25	0.25	0.07	0.00	0.07	0.27	0.27	0.27	0.27	0.05	0.01	0.10	0.00	0.25	0.00	0.25	0.09	0.25	0.00	0.00	0.00	0.00	0.07	0.00	0.00	0.00	0.00	0.00	0.00	0.00	0.03	0.05	0.27	0.00	0.00	0.00	0.00	0.00	0.00	0.00	0.00	0.00	0.00	0.00	0.00	0.00	0.08	0.00	0.00	0.00	0.00	0.00	0.00	0.00	0.00	0.00	0.00	0.00	0.00	0.00	0.00	0.10	0.06	0.00	0.00	0.00	0.00	0.00
P89L	0.26	0.26	0.26	0.26	0.26	0.06	0.00	0.06	0.16	0.16	0.16	0.16	0.15	0.01	0.06	0.02	0.26	0.00	0.08	0.19	0.26	0.00	0.00	0.00	0.00	0.06	0.00	0.00	0.00	0.00	0.01	0.00	0.00	0.05	0.15	0.16	0.00	0.00	0.00	0.00	0.00	0.00	0.00	0.00	0.00	0.00	0.00	0.00	0.00	0.00	0.00	0.00	0.00	0.00	0.00	0.00	0.00	0.00	0.00	0.00	0.00	0.00	0.00	0.00	0.03	0.03	0.00	0.00	0.00	0.00	0.00
L111P	0.65	0.65	0.26	0.65	0.37	0.05	0.00	0.05	0.20	0.20	0.20	0.07	0.20	0.01	0.10	0.37	0.13	0.00	0.03	0.26	0.25	0.00	0.00	0.00	0.00	0.05	0.00	0.00	0.00	0.00	0.03	0.00	0.00	0.02	0.20	0.07	0.02	0.00	0.00	0.00	0.00	0.00	0.00	0.00	0.01	0.00	0.00	0.00	0.00	0.10	0.00	0.00	0.00	0.00	0.00	0.00	0.00	0.00	0.00	0.00	0.00	0.00	0.00	0.00	0.08	0.03	0.00	0.00	0.00	0.00	0.65
Q136H	0.26	0.26	0.26	0.11	0.11	0.13	0.00	0.13	0.21	0.21	0.21	0.04	0.21	0.21	0.07	0.03	0.11	0.06	0.25	0.26	0.24	0.00	0.00	0.00	0.00	0.13	0.00	0.00	0.00	0.00	0.02	0.03	0.00	0.18	0.21	0.04	0.04	0.00	0.00	0.00	0.03	0.00	0.00	0.00	0.21	0.01	0.01	0.17	0.05	0.00	0.00	0.00	0.00	0.10	0.00	0.00	0.00	0.00	0.00	0.00	0.00	0.00	0.00	0.00	0.00	0.01	0.00	0.00	0.07	0.06	0.02
P153S	0.27	0.27	0.23	0.27	0.27	0.12	0.00	0.12	0.23	0.23	0.23	0.06	0.23	0.04	0.15	0.18	0.27	0.08	0.06	0.23	0.23	0.00	0.00	0.00	0.00	0.12	0.00	0.00	0.00	0.00	0.06	0.06	0.00	0.23	0.07	0.02	0.09	0.00	0.00	0.00	0.00	0.00	0.00	0.00	0.02	0.02	0.04	0.01	0.00	0.15	0.00	0.00	0.00	0.00	0.00	0.00	0.00	0.00	0.00	0.00	0.00	0.00	0.00	0.00	0.04	0.04	0.00	0.00	0.00	0.00	0.00
G154D	0.25	0.25	0.22	0.25	0.25	0.13	0.00	0.13	0.25	0.25	0.25	0.06	0.25	0.04	0.15	0.20	0.25	0.06	0.05	0.22	0.21	0.00	0.00	0.00	0.00	0.13	0.00	0.00	0.00	0.00	0.06	0.05	0.00	0.25	0.07	0.03	0.10	0.00	0.00	0.00	0.00	0.00	0.00	0.00	0.02	0.02	0.04	0.00	0.00	0.15	0.00	0.00	0.00	0.00	0.00	0.00	0.00	0.00	0.00	0.00	0.00	0.00	0.00	0.00	0.04	0.05	0.00	0.00	0.00	0.00	0.00
C176W	0.37	0.37	0.28	0.31	0.31	0.03	0.00	0.03	0.37	0.12	0.12	0.12	0.08	0.37	0.11	0.31	0.15	0.02	0.25	0.28	0.21	0.00	0.00	0.00	0.00	0.03	0.00	0.00	0.00	0.02	0.12	0.04	0.00	0.08	0.08	0.08	0.14	0.00	0.00	0.00	0.05	0.00	0.00	0.09	0.17	0.01	0.05	0.37	0.00	0.11	0.00	0.00	0.00	0.09	0.00	0.00	0.00	0.00	0.00	0.00	0.00	0.00	0.00	0.00	0.00	0.05	0.00	0.00	0.00	0.00	0.03
R181S	0.29	0.29	0.29	0.29	0.29	0.02	0.00	0.02	0.24	0.07	0.07	0.05	0.07	0.24	0.12	0.29	0.24	0.01	0.29	0.09	0.27	0.00	0.00	0.00	0.00	0.02	0.00	0.00	0.00	0.00	0.02	0.01	0.00	0.07	0.05	0.05	0.09	0.00	0.00	0.00	0.05	0.00	0.00	0.11	0.23	0.02	0.05	0.24	0.00	0.12	0.00	0.00	0.00	0.09	0.00	0.00	0.00	0.00	0.00	0.00	0.00	0.00	0.00	0.00	0.07	0.04	0.00	0.00	0.00	0.00	0.02
D186N	0.28	0.28	0.28	0.28	0.28	0.03	0.00	0.03	0.11	0.07	0.07	0.03	0.07	0.04	0.11	0.28	0.22	0.02	0.12	0.06	0.28	0.00	0.00	0.00	0.00	0.03	0.00	0.00	0.00	0.00	0.00	0.00	0.00	0.07	0.03	0.03	0.07	0.00	0.00	0.00	0.00	0.00	0.00	0.00	0.00	0.01	0.04	0.01	0.00	0.11	0.00	0.00	0.00	0.04	0.00	0.00	0.00	0.00	0.00	0.00	0.00	0.00	0.00	0.00	0.07	0.04	0.00	0.00	0.00	0.00	0.00
P190L	0.33	0.33	0.25	0.33	0.33	0.03	0.00	0.03	0.08	0.08	0.08	0.08	0.06	0.03	0.05	0.33	0.21	0.01	0.15	0.24	0.25	0.00	0.00	0.00	0.00	0.03	0.00	0.00	0.00	0.00	0.00	0.00	0.00	0.06	0.06	0.08	0.06	0.00	0.00	0.00	0.00	0.00	0.00	0.00	0.02	0.01	0.03	0.03	0.00	0.00	0.00	0.00	0.00	0.00	0.00	0.00	0.00	0.00	0.00	0.00	0.00	0.00	0.00	0.00	0.01	0.05	0.00	0.00	0.00	0.00	0.00
H193Y	0.28	0.28	0.26	0.28	0.28	0.03	0.00	0.03	0.18	0.13	0.13	0.09	0.13	0.03	0.18	0.28	0.18	0.00	0.11	0.25	0.26	0.00	0.00	0.00	0.00	0.03	0.00	0.00	0.00	0.00	0.00	0.00	0.00	0.04	0.13	0.09	0.09	0.00	0.00	0.00	0.00	0.00	0.00	0.00	0.02	0.00	0.02	0.03	0.00	0.11	0.00	0.00	0.00	0.00	0.00	0.00	0.00	0.00	0.00	0.00	0.00	0.00	0.00	0.00	0.18	0.02	0.00	0.00	0.00	0.00	0.01
V203M	0.25	0.25	0.25	0.17	0.17	0.04	0.00	0.04	0.21	0.21	0.21	0.04	0.21	0.18	0.15	0.16	0.17	0.03	0.03	0.25	0.23	0.00	0.00	0.00	0.00	0.04	0.00	0.00	0.00	0.00	0.02	0.02	0.00	0.21	0.12	0.04	0.05	0.00	0.00	0.00	0.00	0.00	0.00	0.11	0.13	0.02	0.13	0.18	0.00	0.15	0.00	0.00	0.00	0.00	0.00	0.00	0.00	0.00	0.00	0.00	0.00	0.00	0.00	0.00	0.12	0.08	0.00	0.00	0.00	0.00	0.03
R213P	0.27	0.27	0.27	0.17	0.17	0.14	0.00	0.14	0.24	0.24	0.24	0.06	0.24	0.18	0.12	0.12	0.17	0.09	0.09	0.25	0.27	0.00	0.00	0.00	0.00	0.14	0.00	0.00	0.00	0.01	0.02	0.02	0.00	0.24	0.10	0.06	0.10	0.00	0.00	0.00	0.05	0.00	0.00	0.11	0.16	0.03	0.14	0.18	0.00	0.12	0.00	0.00	0.00	0.00	0.00	0.00	0.00	0.00	0.00	0.00	0.00	0.00	0.00	0.00	0.05	0.08	0.00	0.00	0.00	0.00	0.08
S215R	0.25	0.25	0.25	0.15	0.15	0.17	0.00	0.17	0.24	0.24	0.24	0.06	0.24	0.14	0.18	0.14	0.15	0.09	0.10	0.25	0.25	0.00	0.00	0.00	0.00	0.17	0.00	0.00	0.00	0.02	0.02	0.02	0.00	0.24	0.11	0.06	0.09	0.00	0.00	0.00	0.05	0.00	0.00	0.06	0.09	0.03	0.08	0.14	0.00	0.18	0.00	0.00	0.00	0.00	0.00	0.00	0.00	0.00	0.00	0.00	0.00	0.00	0.00	0.00	0.11	0.06	0.00	0.00	0.00	0.00	0.06
G226V	0.24	0.24	0.24	0.23	0.23	0.05	0.00	0.05	0.16	0.16	0.16	0.02	0.16	0.07	0.10	0.20	0.23	0.02	0.09	0.24	0.23	0.00	0.00	0.00	0.00	0.05	0.00	0.00	0.00	0.00	0.00	0.01	0.00	0.16	0.06	0.02	0.03	0.00	0.00	0.00	0.02	0.00	0.00	0.01	0.04	0.00	0.03	0.07	0.00	0.10	0.00	0.00	0.00	0.04	0.00	0.00	0.00	0.00	0.00	0.00	0.00	0.00	0.00	0.00	0.00	0.02	0.00	0.00	0.00	0.00	0.00
H233R	0.25	0.25	0.25	0.20	0.14	0.03	0.00	0.03	0.22	0.22	0.22	0.02	0.22	0.07	0.15	0.11	0.14	0.01	0.08	0.25	0.15	0.00	0.00	0.00	0.00	0.03	0.00	0.00	0.00	0.00	0.02	0.01	0.00	0.17	0.22	0.02	0.02	0.00	0.00	0.00	0.02	0.00	0.00	0.00	0.03	0.00	0.02	0.07	0.00	0.15	0.00	0.00	0.00	0.20	0.00	0.00	0.00	0.00	0.00	0.00	0.00	0.00	0.00	0.00	0.08	0.03	0.00	0.00	0.00	0.00	0.06
Y236N	0.28	0.27	0.27	0.24	0.18	0.04	0.00	0.04	0.28	0.28	0.28	0.02	0.28	0.08	0.07	0.18	0.17	0.02	0.07	0.27	0.25	0.00	0.00	0.00	0.00	0.04	0.00	0.00	0.00	0.00	0.01	0.03	0.00	0.17	0.28	0.02	0.02	0.00	0.00	0.00	0.02	0.00	0.00	0.01	0.03	0.01	0.02	0.08	0.00	0.00	0.00	0.00	0.00	0.22	0.00	0.00	0.00	0.00	0.00	0.00	0.00	0.00	0.00	0.00	0.07	0.03	0.00	0.00	0.00	0.00	0.24
S241C	0.27	0.27	0.27	0.23	0.18	0.03	0.00	0.03	0.22	0.22	0.22	0.02	0.22	0.15	0.06	0.12	0.18	0.02	0.18	0.27	0.26	0.00	0.00	0.00	0.00	0.03	0.00	0.00	0.00	0.00	0.02	0.03	0.00	0.10	0.22	0.02	0.02	0.00	0.00	0.00	0.00	0.00	0.00	0.00	0.00	0.01	0.02	0.15	0.00	0.00	0.00	0.00	0.00	0.23	0.00	0.00	0.00	0.00	0.00	0.00	0.00	0.00	0.00	0.00	0.06	0.01	0.00	0.00	0.00	0.00	0.02
M243V	0.25	0.25	0.25	0.20	0.18	0.03	0.00	0.03	0.18	0.14	0.14	0.02	0.14	0.07	0.18	0.12	0.18	0.02	0.17	0.25	0.25	0.00	0.00	0.00	0.00	0.03	0.00	0.00	0.00	0.00	0.02	0.04	0.00	0.10	0.14	0.02	0.02	0.00	0.00	0.00	0.00	0.00	0.00	0.00	0.00	0.01	0.02	0.07	0.00	0.18	0.00	0.00	0.00	0.20	0.00	0.00	0.00	0.00	0.00	0.00	0.00	0.00	0.00	0.00	0.01	0.01	0.00	0.00	0.00	0.00	0.02
R249S	0.25	0.25	0.25	0.18	0.18	0.02	0.00	0.02	0.19	0.13	0.13	0.09	0.13	0.02	0.19	0.15	0.18	0.00	0.14	0.21	0.25	0.00	0.00	0.00	0.00	0.02	0.00	0.00	0.00	0.00	0.02	0.03	0.00	0.07	0.13	0.09	0.01	0.00	0.00	0.00	0.00	0.00	0.00	0.00	0.00	0.01	0.02	0.00	0.00	0.19	0.00	0.00	0.00	0.00	0.00	0.00	0.00	0.00	0.00	0.00	0.00	0.00	0.00	0.00	0.06	0.02	0.00	0.00	0.00	0.00	0.07
I251L	0.25	0.25	0.25	0.18	0.18	0.03	0.00	0.03	0.16	0.12	0.12	0.09	0.12	0.02	0.16	0.15	0.18	0.00	0.11	0.25	0.25	0.00	0.00	0.00	0.00	0.02	0.00	0.00	0.00	0.00	0.02	0.02	0.00	0.04	0.12	0.09	0.02	0.00	0.00	0.00	0.00	0.00	0.00	0.00	0.00	0.00	0.02	0.00	0.00	0.16	0.00	0.00	0.00	0.00	0.00	0.00	0.00	0.00	0.00	0.00	0.00	0.00	0.00	0.00	0.06	0.01	0.00	0.00	0.00	0.00	0.03
E258K	0.26	0.26	0.26	0.23	0.23	0.03	0.00	0.03	0.09	0.09	0.09	0.09	0.06	0.05	0.08	0.23	0.22	0.02	0.19	0.26	0.24	0.00	0.00	0.00	0.00	0.00	0.00	0.00	0.00	0.00	0.04	0.01	0.00	0.06	0.04	0.09	0.03	0.00	0.00	0.00	0.00	0.00	0.00	0.04	0.01	0.00	0.05	0.02	0.05	0.03	0.00	0.00	0.00	0.00	0.00	0.00	0.00	0.00	0.00	0.00	0.00	0.00	0.00	0.00	0.06	0.02	0.00	0.00	0.06	0.08	0.05
A276D	0.40	0.40	0.26	0.40	0.40	0.02	0.00	0.02	0.23	0.11	0.11	0.11	0.05	0.23	0.16	0.40	0.20	0.01	0.26	0.26	0.21	0.00	0.00	0.00	0.00	0.02	0.00	0.00	0.00	0.00	0.04	0.04	0.00	0.05	0.05	0.11	0.02	0.00	0.00	0.00	0.00	0.00	0.00	0.01	0.01	0.00	0.02	0.23	0.00	0.16	0.00	0.00	0.00	0.04	0.00	0.00	0.00	0.00	0.00	0.00	0.00	0.00	0.00	0.00	0.00	0.07	0.00	0.00	0.00	0.00	0.02
P278R	0.30	0.30	0.30	0.27	0.27	0.02	0.00	0.02	0.16	0.11	0.11	0.11	0.05	0.09	0.16	0.27	0.21	0.00	0.30	0.26	0.21	0.00	0.00	0.00	0.00	0.02	0.00	0.00	0.00	0.00	0.11	0.05	0.00	0.05	0.05	0.11	0.02	0.00	0.00	0.00	0.00	0.00	0.00	0.00	0.00	0.00	0.01	0.09	0.00	0.16	0.00	0.00	0.00	0.03	0.00	0.00	0.00	0.00	0.00	0.00	0.00	0.00	0.00	0.00	0.00	0.07	0.00	0.00	0.00	0.00	0.00
D281V	0.37	0.37	0.29	0.37	0.37	0.02	0.00	0.02	0.21	0.09	0.09	0.09	0.06	0.07	0.21	0.37	0.25	0.00	0.29	0.24	0.21	0.00	0.00	0.00	0.00	0.02	0.00	0.00	0.00	0.00	0.08	0.07	0.00	0.05	0.06	0.09	0.02	0.00	0.00	0.00	0.00	0.00	0.00	0.01	0.00	0.00	0.01	0.07	0.00	0.21	0.00	0.00	0.00	0.02	0.00	0.00	0.00	0.00	0.00	0.00	0.00	0.00	0.00	0.00	0.05	0.07	0.00	0.00	0.00	0.00	0.00
E287D	0.28	0.28	0.28	0.24	0.24	0.02	0.00	0.02	0.28	0.08	0.08	0.08	0.03	0.01	0.28	0.00	0.24	0.00	0.28	0.01	0.27	0.00	0.00	0.00	0.00	0.00	0.00	0.00	0.00	0.00	0.03	0.05	0.00	0.02	0.03	0.08	0.02	0.00	0.00	0.00	0.00	0.00	0.00	0.01	0.00	0.00	0.00	0.01	0.08	0.10	0.00	0.00	0.00	0.00	0.00	0.00	0.00	0.00	0.00	0.00	0.00	0.00	0.00	0.00	0.06	0.07	0.00	0.00	0.28	0.11	0.00
K292R	0.52	0.34	0.34	0.25	0.25	0.02	0.00	0.02	0.52	0.08	0.08	0.08	0.01	0.05	0.52	0.00	0.25	0.00	0.25	0.03	0.34	0.00	0.00	0.00	0.00	0.00	0.00	0.00	0.00	0.00	0.02	0.02	0.00	0.00	0.01	0.08	0.00	0.00	0.00	0.00	0.00	0.00	0.00	0.00	0.05	0.00	0.00	0.01	0.08	0.13	0.00	0.00	0.00	0.00	0.00	0.00	0.00	0.00	0.00	0.00	0.00	0.00	0.00	0.00	0.00	0.04	0.00	0.00	0.52	0.10	0.00
S314F	0.36	0.33	0.28	0.33	0.33	0.02	0.00	0.02	0.36	0.13	0.13	0.13	0.05	0.01	0.36	0.00	0.33	0.00	0.06	0.12	0.28	0.00	0.00	0.00	0.00	0.00	0.00	0.00	0.00	0.00	0.03	0.02	0.00	0.05	0.01	0.13	0.01	0.00	0.00	0.00	0.00	0.00	0.00	0.00	0.00	0.00	0.00	0.00	0.10	0.00	0.00	0.00	0.00	0.00	0.00	0.00	0.00	0.00	0.00	0.00	0.00	0.00	0.00	0.00	0.36	0.06	0.00	0.00	0.17	0.14	0.00
P316T	0.84	0.30	0.26	0.30	0.30	0.02	0.00	0.02	0.84	0.07	0.07	0.07	0.06	0.01	0.84	0.00	0.30	0.00	0.05	0.10	0.26	0.00	0.00	0.00	0.00	0.01	0.00	0.00	0.00	0.00	0.04	0.02	0.00	0.06	0.02	0.07	0.01	0.00	0.00	0.00	0.00	0.00	0.00	0.00	0.00	0.00	0.00	0.00	0.09	0.00	0.00	0.00	0.00	0.00	0.00	0.00	0.00	0.00	0.00	0.00	0.00	0.00	0.00	0.00	0.84	0.04	0.00	0.00	0.18	0.15	0.00
R363G	0.28	0.28	0.26	0.28	0.28	0.02	0.00	0.02	0.22	0.22	0.22	0.22	0.02	0.03	0.18	0.00	0.28	0.00	0.26	0.04	0.21	0.00	0.00	0.00	0.00	0.00	0.00	0.00	0.00	0.00	0.22	0.10	0.00	0.01	0.02	0.09	0.01	0.00	0.00	0.00	0.00	0.00	0.00	0.00	0.03	0.00	0.02	0.01	0.00	0.08	0.00	0.00	0.00	0.00	0.00	0.00	0.00	0.00	0.00	0.00	0.00	0.00	0.00	0.00	0.18	0.04	0.00	0.00	0.00	0.00	0.00
R363K	0.26	0.26	0.25	0.26	0.26	0.02	0.00	0.02	0.24	0.20	0.20	0.20	0.02	0.03	0.24	0.00	0.26	0.01	0.25	0.04	0.19	0.00	0.00	0.00	0.00	0.00	0.00	0.00	0.00	0.00	0.20	0.15	0.00	0.01	0.02	0.09	0.01	0.00	0.00	0.00	0.00	0.00	0.00	0.00	0.03	0.00	0.01	0.01	0.24	0.08	0.00	0.00	0.00	0.00	0.00	0.00	0.00	0.00	0.00	0.00	0.00	0.00	0.00	0.00	0.17	0.04	0.00	0.00	0.10	0.16	0.00
H368Y	0.72	0.28	0.28	0.24	0.24	0.01	0.00	0.01	0.72	0.25	0.25	0.25	0.03	0.02	0.72	0.00	0.24	0.00	0.28	0.04	0.26	0.00	0.00	0.00	0.00	0.00	0.00	0.00	0.00	0.00	0.25	0.11	0.00	0.01	0.03	0.08	0.02	0.00	0.00	0.00	0.00	0.00	0.00	0.00	0.02	0.00	0.00	0.01	0.26	0.09	0.00	0.00	0.00	0.00	0.00	0.00	0.00	0.00	0.00	0.00	0.00	0.00	0.00	0.00	0.72	0.05	0.00	0.00	0.12	0.09	0.00
