3
3
2
5
3
3
3
3
3
3
3
5
5
5
5
5
1
3
3
5
5
1
5
3
3
1
3
1
3
1
3
1
1
3
3
1
3
1
1
1
3
1
3
3
3
1
3
3
3
1
1
3
3
3
1
3
1
3
1
3
3
3
3
3
3
3
3
1
1
1
1
1
3
3
1
3
3
3
3
3
1
3
3
3
1
3
3
3
1
3
3
1
3
1
3
1
3
3
3
3
1
1
3
1
1
3
1
3
3
1
1
3
3
3
3
1
1
3
1
1
1
3
3
3
3
3
1
3
3
3
3
3
3
3
3
1
1
3
1
1
1
1
3
3
3
3
3
3
1
1
3
1
3
3
3
3
3
1
3
1
3
3
1
3
3
1
1
3
3
1
1
1
3
1
3
3
3
3
3
3
3
3
1
1
3
3
1
3
3
1
3
3
1
3
3
3
3
3
1
3
3
5
3
1
3
3
3
3
1
3
3
1
1
3
5
5
1
3
1
3
1
3
3
1
1
3
3
1
1
1
1
3
1
5
5
5
3
5
3
3
1
5
5
3
5
4
1
3
3
5
1
3
5
5
4
5
5
3
3
5
5
1
5
5
3
3
3
3
2
1
1
3
