# Variant	Relative_solvent_accessibility	Allosteric_site	Catalytic_site	Altered Secondary_structure	Altered Stability_and_conformational_flexibility	Altered Special_structural_signatures	Altered Macromolecular_binding	Altered Metal_binding	Altered PTM_site
R18H	0.29	0.08	0.01	0.26	0.19	0.11	0.27	0.44	0.15
Y42C	0.02	0.02	0.00	0.26	0.23	0.02	0.22	0.02	0.17
N56T	0.01	0.00	0.00	0.25	0.26	0.01	0.30	0.02	0.22
A75P	0.04	0.02	0.00	0.28	0.46	0.05	0.32	0.02	0.13
P168T	0.02	0.02	0.00	0.24	0.28	0.02	0.11	0.09	0.12
N289H	0.12	0.05	0.00	0.25	0.23	0.04	0.25	0.17	0.12
S326R	0.01	0.02	0.00	0.30	0.20	0.03	0.45	0.00	0.19
N372H	0.05	0.02	0.00	0.25	0.21	0.03	0.31	0.03	0.18
P375S	0.07	0.03	0.00	0.27	0.21	0.03	0.29	0.02	0.35
S384F	0.02	0.02	0.00	0.25	0.45	0.03	0.19	0.01	0.21
L452I	0.00	0.01	0.00	0.26	0.24	0.02	0.26	0.01	0.23
E462G	0.00	0.02	0.00	0.25	0.33	0.03	0.08	0.01	0.18
K513R	0.02	0.02	0.00	0.25	0.27	0.02	0.28	0.02	0.22
C554W	0.01	0.01	0.00	0.25	0.23	0.14	0.27	0.05	0.07
T582P	0.14	0.08	0.00	0.27	0.25	0.09	0.26	0.05	0.21
G602R	0.06	0.07	0.00	0.28	0.26	0.06	0.24	0.16	0.14
T630I	0.05	0.02	0.00	0.24	0.31	0.02	0.21	0.01	0.04
P655R	0.00	0.01	0.00	0.26	0.25	0.03	0.28	0.01	0.28
M784V	0.00	0.04	0.00	0.25	0.31	0.02	0.13	0.01	0.14
D806H	0.06	0.02	0.00	0.25	0.35	0.03	0.18	0.03	0.24
V894I	0.15	0.06	0.00	0.26	0.19	0.12	0.25	0.07	0.13
L929S	0.15	0.06	0.00	0.25	0.43	0.05	0.21	0.06	0.22
N987I	0.07	0.06	0.00	0.25	0.26	0.08	0.41	0.03	0.26
N991D	0.04	0.12	0.00	0.26	0.21	0.08	0.28	0.03	0.27
L1019V	0.18	0.09	0.00	0.26	0.26	0.09	0.25	0.17	0.22
N1102Y	0.02	0.04	0.00	0.25	0.48	0.02	0.15	0.03	0.24
S1172L	0.02	0.02	0.00	0.24	0.23	0.02	0.18	0.02	0.15
R1190W	0.08	0.02	0.00	0.27	0.17	0.19	0.19	0.01	0.15
G1194D	0.10	0.02	0.00	0.26	0.18	0.17	0.16	0.05	0.15
N1228D	0.06	0.05	0.00	0.27	0.17	0.04	0.15	0.05	0.11
C1265S	0.00	0.00	0.00	0.25	0.48	0.02	0.06	0.02	0.17
D1280V	0.03	0.01	0.00	0.27	0.37	0.05	0.19	0.05	0.16
C1290Y	0.04	0.01	0.00	0.27	0.28	0.11	0.41	0.03	0.19
V1306I	0.04	0.01	0.00	0.26	0.27	0.08	0.42	0.05	0.05
I1349T	0.00	0.03	0.00	0.25	1.00	0.03	0.20	0.04	0.19
T1354M	0.00	0.03	0.00	0.26	0.20	0.02	0.18	0.05	0.21
I1364L	0.00	0.02	0.00	0.25	0.17	0.01	0.11	0.05	0.07
C1365Y	0.00	0.03	0.00	0.26	0.13	0.01	0.19	0.05	0.29
Q1396R	0.02	0.02	0.00	0.25	0.31	0.02	0.10	0.05	0.14
T1414M	0.02	0.00	0.00	0.25	0.34	0.11	0.23	0.01	0.24
D1420Y	0.02	0.00	0.00	0.24	0.49	0.06	0.32	0.01	0.15
F1524V	0.03	0.14	0.02	0.26	0.26	0.02	0.12	0.18	0.10
G1529R	0.09	0.15	0.01	0.25	0.26	0.06	0.23	0.19	0.38
E1537K	0.21	0.06	0.00	0.25	0.28	0.05	0.27	0.09	0.44
K1690N	0.11	0.04	0.00	0.26	0.18	0.05	0.17	0.02	0.11
S1733F	0.00	0.00	0.00	0.25	0.61	0.07	0.28	0.09	0.22
G1771D	0.04	0.02	0.00	0.26	0.34	0.04	0.16	0.01	0.24
P1819S	0.08	0.01	0.00	0.22	0.30	0.09	0.11	0.02	0.20
D1902N	0.02	0.02	0.00	0.26	0.24	0.03	0.25	0.03	0.13
L1904V	0.02	0.02	0.00	0.26	0.26	0.03	0.29	0.03	0.13
T1915M	0.01	0.02	0.00	0.27	0.26	0.02	0.09	0.13	0.15
H1918Y	0.02	0.04	0.00	0.26	0.33	0.02	0.13	0.11	0.29
I1929V	0.00	0.00	0.00	0.23	0.27	0.02	0.13	0.01	0.14
R2034C	0.00	0.01	0.00	0.26	0.32	0.11	0.16	0.02	0.15
N2048I	0.00	0.00	0.00	0.26	0.19	0.03	0.18	0.02	0.23
H2074N	0.09	0.04	0.00	0.23	0.22	0.04	0.16	0.10	0.12
R2108H	0.00	0.00	0.00	0.24	0.30	0.03	0.15	0.01	0.22
N2113S	0.00	0.00	0.00	0.26	0.32	0.02	0.09	0.04	1.00
H2116R	0.00	0.00	0.00	0.24	0.20	0.02	0.09	0.04	0.21
T2250A	0.00	0.00	0.00	0.25	0.28	0.02	0.06	0.10	0.08
I2285V	0.02	0.00	0.00	0.23	0.26	0.02	0.40	0.01	0.17
K2339N	0.02	0.04	0.00	0.27	0.24	0.06	0.12	0.02	0.16
Q2384K	0.00	0.02	0.00	0.24	0.21	0.04	0.23	0.01	0.36
N2436I	0.03	0.01	0.00	0.26	0.39	0.10	0.37	0.01	0.19
H2440R	0.04	0.02	0.00	0.25	0.25	0.10	0.25	0.01	0.28
A2466V	0.00	0.02	0.00	0.28	0.32	0.04	0.14	0.01	0.17
K2472T	0.01	0.02	0.00	0.26	0.25	0.04	0.04	0.01	0.38
I2490T	0.05	0.02	0.00	0.26	0.38	0.06	0.36	0.03	0.11
T2515I	0.02	0.00	0.00	0.26	0.21	0.02	0.17	0.01	0.23
W2626C	0.02	0.05	0.01	0.22	0.07	0.03	0.20	0.04	0.08
I2627F	0.00	0.06	0.02	0.22	0.08	0.03	0.19	0.04	0.08
R2659T	0.02	0.06	0.03	0.29	0.24	0.03	0.18	0.06	0.16
E2663V	0.04	0.06	0.03	0.27	0.30	0.03	0.19	0.06	0.17
A2717S	0.07	0.03	0.04	0.26	0.31	0.07	0.23	0.07	0.14
T2722R	0.04	0.21	0.22	0.26	0.10	0.03	0.25	0.28	0.11
D2723G	0.04	0.20	0.22	0.28	0.12	0.03	0.25	0.38	0.04
D2723H	0.04	0.20	0.21	0.29	0.11	0.03	0.26	0.33	0.04
K2729N	0.07	0.19	0.19	0.26	0.18	0.03	0.29	0.25	0.06
G2748D	0.03	0.13	0.08	0.26	0.13	0.06	0.27	0.10	0.17
R2842H	0.03	0.02	0.01	0.23	0.26	0.16	0.20	0.06	0.19
R2888C	0.01	0.01	0.00	0.20	0.36	0.26	0.11	0.00	0.26
I2944F	0.02	0.00	0.00	0.02	0.26	0.06	0.22	0.01	0.17
A2951T	0.02	0.00	0.00	0.08	0.26	0.06	0.19	0.01	0.13
V2969M	0.02	0.03	0.00	0.25	0.25	0.99	0.23	0.02	0.16
R2973C	0.02	0.01	0.00	0.25	0.19	0.04	0.25	0.01	0.16
R3052W	0.01	0.07	0.00	0.26	0.17	0.02	0.24	0.03	0.10
V3079I	0.05	0.07	0.00	0.20	0.16	0.07	0.10	0.02	0.08
Y3098H	0.04	0.03	0.00	0.24	0.14	0.15	0.14	0.31	0.05
D3170G	0.10	0.04	0.00	0.26	0.16	0.18	0.12	0.04	0.04
C3198R	0.01	0.02	0.00	0.25	0.39	0.08	0.12	0.01	0.24
V3244I	0.00	0.00	0.00	0.21	0.17	0.02	0.21	0.00	0.16
T3349A	0.02	0.02	0.01	0.26	0.25	0.20	0.25	0.03	0.04
I3412V	0.09	0.02	0.00	0.25	0.22	0.15	0.53	0.05	0.24
