# Variant	Relative_solvent_accessibility	Allosteric_site	Catalytic_site	Altered Secondary_structure	Altered Stability_and_conformational_flexibility	Altered Special_structural_signatures	Altered Macromolecular_binding	Altered Metal_binding	Altered PTM_site
L22S	0.11	0.10	0.01	0.25	0.12	0.19	0.27	0.24	0.08
T37K	0.05	0.06	0.00	0.27	0.20	0.06	0.24	0.18	0.12
C39R	0.05	0.06	0.02	0.27	0.16	0.15	0.27	0.31	0.10
H41R	0.06	0.06	0.00	0.27	0.16	0.11	0.24	0.33	0.16
C44S	0.04	0.07	0.00	0.25	0.19	0.17	0.36	0.36	0.13
C44Y	0.03	0.09	0.01	0.25	0.17	0.17	0.40	0.37	0.14
K45Q	0.02	0.06	0.00	0.25	0.18	0.11	0.24	0.28	0.14
C61G	0.03	0.03	0.00	0.27	0.33	0.11	0.23	0.24	0.08
D67Y	0.02	0.05	0.00	0.24	0.29	0.07	0.38	0.16	0.13
Y105C	0.09	0.05	0.00	0.26	0.31	0.05	0.33	0.01	0.22
I124V	0.02	0.04	0.00	0.25	0.27	0.04	0.36	0.05	0.13
N132K	0.01	0.08	0.00	0.26	0.30	0.04	0.27	0.03	0.22
P142H	0.03	0.02	0.00	0.26	0.27	0.03	0.27	0.08	0.13
E143K	0.02	0.01	0.00	0.25	0.25	0.03	0.27	0.01	0.20
Q155E	0.01	0.00	0.00	0.26	0.14	0.02	0.29	0.01	0.09
Y179C	0.03	0.02	0.00	0.29	0.32	0.02	0.23	0.05	0.46
S186Y	0.06	0.06	0.01	0.27	0.32	0.02	0.16	0.09	0.29
V191I	0.04	0.05	0.01	0.25	0.25	0.01	0.29	0.09	0.24
D214G	0.10	0.02	0.00	0.28	0.28	0.04	0.14	0.04	0.16
L246V	0.04	0.02	0.00	0.27	0.23	0.01	0.11	0.02	0.14
A280G	0.01	0.00	0.00	0.24	0.26	0.01	0.07	0.04	0.04
M297I	0.08	0.00	0.00	0.26	0.40	0.05	0.21	0.05	0.24
P334L	0.04	0.02	0.00	0.26	0.24	0.01	0.15	0.03	0.24
Q356R	0.00	0.00	0.00	0.26	0.21	0.02	0.08	0.01	0.16
D369N	0.01	0.01	0.00	0.27	0.26	0.02	0.18	0.02	0.13
N473S	0.11	0.12	0.01	0.23	0.24	0.04	0.26	0.13	0.14
F486L	0.02	0.04	0.03	0.26	0.13	0.04	0.21	0.08	0.03
R496C	0.06	0.03	0.00	0.26	0.33	0.07	0.27	0.07	0.10
R496H	0.05	0.03	0.00	0.26	0.27	0.07	0.25	0.06	0.10
R504H	0.03	0.09	0.00	0.26	0.28	0.05	0.37	0.02	0.14
N550H	0.03	0.02	0.01	0.25	0.22	0.02	0.17	0.09	0.09
E597K	0.01	0.01	0.00	0.26	0.16	0.02	0.25	0.03	0.20
A622V	0.00	0.01	0.00	0.25	0.20	0.02	0.23	0.05	0.08
D642H	0.00	0.02	0.00	0.25	0.24	0.01	0.12	0.03	0.18
L668F	0.03	0.02	0.00	0.25	0.22	0.02	0.19	0.04	0.26
D693N	0.01	0.02	0.00	0.25	0.21	0.02	0.27	0.06	0.23
N723D	0.00	0.00	0.00	0.25	0.21	0.03	0.09	0.00	0.20
V772A	0.01	0.01	0.00	0.26	0.29	0.02	0.15	0.03	0.22
Q804H	0.06	0.05	0.00	0.26	0.20	0.04	0.18	0.22	0.06
N810Y	0.02	0.06	0.00	0.27	0.20	0.02	0.13	0.05	0.22
K820E	0.09	0.04	0.00	0.28	0.25	0.03	0.24	0.10	0.16
T826K	0.04	0.06	0.00	0.27	0.34	0.02	0.12	0.04	0.28
R841W	0.07	0.05	0.03	0.26	0.43	0.02	0.20	0.19	0.07
E842G	0.06	0.03	0.03	0.25	0.32	0.02	0.15	0.17	0.07
Y856H	0.05	0.03	0.03	0.24	0.42	0.02	0.20	0.18	0.23
K862E	0.08	0.02	0.00	0.26	0.28	0.02	0.19	0.01	0.12
R866C	0.09	0.02	0.00	0.25	0.34	0.02	0.14	0.01	0.12
P871L	0.04	0.02	0.00	0.26	0.47	0.02	0.17	0.01	0.11
G890V	0.00	0.00	0.00	0.25	0.23	0.01	0.12	0.04	0.13
I925L	0.00	0.00	0.00	0.23	0.26	0.03	0.19	0.01	0.05
M1008I	0.02	0.01	0.00	0.26	0.22	0.03	0.09	0.05	0.19
M1008V	0.02	0.01	0.00	0.26	0.21	0.03	0.07	0.05	0.17
R1028H	0.00	0.00	0.00	0.25	0.15	0.02	0.30	0.01	0.21
E1038G	0.00	0.00	0.00	0.26	0.22	0.02	0.26	0.03	0.25
S1040N	0.00	0.00	0.00	0.24	0.22	0.02	0.26	0.03	0.45
I1044V	0.00	0.00	0.00	0.28	0.23	0.02	0.24	0.01	0.25
P1099L	0.07	0.03	0.00	0.25	0.31	0.01	0.12	0.04	0.12
S1101N	0.06	0.03	0.00	0.25	0.28	0.01	0.08	0.05	0.10
K1109N	0.15	0.03	0.02	0.25	0.29	0.05	0.16	0.08	0.19
S1140G	0.03	0.01	0.00	0.25	0.35	0.01	0.11	0.04	0.05
D1155H	0.32	0.03	0.01	0.26	0.34	0.05	0.34	0.15	0.20
K1183R	0.02	0.01	0.00	0.23	0.20	0.02	0.27	0.01	0.21
R1203Q	0.00	0.00	0.00	0.26	0.20	0.01	0.15	0.00	0.23
E1214K	0.02	0.01	0.00	0.25	0.25	0.02	0.16	0.02	0.22
P1238L	0.00	0.01	0.00	0.26	0.33	0.02	0.11	0.01	0.17
V1247I	0.00	0.01	0.00	0.25	0.27	0.02	0.10	0.01	0.17
E1250K	0.01	0.00	0.00	0.26	0.26	0.05	0.10	0.01	0.13
S1266T	0.00	0.00	0.00	0.26	0.32	0.08	0.24	0.01	0.13
R1347G	0.05	0.00	0.00	0.27	0.30	0.02	0.16	0.07	0.26
T1349M	0.05	0.00	0.01	0.26	0.25	0.02	0.19	0.06	0.10
M1361L	0.03	0.00	0.01	0.25	0.24	0.01	0.17	0.04	0.21
H1402Y	0.02	0.03	0.00	0.23	0.41	0.05	0.38	0.08	0.12
E1419Q	0.01	0.01	0.00	0.26	0.22	0.90	0.13	0.02	0.10
N1468H	0.00	0.00	0.00	0.24	0.20	0.01	0.25	0.00	0.23
S1512I	0.00	0.00	0.00	0.27	0.56	0.01	0.29	0.02	0.18
V1534M	0.02	0.00	0.00	0.28	0.33	0.02	0.11	0.03	0.18
D1546N	0.03	0.02	0.00	0.27	0.22	0.02	0.11	0.03	0.06
D1546Y	0.03	0.02	0.00	0.26	0.40	0.02	0.16	0.03	0.13
L1564P	0.02	0.00	0.00	0.26	0.22	0.01	0.43	0.02	0.30
S1613G	0.09	0.00	0.00	0.25	0.26	0.09	0.20	0.18	0.18
P1614S	0.10	0.00	0.00	0.25	0.21	0.09	0.20	0.22	0.18
M1628T	0.04	0.00	0.00	0.24	0.20	0.29	0.25	0.04	0.26
P1637L	0.01	0.00	0.00	0.25	0.39	0.51	0.28	0.01	0.25
M1652I	0.02	0.08	0.00	0.26	0.34	0.04	0.24	0.03	0.16
M1652T	0.02	0.07	0.00	0.25	0.36	0.04	0.21	0.03	0.16
F1662S	0.03	0.05	0.00	0.27	0.25	0.03	0.18	0.03	0.15
L1664P	0.03	0.04	0.00	0.32	0.18	0.03	0.21	0.04	0.11
E1682K	0.05	0.16	0.03	0.27	0.17	0.13	0.19	0.22	0.10
T1685A	0.07	0.16	0.03	0.27	0.17	0.18	0.21	0.22	0.06
T1685I	0.07	0.16	0.03	0.26	0.18	0.16	0.20	0.22	0.06
R1699W	0.12	0.07	0.00	0.29	0.20	0.21	0.31	0.08	0.15
G1706A	0.04	0.04	0.00	0.28	0.14	0.21	0.26	0.02	0.13
G1706E	0.05	0.04	0.00	0.29	0.14	0.22	0.26	0.02	0.12
A1708E	0.05	0.07	0.00	0.26	0.18	0.20	0.27	0.02	0.14
S1715R	0.03	0.04	0.00	0.25	0.13	0.11	0.27	0.02	0.25
T1720A	0.02	0.04	0.00	0.28	0.16	0.06	0.26	0.03	0.07
G1738R	0.15	0.25	0.03	0.25	0.23	0.14	0.26	0.19	0.25
R1751Q	0.08	0.27	0.06	0.27	0.26	0.06	0.40	0.20	0.20
L1764P	0.08	0.09	0.05	0.26	0.23	0.27	0.25	0.32	0.09
I1766S	0.11	0.11	0.04	0.26	0.19	0.29	0.29	0.26	0.08
M1775K	0.07	0.13	0.02	0.25	0.21	0.26	0.16	0.03	0.05
M1775R	0.06	0.14	0.01	0.25	0.18	0.27	0.16	0.03	0.18
C1787S	0.07	0.10	0.01	0.26	0.20	0.18	0.23	0.13	0.04
G1788V	0.03	0.05	0.00	0.26	0.13	0.10	0.19	0.12	0.07
V1804D	0.16	0.04	0.00	0.25	0.21	0.33	0.19	0.38	0.05
V1838E	0.08	0.14	0.02	0.26	0.14	0.29	0.27	0.08	0.09
I1858L	0.27	0.10	0.00	0.25	0.25	0.24	0.28	0.29	0.07
P1859R	0.24	0.05	0.00	0.23	0.30	0.25	0.26	0.40	0.09
