# Variant	Relative_solvent_accessibility	Allosteric_site	Catalytic_site	Altered Secondary_structure	Altered Stability_and_conformational_flexibility	Altered Special_structural_signatures	Altered Macromolecular_binding	Altered Metal_binding	Altered PTM_site
M1K	0.12	0.11	0.00	0.25	0.38	0.22	0.28	0.05	0.21
M1R	0.08	0.13	0.00	0.26	0.31	0.14	0.27	0.05	0.17
M1T	0.08	0.08	0.00	0.28	0.31	0.13	0.23	0.04	0.05
R9W	0.39	0.24	0.00	0.29	0.20	0.24	0.30	0.15	0.11
A21E	0.31	0.31	0.32	0.26	0.13	0.19	0.31	0.31	0.10
A21V	0.26	0.28	0.27	0.27	0.11	0.20	0.28	0.28	0.09
G22A	0.29	0.30	0.25	0.29	0.11	0.20	0.25	0.29	0.10
E23D	0.31	0.27	0.39	0.25	0.12	0.18	0.26	0.32	0.10
E23K	0.28	0.28	0.43	0.26	0.12	0.17	0.24	0.60	0.59
I25F	0.28	0.36	0.27	0.27	0.14	0.13	0.25	0.29	0.10
I25T	0.31	0.31	0.29	0.27	0.15	0.14	0.29	0.34	0.10
R27P	0.26	0.26	0.34	0.27	0.17	0.16	0.31	0.37	0.12
P28L	0.32	0.25	0.35	0.29	0.15	0.19	0.28	0.29	0.24
A29G	0.29	0.23	0.14	0.28	0.16	0.17	0.26	0.29	0.24
A31C	0.25	0.26	0.16	0.17	0.15	0.15	0.34	0.30	0.25
I32V	0.24	0.24	0.14	0.21	0.15	0.10	0.28	0.31	0.23
M35N	0.20	0.25	0.16	0.25	0.16	0.07	0.35	0.27	0.24
M35R	0.18	0.24	0.14	0.25	0.14	0.06	0.29	0.33	0.23
I36N	0.25	0.30	0.21	0.25	0.20	0.07	0.34	0.32	0.23
E37K	0.18	0.25	0.17	0.25	0.15	0.06	0.27	0.53	0.28
N38D	0.26	0.28	0.17	0.25	0.16	0.06	0.31	0.41	0.24
N38H	0.28	0.26	0.17	0.25	0.16	0.05	0.36	0.54	0.23
N38K	0.25	0.25	0.16	0.25	0.16	0.05	0.30	0.45	0.25
N38S	0.25	0.29	0.18	0.25	0.16	0.05	0.27	0.32	0.22
C39R	0.26	0.28	0.15	0.26	0.17	0.07	0.28	0.55	0.16
D41G	0.29	0.26	0.17	0.25	0.16	0.10	0.32	0.82	0.10
D41H	0.28	0.26	0.15	0.25	0.17	0.10	0.31	0.52	0.11
A42V	0.26	0.26	0.16	0.25	0.17	0.10	0.27	0.28	0.10
S44F	0.29	0.17	0.15	0.25	0.19	0.10	0.30	0.42	0.17
S46I	0.35	0.18	0.15	0.23	0.18	0.10	0.26	0.28	0.11
Q48P	0.28	0.21	0.02	0.23	0.17	0.12	0.28	0.26	0.15
V49E	0.39	0.20	0.02	0.26	0.21	0.12	0.35	0.32	0.18
Q62K	0.25	0.28	0.42	0.26	0.19	0.10	0.29	0.39	0.27
D63E	0.28	0.27	0.26	0.25	0.18	0.08	0.28	0.43	0.06
D63N	0.24	0.26	0.26	0.26	0.19	0.10	0.28	0.40	0.07
N64S	0.25	0.29	0.29	0.26	0.18	0.07	0.30	0.36	0.12
G65D	0.25	0.26	0.30	0.25	0.19	0.07	0.27	0.48	0.12
G67E	0.26	0.28	0.29	0.26	0.18	0.07	0.28	0.36	0.12
G67R	0.25	0.28	0.28	0.26	0.18	0.07	0.28	0.32	0.12
G67W	0.26	0.33	0.31	0.27	0.19	0.06	0.30	0.39	0.12
I68N	0.26	0.28	0.34	0.25	0.27	0.07	0.38	0.31	0.12
L73P	0.22	0.30	0.04	0.20	0.21	0.08	0.26	0.33	0.13
C77R	0.15	0.28	0.05	0.26	0.16	0.08	0.39	0.28	0.08
C77Y	0.16	0.27	0.05	0.25	0.15	0.08	0.31	0.26	0.17
T82I	0.22	0.28	0.07	0.25	0.21	0.08	0.27	0.21	0.07
S83I	0.24	0.28	0.07	0.25	0.22	0.06	0.31	0.21	0.07
K84E	0.25	0.25	0.08	0.26	0.21	0.06	0.36	0.30	0.07
A92P	0.28	0.18	0.01	0.28	0.23	0.07	0.31	0.15	0.11
S93G	0.30	0.14	0.02	0.26	0.20	0.07	0.33	0.16	0.11
S95A	0.31	0.28	0.25	0.27	0.15	0.07	0.29	0.16	0.11
G98R	0.28	0.26	0.27	0.27	0.14	0.07	0.36	0.23	0.11
G98S	0.26	0.27	0.25	0.25	0.14	0.07	0.29	0.22	0.11
F99L	0.28	0.30	0.28	0.26	0.15	0.07	0.32	0.20	0.11
R100Q	0.27	0.32	0.30	0.26	0.14	0.07	0.29	0.19	0.11
G101S	0.27	0.25	0.27	0.25	0.14	0.07	0.31	0.21	0.11
G101V	0.26	0.30	0.29	0.26	0.15	0.09	0.27	0.21	0.11
A103P	0.29	0.30	0.26	0.27	0.17	0.07	0.28	0.21	0.06
I107R	0.07	0.23	0.28	0.26	0.19	0.05	0.25	0.29	0.11
H109P	0.07	0.08	0.13	0.25	0.12	0.04	0.30	0.28	0.07
H109Q	0.08	0.07	0.11	0.25	0.11	0.04	0.27	0.29	0.03
A111P	0.07	0.08	0.12	0.25	0.12	0.04	0.29	0.27	0.05
A111V	0.07	0.07	0.11	0.25	0.12	0.05	0.25	0.23	0.04
V113D	0.14	0.05	0.02	0.25	0.20	0.04	0.31	0.44	0.11
T116K	0.26	0.05	0.00	0.25	0.19	0.06	0.24	0.24	0.10
T116R	0.25	0.05	0.00	0.26	0.19	0.06	0.24	0.25	0.13
T117M	0.25	0.04	0.00	0.25	0.19	0.13	0.26	0.23	0.11
A120V	0.28	0.03	0.00	0.26	0.20	0.16	0.34	0.25	0.12
Y126C	0.26	0.09	0.00	0.26	0.21	0.17	0.31	0.34	0.30
Y126N	0.33	0.09	0.00	0.26	0.26	0.17	0.35	0.32	0.30
A128P	0.26	0.13	0.00	0.25	0.30	0.17	0.32	0.17	0.21
Y130C	0.17	0.10	0.00	0.26	0.26	0.19	0.28	0.16	0.24
Y130H	0.18	0.10	0.00	0.25	0.33	0.19	0.39	0.16	0.24
D132H	0.19	0.09	0.00	0.25	0.26	0.20	0.30	0.09	0.20
L135V	0.27	0.10	0.01	0.25	0.25	0.21	0.25	0.09	0.20
P141A	0.30	0.12	0.05	0.24	0.28	0.24	0.27	0.31	0.15
G147R	0.29	0.31	0.17	0.27	0.19	0.13	0.32	0.31	0.14
Q149H	0.29	0.28	0.15	0.26	0.18	0.13	0.28	0.64	0.04
L155R	0.27	0.18	0.06	0.25	0.11	0.19	0.33	0.28	0.14
A160V	0.23	0.26	0.10	0.24	0.20	0.19	0.36	0.13	0.13
L166F	0.23	0.26	0.10	0.24	0.23	0.14	0.28	0.12	0.17
P169L	0.31	0.17	0.05	0.27	0.26	0.15	0.28	0.19	0.18
V180G	0.24	0.26	0.15	0.25	0.16	0.07	0.32	0.09	0.23
R182G	0.23	0.52	0.16	0.27	0.13	0.04	0.33	0.28	0.11
R182K	0.23	0.30	0.16	0.25	0.11	0.05	0.27	0.28	0.52
V185G	0.23	0.27	0.16	0.25	0.27	0.04	0.31	0.28	0.12
S191I	0.23	0.16	0.01	0.25	0.19	0.06	0.39	0.24	0.11
S193P	0.22	0.16	0.00	0.26	0.21	0.10	0.29	0.10	0.11
E199Q	0.15	0.05	0.00	0.26	0.19	0.22	0.12	0.05	0.12
V213L	0.15	0.21	0.00	0.27	0.15	0.25	0.27	0.18	0.15
V213M	0.15	0.22	0.00	0.29	0.16	0.23	0.27	0.19	0.15
N215S	0.15	0.25	0.00	0.26	0.15	0.24	0.28	0.18	0.15
I216S	0.16	0.25	0.00	0.28	0.23	0.26	0.32	0.24	0.15
R217C	0.22	0.25	0.00	0.25	0.12	0.25	0.36	0.23	0.19
I219L	0.22	0.29	0.00	0.25	0.11	0.20	0.32	0.21	0.15
I219V	0.20	0.29	0.00	0.25	0.11	0.20	0.28	0.21	0.16
R226L	0.20	0.25	0.00	0.26	0.11	0.20	0.29	0.21	0.18
R226Q	0.21	0.25	0.00	0.25	0.11	0.23	0.29	0.21	0.18
E234G	0.15	0.03	0.00	0.28	0.17	0.11	0.15	0.24	0.08
G244D	0.18	0.03	0.00	0.26	0.12	0.10	0.28	0.08	0.21
G244V	0.16	0.03	0.00	0.26	0.12	0.09	0.29	0.04	0.16
S247P	0.14	0.03	0.00	0.26	0.13	0.08	0.30	0.04	0.17
L260F	0.09	0.22	0.18	0.23	0.09	0.10	0.29	0.08	0.06
L260R	0.15	0.27	0.17	0.24	0.10	0.10	0.37	0.07	0.07
N263T	0.11	0.21	0.18	0.24	0.12	0.09	0.30	0.10	0.06
H264R	0.11	0.26	0.18	0.24	0.14	0.10	0.31	0.16	0.09
H264Y	0.11	0.21	0.19	0.23	0.15	0.09	0.26	0.16	0.07
R265C	0.12	0.26	0.21	0.25	0.17	0.10	0.28	0.42	0.07
R265H	0.14	0.24	0.20	0.25	0.18	0.10	0.28	0.39	0.07
R265S	0.18	0.26	0.18	0.25	0.19	0.11	0.32	0.21	0.07
V267R	0.16	0.21	0.29	0.26	0.27	0.10	0.35	0.18	0.06
E268G	0.12	0.21	0.21	0.25	0.16	0.11	0.36	0.16	0.12
L272V	0.14	0.10	0.00	0.25	0.15	0.11	0.28	0.17	0.13
Y280D	0.13	0.23	0.00	0.25	0.14	0.21	0.35	0.12	0.13
A281V	0.09	0.21	0.00	0.26	0.16	0.16	0.27	0.07	0.11
A282G	0.11	0.22	0.01	0.29	0.17	0.16	0.25	0.11	0.12
K286Q	0.10	0.14	0.00	0.25	0.16	0.15	0.25	0.27	0.06
L292P	0.22	0.17	0.01	0.26	0.48	0.25	0.30	0.29	0.05
Y293D	0.26	0.14	0.01	0.26	0.15	0.26	0.26	0.28	0.05
S295G	0.21	0.12	0.02	0.26	0.22	0.20	0.30	0.18	0.05
S295N	0.20	0.12	0.01	0.27	0.14	0.23	0.25	0.17	0.06
S295R	0.22	0.13	0.01	0.26	0.14	0.23	0.29	0.18	0.09
S295T	0.21	0.12	0.01	0.27	0.14	0.21	0.28	0.18	0.05
E297K	0.24	0.13	0.02	0.26	0.14	0.21	0.26	0.19	0.08
V303E	0.21	0.15	0.11	0.26	0.32	0.21	0.28	0.30	0.06
D304G	0.22	0.15	0.11	0.26	0.36	0.15	0.33	0.29	0.03
D304V	0.23	0.15	0.11	0.26	0.18	0.16	0.40	0.30	0.03
N306K	0.16	0.15	0.11	0.25	0.20	0.08	0.27	0.27	0.24
P309S	0.06	0.15	0.10	0.26	0.23	0.04	0.26	0.41	0.23
L317M	0.06	0.07	0.01	0.25	0.23	0.07	0.10	0.22	0.03
E319K	0.06	0.05	0.00	0.28	0.21	0.08	0.08	0.21	0.11
E320D	0.06	0.03	0.00	0.25	0.21	0.07	0.08	0.22	0.07
S321I	0.07	0.04	0.00	0.26	0.24	0.07	0.09	0.20	0.07
R325Q	0.07	0.04	0.00	0.03	0.24	0.13	0.07	0.05	0.07
V326A	0.10	0.04	0.00	0.03	0.26	0.07	0.13	0.04	0.07
H329N	0.13	0.05	0.00	0.03	0.25	0.07	0.12	0.05	0.19
H329P	0.11	0.04	0.00	0.04	0.25	0.07	0.12	0.05	0.19
N338S	0.02	0.02	0.00	0.26	0.34	0.07	0.19	0.01	0.22
Q346R	0.00	0.02	0.00	0.30	0.25	0.14	0.20	0.00	0.21
T347N	0.00	0.00	0.00	0.25	0.27	0.17	0.19	0.00	0.21
A353V	0.00	0.00	0.00	0.28	0.29	0.13	0.17	0.00	0.18
T364A	0.02	0.00	0.00	0.38	0.23	0.21	0.16	0.01	0.29
H381Y	0.00	0.00	0.00	0.24	0.18	0.10	0.39	0.01	0.87
V384D	0.00	0.00	0.00	0.26	0.22	0.14	0.26	0.01	0.22
R385C	0.00	0.00	0.00	0.25	0.21	0.10	0.26	0.01	0.23
R385P	0.00	0.00	0.00	0.27	0.19	0.14	0.23	0.02	0.22
R389Q	0.00	0.00	0.00	0.29	0.21	0.10	0.20	0.00	0.23
R389W	0.00	0.00	0.00	0.30	0.49	0.10	0.22	0.00	0.21
L393P	0.00	0.00	0.00	0.31	0.23	0.09	0.21	0.00	0.19
L400V	0.00	0.00	0.00	0.27	0.21	0.05	0.21	0.00	0.26
P403S	0.00	0.00	0.00	0.26	0.23	0.08	0.16	0.00	0.47
S406N	0.00	0.00	0.00	0.25	0.23	0.07	0.20	0.00	0.46
K416E	0.00	0.00	0.00	0.20	0.20	0.15	0.22	0.00	0.28
S420C	0.00	0.00	0.00	0.19	0.20	0.15	0.22	0.01	0.72
E433Q	0.00	0.00	0.00	0.24	0.22	0.14	0.16	0.00	0.09
P435L	0.00	0.00	0.00	0.30	0.20	0.14	0.21	0.00	0.10
A441T	0.00	0.00	0.00	0.25	0.17	0.07	0.15	0.00	0.25
K443Q	0.00	0.00	0.00	0.26	0.18	0.06	0.13	0.00	0.37
G454R	0.01	0.00	0.00	0.25	0.23	0.11	0.09	0.01	0.30
N468D	0.00	0.00	0.00	0.27	0.24	0.09	0.09	0.01	0.30
R472I	0.00	0.00	0.00	0.28	0.24	0.09	0.09	0.01	0.33
R474Q	0.00	0.00	0.00	0.26	0.22	0.08	0.07	0.01	0.49
R474W	0.00	0.00	0.00	0.29	0.24	0.07	0.07	0.01	0.63
D485E	0.00	0.00	0.00	0.25	0.22	0.05	0.05	0.01	0.23
D485H	0.00	0.00	0.00	0.26	0.25	0.05	0.06	0.01	0.22
R487Q	0.00	0.00	0.00	0.29	0.24	0.06	0.06	0.01	0.23
A492T	0.00	0.00	0.00	0.27	0.30	0.05	0.10	0.00	0.21
P496R	0.00	0.00	0.00	0.28	0.30	0.03	0.23	0.00	0.26
V506A	0.02	0.00	0.00	0.24	0.25	0.07	0.16	0.00	0.13
L509F	0.02	0.00	0.00	0.22	0.24	0.08	0.12	0.01	0.11
R522Q	0.00	0.02	0.00	0.26	0.22	0.10	0.09	0.11	0.09
E523D	0.01	0.04	0.00	0.26	0.20	0.10	0.09	0.09	0.09
A539D	0.05	0.03	0.00	0.27	0.13	0.06	0.18	0.07	0.01
Q542L	0.04	0.03	0.00	0.26	0.14	0.07	0.17	0.08	0.05
Q542P	0.05	0.03	0.00	0.27	0.14	0.07	0.17	0.10	0.05
T545A	0.04	0.04	0.01	0.27	0.13	0.07	0.18	0.07	0.06
L549P	0.06	0.04	0.00	0.28	0.26	0.08	0.19	0.13	0.07
L550P	0.05	0.05	0.00	0.28	0.75	0.07	0.19	0.14	0.07
N551T	0.03	0.04	0.00	0.25	0.18	0.04	0.16	0.09	0.07
L555P	0.04	0.05	0.00	0.25	0.26	0.07	0.13	0.09	0.07
S556I	0.03	0.05	0.00	0.22	0.20	0.08	0.20	0.09	0.07
L559P	0.04	0.07	0.00	0.05	0.20	0.12	0.21	0.03	0.07
Y561H	0.03	0.05	0.00	0.04	0.17	0.08	0.26	0.05	0.06
I565F	0.01	0.05	0.00	0.25	0.08	0.09	0.21	0.02	0.06
F568I	0.01	0.02	0.00	0.25	0.08	0.08	0.22	0.02	0.07
F571L	0.01	0.05	0.00	0.27	0.12	0.15	0.16	0.02	0.10
L574P	0.01	0.08	0.00	0.28	0.19	0.25	0.10	0.02	0.11
E578G	0.02	0.05	0.00	0.25	0.17	0.28	0.07	0.01	0.11
P581L	0.02	0.07	0.00	0.25	0.18	0.27	0.08	0.03	0.05
L582F	0.02	0.07	0.00	0.24	0.18	0.27	0.07	0.03	0.05
L582P	0.02	0.08	0.00	0.26	0.24	0.29	0.09	0.04	0.05
L582V	0.02	0.08	0.00	0.25	0.18	0.24	0.06	0.03	0.05
L585R	0.02	0.11	0.00	0.23	0.16	0.30	0.06	0.03	0.10
A586D	0.03	0.07	0.00	0.24	0.17	0.36	0.10	0.05	0.09
A586P	0.02	0.07	0.00	0.27	0.17	0.30	0.11	0.04	0.09
M587T	0.02	0.07	0.00	0.26	0.22	0.35	0.12	0.05	0.10
L588P	0.02	0.09	0.00	0.27	0.33	0.32	0.12	0.05	0.13
A589D	0.03	0.07	0.00	0.26	0.29	0.37	0.12	0.06	0.13
E600G	0.05	0.02	0.00	0.26	0.28	0.27	0.09	0.07	0.21
D601G	0.05	0.02	0.00	0.27	0.27	0.29	0.13	0.07	0.19
P603R	0.06	0.02	0.00	0.25	0.27	0.28	0.21	0.06	0.20
L607H	0.10	0.02	0.00	0.24	0.29	0.31	0.21	0.08	0.24
K618A	0.05	0.09	0.00	0.05	0.22	0.05	0.19	0.10	0.16
K618E	0.05	0.09	0.00	0.05	0.21	0.05	0.18	0.09	0.16
K618R	0.05	0.09	0.00	0.05	0.22	0.05	0.18	0.10	0.16
K618T	0.05	0.09	0.00	0.05	0.22	0.05	0.21	0.10	0.16
A619P	0.05	0.10	0.02	0.08	0.24	0.05	0.17	0.13	0.15
L622H	0.04	0.19	0.04	0.25	0.20	0.05	0.23	0.17	0.21
L622P	0.04	0.20	0.03	0.25	0.22	0.05	0.21	0.15	0.22
A623S	0.06	0.19	0.04	0.26	0.19	0.05	0.24	0.16	0.19
F626S	0.07	0.19	0.04	0.26	0.24	0.23	0.22	0.20	0.20
S627T	0.09	0.19	0.03	0.25	0.20	0.06	0.22	0.14	0.17
D631A	0.09	0.14	0.00	0.25	0.22	0.05	0.12	0.15	0.03
N635K	0.09	0.08	0.00	0.25	0.21	0.04	0.14	0.14	0.11
N635S	0.09	0.08	0.00	0.26	0.20	0.04	0.14	0.16	0.03
L636P	0.10	0.09	0.00	0.29	0.24	0.04	0.20	0.15	0.04
P640L	0.05	0.08	0.00	0.28	0.15	0.03	0.15	0.09	0.00
P640S	0.07	0.08	0.00	0.26	0.15	0.03	0.14	0.12	0.01
N645S	0.05	0.10	0.00	0.27	0.16	0.05	0.16	0.05	0.04
Y646C	0.05	0.10	0.00	0.26	0.16	0.05	0.18	0.05	0.07
V647M	0.05	0.10	0.00	0.26	0.18	0.05	0.16	0.05	0.07
P648S	0.07	0.10	0.00	0.27	0.17	0.07	0.16	0.06	0.07
P654L	0.05	0.04	0.00	0.28	0.17	0.07	0.11	0.02	0.10
I655T	0.07	0.06	0.00	0.25	0.18	0.07	0.11	0.02	0.10
I655V	0.05	0.05	0.00	0.25	0.17	0.07	0.11	0.02	0.12
F656S	0.09	0.05	0.00	0.25	0.16	0.10	0.13	0.03	0.11
R659L	0.04	0.04	0.00	0.27	0.09	0.07	0.12	0.02	0.11
R659P	0.05	0.04	0.00	0.28	0.10	0.08	0.12	0.03	0.11
R659Q	0.05	0.04	0.00	0.27	0.10	0.07	0.12	0.03	0.11
T662P	0.05	0.10	0.00	0.26	0.17	0.03	0.15	0.03	0.12
E663D	0.06	0.09	0.00	0.26	0.20	0.03	0.15	0.03	0.10
E663G	0.06	0.09	0.00	0.28	0.20	0.03	0.16	0.02	0.10
W666R	0.14	0.08	0.00	0.27	0.33	0.13	0.16	0.08	0.11
L676P	0.15	0.06	0.00	0.20	0.28	0.12	0.15	0.24	0.06
L676R	0.15	0.05	0.00	0.16	0.27	0.14	0.12	0.27	0.14
S677N	0.11	0.05	0.00	0.16	0.20	0.08	0.09	0.17	0.06
C680G	0.04	0.03	0.00	0.25	0.24	0.05	0.15	0.06	0.18
C680R	0.04	0.03	0.00	0.24	0.24	0.06	0.15	0.06	0.18
A681T	0.02	0.03	0.00	0.25	0.17	0.03	0.15	0.06	0.15
A681V	0.02	0.03	0.00	0.25	0.16	0.03	0.15	0.06	0.15
Y684C	0.02	0.03	0.00	0.25	0.15	0.02	0.20	0.08	0.18
R687W	0.02	0.04	0.00	0.25	0.29	0.04	0.21	0.02	0.18
Q689R	0.03	0.03	0.00	0.24	0.25	0.05	0.20	0.02	0.18
Q701H	0.03	0.00	0.00	0.25	0.26	0.08	0.05	0.01	0.15
Q701K	0.03	0.00	0.00	0.25	0.26	0.07	0.05	0.00	0.26
W712R	0.10	0.04	0.01	0.32	0.28	0.03	0.14	0.07	0.16
V716M	0.10	0.07	0.01	0.28	0.12	0.03	0.15	0.18	0.09
H718P	0.11	0.10	0.01	0.28	0.09	0.03	0.17	0.21	0.11
H718Y	0.10	0.07	0.01	0.28	0.09	0.03	0.23	0.21	0.11
V720G	0.06	0.07	0.01	0.26	0.16	0.04	0.15	0.17	0.13
Y721C	0.05	0.07	0.01	0.25	0.09	0.05	0.17	0.33	0.11
L724M	0.05	0.07	0.00	0.26	0.13	0.06	0.22	0.04	0.11
R725C	0.06	0.07	0.00	0.28	0.16	0.07	0.22	0.04	0.11
R725H	0.06	0.07	0.00	0.28	0.19	0.06	0.22	0.05	0.11
L729V	0.08	0.06	0.00	0.25	0.17	0.08	0.22	0.08	0.17
D737V	0.30	0.09	0.00	0.25	0.18	0.18	0.26	0.28	0.23
L749P	0.25	0.10	0.01	0.28	0.34	0.14	0.29	0.35	0.14
K751R	0.33	0.10	0.01	0.25	0.25	0.09	0.30	0.29	0.14
F753S	0.40	0.13	0.02	0.25	0.50	0.09	0.40	0.27	0.12
R755G	0.28	0.10	0.02	0.25	0.28	0.08	0.36	0.42	0.12
R755W	0.53	0.11	0.02	0.25	0.57	0.08	0.38	0.29	0.13
