0.10	0.01	0.00	0.28	0.34	0.08	0.20	0.04	0.08
0.05	0.02	0.01	0.27	0.16	0.19	0.26	0.03	0.08
0.04	0.03	0.00	0.26	0.30	0.29	0.20	0.35	0.10
0.10	0.01	0.00	0.27	0.20	0.28	0.28	0.03	0.14
0.01	0.02	0.00	0.25	0.12	0.11	0.08	0.03	0.09
0.01	0.02	0.00	0.25	0.12	0.12	0.08	0.03	0.09
0.02	0.04	0.00	0.25	0.22	0.26	0.11	0.11	0.20
0.05	0.04	0.00	0.27	0.20	0.23	0.14	0.04	0.14
0.39	0.16	0.00	0.25	0.47	0.26	0.28	0.22	0.07
0.26	0.20	0.00	0.05	0.18	0.28	0.27	0.25	0.12
0.15	0.11	0.05	0.28	0.16	0.33	0.31	0.13	0.12
0.03	0.02	0.00	0.28	0.06	0.49	0.15	0.01	0.19
0.02	0.02	0.00	0.25	0.07	0.32	0.16	0.01	0.17
0.05	0.06	0.00	0.26	0.16	0.12	0.15	0.05	0.08
0.00	0.03	0.00	0.02	0.13	0.17	0.19	0.01	0.02
0.00	0.02	0.00	0.25	0.18	0.03	0.22	0.01	0.06
0.22	0.18	0.30	0.25	0.23	0.11	0.27	0.23	0.12
0.14	0.13	0.11	0.25	0.23	0.07	0.29	0.17	0.09
0.05	0.09	0.03	0.24	0.08	0.04	0.10	0.23	0.01
0.04	0.09	0.03	0.21	0.08	0.05	0.14	0.19	0.10
0.14	0.45	0.22	0.26	0.25	0.07	0.34	0.28	0.11
0.15	0.21	0.01	0.25	0.15	0.07	0.32	0.20	0.21
0.02	0.08	0.00	0.23	0.16	0.04	0.12	0.13	0.07
0.00	0.00	0.00	0.23	0.18	0.02	0.03	0.01	0.19
0.00	0.01	0.00	0.05	0.06	0.04	0.09	0.00	0.01
0.04	0.05	0.01	0.26	0.34	0.22	0.30	0.07	0.10
0.06	0.03	0.00	0.27	0.25	0.37	0.23	0.06	0.07
0.00	0.00	0.00	0.24	0.32	0.13	0.09	0.05	0.23
0.00	0.00	0.00	0.26	0.24	0.13	0.14	0.05	0.30
0.00	0.00	0.00	0.26	0.20	0.12	0.10	0.05	0.21
0.06	0.03	0.00	0.27	0.15	0.25	0.26	0.08	0.13
0.07	0.00	0.00	0.23	0.36	0.27	0.12	0.02	0.16
0.05	0.08	0.03	0.26	0.26	0.18	0.28	0.09	0.18
0.00	0.01	0.00	0.06	0.09	0.02	0.20	0.00	0.00
0.04	0.03	0.00	0.03	0.15	0.21	0.14	0.02	0.05
0.15	0.15	0.08	0.29	0.35	0.19	0.23	0.24	0.05
0.13	0.13	0.10	0.29	0.14	0.07	0.15	0.23	0.10
0.08	0.18	0.18	0.26	0.31	0.07	0.28	0.08	0.29
0.06	0.20	0.14	0.27	0.24	0.08	0.38	0.24	0.15
0.12	0.12	0.19	0.27	0.09	0.03	0.26	0.26	0.11
0.08	0.02	0.00	0.26	0.39	0.12	0.11	0.11	0.11
