0.19	0.07	0.00	0.26	0.28	0.11	0.25	0.10	0.16
0.00	0.01	0.00	0.26	0.12	0.36	0.11	0.02	0.18
0.00	0.00	0.00	0.28	0.11	0.03	0.06	0.01	0.19
0.00	0.00	0.00	0.25	0.08	0.04	0.06	0.01	0.18
0.02	0.08	0.00	0.19	0.08	0.25	0.14	0.12	0.02
0.01	0.01	0.00	0.02	0.08	0.16	0.17	0.01	0.03
0.05	0.08	0.00	0.23	0.15	0.19	0.20	0.02	0.10
0.16	0.26	0.00	0.29	0.12	0.09	0.28	0.05	0.10
0.21	0.22	0.00	0.24	0.16	0.10	0.26	0.17	0.15
0.28	0.24	0.00	0.26	0.10	0.09	0.27	0.30	0.09
0.09	0.09	0.00	0.25	0.19	0.04	0.19	0.13	0.03
0.20	0.26	0.00	0.25	0.08	0.05	0.27	0.26	0.08
0.22	0.30	0.00	0.27	0.12	0.07	0.34	0.31	0.08
