0.12	0.06	0.00	0.24	0.28	0.32	0.29	0.11	0.23
0.11	0.16	0.00	0.25	0.16	0.06	0.36	0.44	0.13
0.15	0.15	0.00	0.27	0.18	0.11	0.31	0.31	0.13
0.10	0.31	0.00	0.27	0.13	0.21	0.33	0.12	0.01
0.14	0.22	0.00	0.27	0.19	0.19	0.26	0.10	0.08
0.25	0.20	0.00	0.26	0.24	0.10	0.28	0.27	0.15
0.17	0.25	0.00	0.25	0.19	0.30	0.28	0.05	0.10
0.08	0.04	0.00	0.24	0.48	0.31	0.21	0.12	0.22
0.27	0.03	0.00	0.26	0.18	0.53	0.25	0.06	0.23
0.27	0.04	0.00	0.25	0.17	0.42	0.16	0.05	0.11
0.27	0.13	0.00	0.25	0.25	0.14	0.21	0.20	0.08
0.18	0.17	0.00	0.29	0.15	0.44	0.21	0.17	0.11
0.12	0.03	0.00	0.26	0.22	0.36	0.23	0.04	0.25
0.15	0.03	0.00	0.25	0.22	0.17	0.14	0.05	0.25
0.22	0.07	0.00	0.07	0.19	0.83	0.24	0.07	0.17
0.07	0.01	0.00	0.03	0.34	0.39	0.17	0.02	0.08
0.09	0.03	0.00	0.28	0.18	0.27	0.13	0.03	0.18
0.12	0.02	0.00	0.07	0.19	0.27	0.24	0.12	0.16
0.18	0.02	0.00	0.06	0.12	0.11	0.16	0.02	0.09
0.27	0.01	0.00	0.27	0.16	0.18	0.21	0.06	0.15
0.17	0.06	0.00	0.25	0.25	0.08	0.19	0.37	0.20
0.32	0.09	0.00	0.24	0.16	0.18	0.29	0.17	0.12
0.39	0.11	0.00	0.26	0.25	0.15	0.31	0.39	0.12
0.31	0.04	0.00	0.25	0.26	0.12	0.30	0.11	0.11
