0.03	0.01	0.00	0.25	0.27	0.09	0.31	0.06	0.08
0.19	0.03	0.00	0.25	0.18	0.20	0.32	0.17	0.26
0.23	0.04	0.00	0.26	0.18	0.26	0.32	0.19	0.27
0.34	0.03	0.00	0.25	0.94	0.18	0.39	0.51	0.49
0.09	0.02	0.00	0.25	0.27	0.09	0.19	0.27	0.13
0.23	0.04	0.00	0.26	0.22	0.22	0.30	0.18	0.24
0.18	0.03	0.00	0.25	0.23	0.19	0.21	0.09	0.18
0.22	0.02	0.00	0.27	0.14	0.12	0.30	0.05	0.20
0.20	0.05	0.00	0.26	0.16	0.11	0.27	0.05	0.22
0.15	0.05	0.00	0.26	0.40	0.17	0.47	0.43	0.36
0.26	0.01	0.00	0.27	0.13	0.23	0.32	0.24	0.21
0.30	0.03	0.00	0.26	0.22	0.25	0.25	0.55	0.20
0.22	0.05	0.00	0.26	0.35	0.26	0.31	0.29	0.18
0.27	0.02	0.00	0.25	0.25	0.27	0.31	0.29	0.14
0.10	0.02	0.00	0.26	0.28	0.15	0.25	0.23	0.07
0.26	0.04	0.00	0.25	0.26	0.25	0.27	0.26	0.19
0.25	0.01	0.00	0.26	0.18	0.20	0.28	0.29	0.13
0.15	0.03	0.00	0.26	0.11	0.21	0.34	0.20	0.27
0.04	0.05	0.00	0.25	0.16	0.34	0.27	0.07	0.13
0.12	0.10	0.00	0.24	0.13	0.27	0.26	0.07	0.16
0.10	0.04	0.00	0.23	0.25	0.09	0.41	0.06	0.19
