0.29	0.11	0.03	0.25	0.23	0.25	0.30	0.26	0.14
0.21	0.06	0.05	0.25	0.19	0.20	0.27	0.26	0.17
0.20	0.03	0.00	0.25	0.13	0.20	0.28	0.23	0.21
0.05	0.04	0.00	0.25	0.23	0.07	0.30	0.06	0.25
0.15	0.02	0.01	0.27	0.28	0.11	0.42	0.29	0.25
0.14	0.01	0.00	0.26	0.75	0.27	0.25	0.05	0.37
0.20	0.06	0.13	0.27	0.22	0.20	0.27	0.35	0.26
0.05	0.02	0.00	0.26	0.20	0.29	0.27	0.02	0.22
0.07	0.01	0.00	0.25	0.19	0.10	0.15	0.12	0.10
0.18	0.04	0.05	0.25	0.14	0.17	0.32	0.25	0.08
0.31	0.03	0.00	0.31	0.18	0.19	0.36	0.20	0.24
0.04	0.03	0.00	0.25	0.12	0.14	0.25	0.06	0.11
0.20	0.00	0.00	0.25	0.70	0.14	0.27	0.12	0.62
0.28	0.03	0.01	0.24	0.15	0.24	0.31	0.43	0.21
0.25	0.04	0.01	0.26	0.19	0.20	0.30	0.26	0.16
0.21	0.00	0.00	0.23	0.12	0.12	0.50	0.16	0.29
0.17	0.02	0.01	0.25	0.30	0.19	0.29	0.20	0.20
0.31	0.05	0.02	0.26	0.27	0.24	0.29	0.27	0.13
0.13	0.01	0.01	0.24	0.24	0.09	0.30	0.17	0.18
0.15	0.00	0.00	0.26	0.18	0.30	0.22	0.06	0.23
0.00	0.01	0.00	0.27	0.12	0.09	0.19	0.01	0.04
