0.00	0.00	0.00	0.03	0.23	0.01	0.11	0.00	0.20
0.01	0.00	0.00	0.02	0.42	0.04	0.11	0.01	0.19
0.03	0.00	0.00	0.25	0.22	0.17	0.14	0.01	0.10
0.03	0.00	0.00	0.19	0.27	0.02	0.08	0.01	0.18
0.00	0.00	0.00	0.04	0.23	0.02	0.04	0.00	0.09
0.00	0.00	0.00	0.02	0.15	0.01	0.09	0.00	0.10
0.02	0.00	0.00	0.02	0.29	0.03	0.05	0.00	0.11
0.02	0.01	0.00	0.02	0.23	0.18	0.06	0.00	0.30
0.00	0.00	0.00	0.02	0.17	0.01	0.11	0.00	0.15
0.00	0.00	0.00	0.27	0.35	0.02	0.04	0.00	0.35
0.03	0.00	0.00	0.30	0.27	0.36	0.08	0.00	0.08
0.00	0.00	0.00	0.05	0.22	0.01	0.08	0.00	0.12
0.06	0.20	0.00	0.27	0.20	0.13	0.18	0.05	0.12
