0.02	0.01	0.00	0.25	0.25	0.06	0.23	0.05	0.07
0.07	0.02	0.00	0.24	0.33	0.03	0.22	0.06	0.22
0.04	0.03	0.00	0.27	0.23	0.14	0.25	0.13	0.20
0.03	0.01	0.00	0.26	0.21	0.08	0.16	0.02	0.19
0.04	0.00	0.00	0.26	0.28	0.19	0.12	0.03	0.10
0.01	0.00	0.00	0.24	0.20	0.05	0.13	0.01	0.41
0.02	0.00	0.00	0.25	0.26	0.07	0.11	0.03	0.30
0.02	0.00	0.00	0.23	0.26	0.10	0.04	0.02	0.37
0.00	0.00	0.00	0.26	0.29	0.09	0.18	0.02	0.10
0.03	0.00	0.00	0.23	0.30	0.06	0.11	0.02	0.16
0.02	0.02	0.00	0.24	0.29	0.12	0.06	0.01	0.22
0.02	0.02	0.00	0.24	0.30	0.13	0.07	0.01	0.22
0.03	0.00	0.00	0.22	0.32	0.08	0.11	0.02	0.37
0.03	0.00	0.00	0.25	0.41	0.04	0.18	0.01	0.20
0.06	0.00	0.00	0.26	0.17	0.17	0.17	0.01	0.18
0.06	0.00	0.00	0.26	0.21	0.17	0.23	0.01	0.15
0.00	0.00	0.00	0.23	0.36	0.06	0.24	0.01	0.16
0.05	0.01	0.00	0.19	0.63	0.06	0.29	0.01	0.13
0.00	0.01	0.00	0.22	0.36	0.02	0.23	0.02	0.25
0.03	0.01	0.00	0.30	0.30	0.04	0.19	0.15	0.21
0.00	0.04	0.00	0.27	0.29	0.02	0.21	0.01	0.14
0.02	0.02	0.00	0.23	0.15	0.04	0.29	0.01	0.27
0.05	0.02	0.00	0.25	0.30	0.06	0.25	0.01	0.14
0.06	0.03	0.00	0.26	0.14	0.01	0.27	0.20	0.12
0.01	0.08	0.00	0.26	0.26	0.01	0.16	0.21	0.04
0.01	0.06	0.00	0.24	0.31	0.04	0.21	0.04	0.17
0.00	0.03	0.00	0.25	0.60	0.02	0.22	0.04	0.16
0.00	0.00	0.00	0.33	0.27	0.01	0.18	0.01	0.12
0.00	0.00	0.00	0.24	0.31	0.01	0.23	0.01	0.28
0.00	0.02	0.00	0.24	0.23	0.01	0.21	0.01	0.26
0.01	0.00	0.00	0.30	0.24	0.01	0.22	0.01	0.26
0.07	0.02	0.00	0.23	0.34	0.03	0.12	0.02	0.24
0.04	0.02	0.00	0.25	0.33	0.04	0.23	0.07	0.17
0.03	0.00	0.00	0.28	0.19	0.02	0.21	0.12	0.23
0.02	0.00	0.00	0.26	0.28	0.05	0.26	0.02	0.16
0.00	0.00	0.00	0.31	0.25	0.01	0.48	0.00	0.27
0.00	0.02	0.00	0.26	0.49	0.02	0.18	0.01	0.17
0.06	0.19	0.00	0.26	0.28	0.05	0.35	0.06	0.26
0.13	0.08	0.00	0.26	0.26	0.10	0.24	0.08	0.19
0.01	0.00	0.00	0.25	0.25	0.02	0.16	0.01	0.31
0.02	0.01	0.00	0.30	0.30	0.02	0.17	0.00	0.24
0.02	0.06	0.00	0.05	0.27	0.07	0.32	0.02	0.20
0.00	0.01	0.00	0.26	0.25	0.11	0.22	0.00	0.11
