0.06	0.03	0.00	0.28	0.30	0.18	0.34	0.22	0.17
0.26	0.04	0.06	0.25	0.18	0.15	0.28	0.31	0.02
0.22	0.07	0.00	0.26	0.27	0.07	0.14	0.18	0.13
0.28	0.10	0.04	0.26	0.15	0.13	0.30	0.23	0.13
0.27	0.15	0.04	0.30	0.16	0.07	0.27	0.23	0.18
0.21	0.07	0.00	0.25	0.32	0.07	0.34	0.24	0.19
0.27	0.14	0.06	0.28	0.22	0.04	0.26	0.22	0.12
0.10	0.01	0.00	0.28	0.31	0.10	0.22	0.08	0.21
0.01	0.01	0.00	0.29	0.26	0.26	0.17	0.01	0.16
0.00	0.01	0.00	0.26	0.28	0.01	0.06	0.00	0.13
0.00	0.01	0.00	0.27	0.25	0.01	0.06	0.00	0.17
0.00	0.02	0.00	0.26	0.28	0.01	0.06	0.01	0.23
0.12	0.06	0.00	0.26	0.14	0.12	0.23	0.02	0.23
0.15	0.09	0.02	0.26	0.14	0.04	0.15	0.13	0.24
0.08	0.16	0.00	0.25	0.18	0.13	0.19	0.14	0.15
0.01	0.02	0.00	0.26	0.28	0.18	0.26	0.04	0.20
0.02	0.00	0.00	0.22	0.27	0.02	0.15	0.01	0.22
0.00	0.00	0.00	0.25	0.25	0.03	0.12	0.01	0.06
0.00	0.00	0.00	0.22	0.22	0.02	0.06	0.01	0.17
0.00	0.00	0.00	0.25	0.20	0.01	0.06	0.01	0.23
0.00	0.00	0.00	0.19	0.18	0.01	0.14	0.00	0.30
0.00	0.01	0.00	0.31	0.21	0.04	0.11	0.01	0.28
0.00	0.00	0.00	0.29	0.27	0.01	0.18	0.01	0.28
0.00	0.00	0.00	0.20	0.13	0.01	0.33	0.00	0.31
0.00	0.00	0.00	0.26	0.15	0.02	0.22	0.04	0.29
0.00	0.00	0.00	0.27	0.26	0.03	0.06	0.03	0.20
0.01	0.00	0.00	0.29	0.21	0.07	0.10	0.01	0.57
0.00	0.00	0.00	0.26	0.29	0.01	0.12	0.00	0.25
0.00	0.00	0.00	0.25	0.23	0.02	0.36	0.01	0.20
0.00	0.00	0.00	0.26	0.21	0.03	0.17	0.12	0.15
0.10	0.02	0.00	0.28	0.25	0.05	0.21	0.04	0.26
