0.04	0.03	0.00	0.27	0.54	0.02	0.28	0.03	0.12
0.03	0.03	0.00	0.27	0.42	0.02	0.34	0.03	0.13
0.01	0.01	0.00	0.25	0.23	0.02	0.27	0.02	0.08
0.02	0.01	0.00	0.25	0.22	0.02	0.24	0.04	0.26
0.03	0.01	0.00	0.27	0.33	0.27	0.24	0.03	0.19
0.00	0.02	0.00	0.25	0.16	0.03	0.19	0.00	0.25
0.00	0.02	0.00	0.24	0.17	0.03	0.15	0.00	0.22
0.03	0.02	0.00	0.23	0.31	0.02	0.19	0.02	0.13
0.00	0.02	0.00	0.25	0.26	0.02	0.28	0.01	0.20
0.12	0.04	0.00	0.25	0.18	0.37	0.39	0.01	0.13
0.00	0.00	0.00	0.21	0.30	0.01	0.28	0.00	0.20
0.00	0.00	0.00	0.31	0.21	0.91	0.29	0.00	0.13
0.00	0.00	0.00	0.25	0.20	0.05	0.04	0.03	0.15
0.00	0.00	0.00	0.26	0.23	0.02	0.12	0.01	0.15
0.01	0.00	0.00	0.32	0.22	0.01	0.18	0.02	0.23
0.00	0.02	0.00	0.26	0.38	0.02	0.31	0.02	0.15
0.00	0.02	0.00	0.27	0.24	0.02	0.28	0.02	0.16
0.00	0.01	0.00	0.23	0.28	0.02	0.17	0.03	0.15
0.03	0.05	0.00	0.26	0.37	0.06	0.08	0.04	0.18
0.03	0.12	0.00	0.28	0.19	0.04	0.11	0.07	0.10
0.04	0.11	0.00	0.28	0.21	0.04	0.13	0.11	0.10
0.06	0.11	0.00	0.27	0.21	0.07	0.13	0.11	0.08
0.19	0.07	0.00	0.27	0.14	0.26	0.12	0.17	0.09
0.18	0.07	0.00	0.25	0.12	0.77	0.12	0.03	0.09
0.04	0.08	0.00	0.24	0.61	0.08	0.15	0.11	0.03
0.07	0.12	0.00	0.27	0.17	0.08	0.17	0.09	0.07
0.04	0.03	0.00	0.25	0.32	0.04	0.26	0.05	0.26
0.01	0.02	0.00	0.27	0.29	0.04	0.27	0.04	0.17
0.00	0.00	0.00	0.25	0.31	0.04	0.35	0.01	0.19
0.00	0.00	0.00	0.25	0.32	0.04	0.04	0.01	0.15
0.00	0.00	0.00	0.25	0.48	0.02	0.07	0.03	0.15
0.00	0.00	0.00	0.26	0.24	0.02	0.07	0.02	0.15
0.00	0.01	0.00	0.26	0.21	0.02	0.29	0.01	0.43
0.02	0.02	0.00	0.26	0.24	0.02	0.25	0.02	0.47
0.02	0.01	0.00	0.24	0.26	0.06	0.48	0.02	0.27
0.02	0.00	0.00	0.25	0.17	0.06	0.37	0.03	0.21
0.02	0.00	0.00	0.25	0.21	0.07	0.27	0.03	0.26
0.00	0.00	0.00	0.23	0.26	0.02	0.19	0.01	0.15
0.00	0.00	0.00	0.24	0.26	0.02	0.18	0.01	0.31
0.01	0.03	0.00	0.23	0.51	0.05	0.18	0.01	0.43
0.02	0.00	0.00	0.25	0.28	0.03	0.13	0.06	0.28
0.00	0.00	0.00	0.26	0.26	0.04	0.14	0.03	0.25
0.00	0.00	0.00	0.26	0.25	0.03	0.13	0.03	0.27
0.02	0.00	0.00	0.26	0.26	0.02	0.42	0.01	0.56
0.02	0.00	0.00	0.25	0.25	0.13	0.06	0.03	0.25
0.02	0.00	0.00	0.28	0.26	0.13	0.07	0.03	0.25
0.00	0.00	0.00	0.24	0.34	0.02	0.09	0.00	0.13
0.00	0.00	0.00	0.24	0.19	0.02	0.10	0.00	0.32
0.00	0.00	0.00	0.24	0.52	0.02	0.15	0.00	0.13
0.00	0.00	0.00	0.26	0.30	0.02	0.35	0.00	0.31
0.00	0.00	0.00	0.28	0.17	0.02	0.08	0.00	0.21
0.00	0.00	0.00	0.23	0.23	0.03	0.17	0.01	0.25
0.00	0.00	0.00	0.26	0.30	0.02	0.12	0.00	0.50
0.00	0.00	0.00	0.28	0.25	0.01	0.13	0.01	0.25
0.00	0.00	0.00	0.28	0.24	0.01	0.12	0.01	0.27
0.00	0.00	0.00	0.26	0.24	0.01	0.17	0.01	0.38
0.00	0.00	0.00	0.25	0.13	0.01	0.26	0.01	0.24
0.00	0.00	0.00	0.26	0.25	0.03	0.10	0.00	0.21
0.00	0.00	0.00	0.25	0.28	0.04	0.13	0.01	0.22
0.00	0.00	0.00	0.26	0.29	0.04	0.28	0.02	0.29
0.00	0.00	0.00	0.26	0.28	0.03	0.15	0.01	0.08
0.00	0.00	0.00	0.26	0.27	0.03	0.12	0.01	0.17
0.00	0.00	0.00	0.25	0.25	0.03	0.10	0.01	0.18
0.00	0.00	0.00	0.27	0.25	0.02	0.30	0.03	0.25
0.00	0.00	0.00	0.27	0.24	0.02	0.26	0.00	0.21
0.00	0.00	0.00	0.25	0.28	0.02	0.19	0.00	0.25
0.00	0.00	0.00	0.23	0.18	0.02	0.25	0.00	0.26
0.00	0.01	0.00	0.26	0.34	0.03	0.09	0.01	0.30
0.00	0.01	0.00	0.25	0.35	0.03	0.17	0.01	0.27
0.00	0.00	0.00	0.26	0.20	0.02	0.14	0.00	0.26
0.00	0.00	0.00	0.26	0.19	0.02	0.11	0.00	0.25
0.00	0.00	0.00	0.23	0.22	0.02	0.10	0.00	0.27
0.00	0.00	0.00	0.22	0.25	0.02	0.11	0.00	0.31
0.00	0.00	0.00	0.20	0.27	0.02	0.09	0.00	0.31
0.00	0.02	0.00	0.28	0.28	0.02	0.29	0.09	0.25
0.00	0.00	0.00	0.28	0.24	0.11	0.26	0.00	0.23
0.00	0.00	0.00	0.26	0.30	0.11	0.20	0.00	0.28
0.00	0.00	0.00	0.25	0.22	0.02	0.27	0.00	0.26
0.00	0.00	0.00	0.24	0.33	0.05	0.25	0.00	0.48
0.01	0.00	0.00	0.24	0.26	0.04	0.27	0.00	0.26
0.01	0.00	0.00	0.27	0.45	0.05	0.28	0.01	0.60
0.02	0.00	0.00	0.24	0.28	0.07	0.20	0.01	0.26
0.02	0.00	0.00	0.26	0.26	0.07	0.18	0.35	0.42
0.02	0.00	0.00	0.25	0.29	0.07	0.18	0.30	0.44
0.01	0.00	0.00	0.22	0.23	0.03	0.18	0.03	0.44
0.00	0.00	0.00	0.27	0.15	0.39	0.27	0.00	0.24
0.00	0.00	0.00	0.24	0.20	0.02	0.41	0.00	0.21
0.00	0.00	0.00	0.20	0.15	0.02	0.25	0.01	0.50
0.00	0.00	0.00	0.34	0.25	0.02	0.22	0.01	0.30
0.00	0.00	0.00	0.26	0.22	0.02	0.23	0.01	0.29
0.00	0.00	0.00	0.24	0.20	0.03	0.35	0.03	0.43
0.00	0.01	0.00	0.22	0.28	0.06	0.27	0.00	0.26
0.00	0.00	0.00	0.24	0.24	0.06	0.15	0.00	0.22
0.00	0.00	0.00	0.26	0.30	0.05	0.25	0.02	0.20
0.00	0.00	0.00	0.26	0.24	0.04	0.29	0.00	0.53
0.03	0.00	0.00	0.28	0.23	0.03	0.63	0.01	0.32
0.00	0.00	0.00	0.24	0.18	0.02	0.40	0.00	0.46
0.00	0.00	0.00	0.25	0.19	0.02	0.38	0.01	0.19
0.00	0.00	0.00	0.26	0.16	0.02	0.37	0.01	0.19
0.00	0.00	0.00	0.24	0.15	0.02	0.33	0.01	0.18
0.00	0.00	0.00	0.26	0.15	0.02	0.30	0.01	0.18
0.00	0.00	0.00	0.25	0.27	0.02	0.17	0.01	0.28
0.00	0.00	0.00	0.26	0.21	0.01	0.27	0.01	0.46
0.00	0.00	0.00	0.26	0.20	0.02	0.37	0.00	0.28
0.00	0.00	0.00	0.27	0.21	0.01	0.36	0.00	0.66
0.00	0.00	0.00	0.27	0.19	0.01	0.20	0.00	0.43
0.00	0.00	0.00	0.27	0.21	0.01	0.25	0.00	0.28
0.00	0.00	0.00	0.22	0.19	0.01	0.23	0.00	0.18
0.00	0.00	0.00	0.25	0.20	0.02	0.55	0.00	0.48
0.00	0.00	0.00	0.26	0.27	0.02	0.23	0.01	0.32
0.00	0.00	0.00	0.24	0.26	0.03	0.21	0.01	0.33
0.00	0.00	0.00	0.24	0.25	0.02	0.15	0.01	0.28
0.00	0.00	0.00	0.26	0.26	0.02	0.27	0.00	0.72
0.00	0.00	0.00	0.29	0.22	0.02	0.13	0.00	0.27
0.00	0.00	0.00	0.24	0.22	0.02	0.16	0.00	0.23
0.00	0.00	0.00	0.26	0.24	0.03	0.25	0.01	0.45
0.00	0.00	0.00	0.25	0.25	0.03	0.24	0.01	0.26
0.00	0.00	0.00	0.24	0.26	0.02	0.32	0.03	0.33
0.00	0.00	0.00	0.27	0.27	0.02	0.14	0.02	0.33
0.00	0.00	0.00	0.25	0.16	0.04	0.44	0.00	0.22
0.01	0.00	0.00	0.23	0.31	0.10	0.10	0.02	0.14
0.01	0.00	0.00	0.24	0.48	0.08	0.10	0.02	0.14
0.00	0.00	0.00	0.24	0.16	0.03	0.21	0.00	0.27
0.01	0.00	0.00	0.29	0.26	0.04	0.19	0.06	0.21
0.00	0.02	0.00	0.21	0.22	0.06	0.19	0.01	0.48
0.00	0.00	0.00	0.26	0.23	0.04	0.17	0.01	0.41
0.00	0.00	0.00	0.26	0.24	0.04	0.17	0.01	0.27
0.02	0.01	0.00	0.32	0.33	0.02	0.19	0.02	0.33
0.03	0.00	0.00	0.26	0.25	0.08	0.29	0.03	0.41
0.03	0.00	0.00	0.27	0.24	0.07	0.37	0.03	0.36
0.02	0.00	0.00	0.22	0.31	0.03	0.30	0.01	0.24
0.02	0.00	0.00	0.23	0.25	0.03	0.29	0.01	0.26
0.00	0.00	0.00	0.24	0.23	0.03	0.17	0.01	0.43
