# Variant	Relative_solvent_accessibility	Allosteric_site	Catalytic_site	Altered Secondary_structure	Altered Stability_and_conformational_flexibility	Altered Special_structural_signatures	Altered Macromolecular_binding	Altered Metal_binding	Altered PTM_site
M18I	0.04	0.03	0.00	0.27	0.54	0.02	0.28	0.03	0.12
M18V	0.03	0.03	0.00	0.27	0.42	0.02	0.34	0.03	0.13
E26Q	0.01	0.01	0.00	0.25	0.23	0.02	0.27	0.02	0.08
N32D	0.02	0.01	0.00	0.25	0.22	0.02	0.24	0.04	0.26
R71S	0.03	0.01	0.00	0.27	0.33	0.27	0.24	0.03	0.19
R121I	0.00	0.02	0.00	0.25	0.16	0.03	0.19	0.00	0.25
G122V	0.00	0.02	0.00	0.24	0.17	0.03	0.15	0.00	0.22
R141S	0.03	0.02	0.00	0.23	0.31	0.02	0.19	0.02	0.13
Y158F	0.00	0.02	0.00	0.25	0.26	0.02	0.28	0.01	0.20
I169V	0.12	0.04	0.00	0.25	0.18	0.37	0.39	0.01	0.13
Q222L	0.00	0.00	0.00	0.21	0.30	0.01	0.28	0.00	0.20
A239P	0.00	0.00	0.00	0.31	0.21	0.91	0.29	0.00	0.13
H255R	0.00	0.00	0.00	0.25	0.20	0.05	0.04	0.03	0.15
M271L	0.00	0.00	0.00	0.26	0.23	0.02	0.12	0.01	0.15
H307L	0.01	0.00	0.00	0.32	0.22	0.01	0.18	0.02	0.23
M321V	0.00	0.02	0.00	0.26	0.38	0.02	0.31	0.02	0.15
G323A	0.00	0.02	0.00	0.27	0.24	0.02	0.28	0.02	0.16
D329G	0.00	0.01	0.00	0.23	0.28	0.02	0.17	0.03	0.15
Q433L	0.03	0.05	0.00	0.26	0.37	0.06	0.08	0.04	0.18
L456F	0.03	0.12	0.00	0.28	0.19	0.04	0.11	0.07	0.10
D459G	0.04	0.11	0.00	0.28	0.21	0.04	0.13	0.11	0.10
H464R	0.06	0.11	0.00	0.27	0.21	0.07	0.13	0.11	0.08
G524A	0.19	0.07	0.00	0.27	0.14	0.26	0.12	0.17	0.09
M526V	0.18	0.07	0.00	0.25	0.12	0.77	0.12	0.03	0.09
I632T	0.04	0.08	0.00	0.24	0.61	0.08	0.15	0.11	0.03
D651G	0.07	0.12	0.00	0.27	0.17	0.08	0.17	0.09	0.07
L749M	0.04	0.03	0.00	0.25	0.32	0.04	0.26	0.05	0.26
R805G	0.01	0.02	0.00	0.27	0.29	0.04	0.27	0.04	0.17
V821I	0.00	0.00	0.00	0.25	0.31	0.04	0.35	0.01	0.19
S906A	0.00	0.00	0.00	0.25	0.32	0.04	0.04	0.01	0.15
S908C	0.00	0.00	0.00	0.25	0.48	0.02	0.07	0.03	0.15
T909A	0.00	0.00	0.00	0.26	0.24	0.02	0.07	0.02	0.15
S948C	0.00	0.01	0.00	0.26	0.21	0.02	0.29	0.01	0.43
S970N	0.02	0.02	0.00	0.26	0.24	0.02	0.25	0.02	0.47
I1025V	0.02	0.01	0.00	0.24	0.26	0.06	0.48	0.02	0.27
I1056V	0.02	0.00	0.00	0.25	0.17	0.06	0.37	0.03	0.21
K1061R	0.02	0.00	0.00	0.25	0.21	0.07	0.27	0.03	0.26
F1093L	0.00	0.00	0.00	0.23	0.26	0.02	0.19	0.01	0.15
E1097K	0.00	0.00	0.00	0.24	0.26	0.02	0.18	0.01	0.31
R1103W	0.01	0.03	0.00	0.23	0.51	0.05	0.18	0.01	0.43
E1136A	0.02	0.00	0.00	0.25	0.28	0.03	0.13	0.06	0.28
P1140R	0.00	0.00	0.00	0.26	0.26	0.04	0.14	0.03	0.25
N1142K	0.00	0.00	0.00	0.26	0.25	0.03	0.13	0.03	0.27
I1187T	0.02	0.00	0.00	0.26	0.26	0.02	0.42	0.01	0.56
M1211V	0.02	0.00	0.00	0.25	0.25	0.13	0.06	0.03	0.25
S1215N	0.02	0.00	0.00	0.28	0.26	0.13	0.07	0.03	0.25
T1248I	0.00	0.00	0.00	0.24	0.34	0.02	0.09	0.00	0.13
K1250R	0.00	0.00	0.00	0.24	0.19	0.02	0.10	0.00	0.32
S1252F	0.00	0.00	0.00	0.24	0.52	0.02	0.15	0.00	0.13
E1309G	0.00	0.00	0.00	0.26	0.30	0.02	0.35	0.00	0.31
P1324A	0.00	0.00	0.00	0.28	0.17	0.02	0.08	0.00	0.21
G1339D	0.00	0.00	0.00	0.23	0.23	0.03	0.17	0.01	0.25
P1361L	0.00	0.00	0.00	0.26	0.30	0.02	0.12	0.00	0.50
E1374K	0.00	0.00	0.00	0.28	0.25	0.01	0.13	0.01	0.25
H1375R	0.00	0.00	0.00	0.28	0.24	0.01	0.12	0.01	0.27
Y1376C	0.00	0.00	0.00	0.26	0.24	0.01	0.17	0.01	0.38
T1380I	0.00	0.00	0.00	0.25	0.13	0.01	0.26	0.01	0.24
Q1469E	0.00	0.00	0.00	0.26	0.25	0.03	0.10	0.00	0.21
H1490R	0.00	0.00	0.00	0.25	0.28	0.04	0.13	0.01	0.22
P1514S	0.00	0.00	0.00	0.26	0.29	0.04	0.28	0.02	0.29
N1531H	0.00	0.00	0.00	0.26	0.28	0.03	0.15	0.01	0.08
D1532N	0.00	0.00	0.00	0.26	0.27	0.03	0.12	0.01	0.17
N1533D	0.00	0.00	0.00	0.25	0.25	0.03	0.10	0.01	0.18
I1572F	0.00	0.00	0.00	0.27	0.25	0.02	0.30	0.03	0.25
K1586M	0.00	0.00	0.00	0.27	0.24	0.02	0.26	0.00	0.21
A1595P	0.00	0.00	0.00	0.25	0.28	0.02	0.19	0.00	0.25
S1610G	0.00	0.00	0.00	0.23	0.18	0.02	0.25	0.00	0.26
S1631C	0.00	0.01	0.00	0.26	0.34	0.03	0.09	0.01	0.30
I1662M	0.00	0.01	0.00	0.25	0.35	0.03	0.17	0.01	0.27
P1691L	0.00	0.00	0.00	0.26	0.20	0.02	0.14	0.00	0.26
P1691T	0.00	0.00	0.00	0.26	0.19	0.02	0.11	0.00	0.25
T1697A	0.00	0.00	0.00	0.23	0.22	0.02	0.10	0.00	0.27
G1702R	0.00	0.00	0.00	0.22	0.25	0.02	0.11	0.00	0.31
T1705S	0.00	0.00	0.00	0.20	0.27	0.02	0.09	0.00	0.31
A1731G	0.00	0.02	0.00	0.28	0.28	0.02	0.29	0.09	0.25
Q1752L	0.00	0.00	0.00	0.28	0.24	0.11	0.26	0.00	0.23
S1756F	0.00	0.00	0.00	0.26	0.30	0.11	0.20	0.00	0.28
E1802D	0.00	0.00	0.00	0.25	0.22	0.02	0.27	0.00	0.26
S1820A	0.00	0.00	0.00	0.24	0.33	0.05	0.25	0.00	0.48
V1822G	0.01	0.00	0.00	0.24	0.26	0.04	0.27	0.00	0.26
N1829Y	0.01	0.00	0.00	0.27	0.45	0.05	0.28	0.01	0.60
R1835G	0.02	0.00	0.00	0.24	0.28	0.07	0.20	0.01	0.26
P1843S	0.02	0.00	0.00	0.26	0.26	0.07	0.18	0.35	0.42
P1843T	0.02	0.00	0.00	0.25	0.29	0.07	0.18	0.30	0.44
R1876S	0.01	0.00	0.00	0.22	0.23	0.03	0.18	0.03	0.44
K1915E	0.00	0.00	0.00	0.27	0.15	0.39	0.27	0.00	0.24
T1932I	0.00	0.00	0.00	0.24	0.20	0.02	0.41	0.00	0.21
H2013Y	0.00	0.00	0.00	0.20	0.15	0.02	0.25	0.01	0.50
N2024S	0.00	0.00	0.00	0.34	0.25	0.02	0.22	0.01	0.30
I2032V	0.00	0.00	0.00	0.26	0.22	0.02	0.23	0.01	0.29
C2042R	0.00	0.00	0.00	0.24	0.20	0.03	0.35	0.03	0.43
K2049E	0.00	0.01	0.00	0.22	0.28	0.06	0.27	0.00	0.26
R2066G	0.00	0.00	0.00	0.24	0.24	0.06	0.15	0.00	0.22
N2098K	0.00	0.00	0.00	0.26	0.30	0.05	0.25	0.02	0.20
T2151I	0.00	0.00	0.00	0.26	0.24	0.04	0.29	0.00	0.53
E2184K	0.03	0.00	0.00	0.28	0.23	0.03	0.63	0.01	0.32
K2202T	0.00	0.00	0.00	0.24	0.18	0.02	0.40	0.00	0.46
R2226G	0.00	0.00	0.00	0.25	0.19	0.02	0.38	0.01	0.19
G2227V	0.00	0.00	0.00	0.26	0.16	0.02	0.37	0.01	0.19
M2230V	0.00	0.00	0.00	0.24	0.15	0.02	0.33	0.01	0.18
I2231F	0.00	0.00	0.00	0.26	0.15	0.02	0.30	0.01	0.18
G2264C	0.00	0.00	0.00	0.25	0.27	0.02	0.17	0.01	0.28
S2270F	0.00	0.00	0.00	0.26	0.21	0.01	0.27	0.01	0.46
T2289I	0.00	0.00	0.00	0.26	0.20	0.02	0.37	0.00	0.28
S2290F	0.00	0.00	0.00	0.27	0.21	0.01	0.36	0.00	0.66
P2320S	0.00	0.00	0.00	0.27	0.19	0.01	0.20	0.00	0.43
M2373R	0.00	0.00	0.00	0.27	0.21	0.01	0.25	0.00	0.28
Q2381H	0.00	0.00	0.00	0.22	0.19	0.01	0.23	0.00	0.18
S2389I	0.00	0.00	0.00	0.25	0.20	0.02	0.55	0.00	0.48
N2405T	0.00	0.00	0.00	0.26	0.27	0.02	0.23	0.01	0.32
K2412R	0.00	0.00	0.00	0.24	0.26	0.03	0.21	0.01	0.33
S2425G	0.00	0.00	0.00	0.24	0.25	0.02	0.15	0.01	0.28
S2464Y	0.00	0.00	0.00	0.26	0.26	0.02	0.27	0.00	0.72
S2487P	0.00	0.00	0.00	0.29	0.22	0.02	0.13	0.00	0.27
Q2500E	0.00	0.00	0.00	0.24	0.22	0.02	0.16	0.00	0.23
R2530Q	0.00	0.00	0.00	0.26	0.24	0.03	0.25	0.01	0.45
S2531A	0.00	0.00	0.00	0.25	0.25	0.03	0.24	0.01	0.26
S2552C	0.00	0.00	0.00	0.24	0.26	0.02	0.32	0.03	0.33
K2585T	0.00	0.00	0.00	0.27	0.27	0.02	0.14	0.02	0.33
T2611I	0.00	0.00	0.00	0.25	0.16	0.04	0.44	0.00	0.22
V2630A	0.01	0.00	0.00	0.23	0.31	0.10	0.10	0.02	0.14
S2631F	0.01	0.00	0.00	0.24	0.48	0.08	0.10	0.02	0.14
P2649S	0.00	0.00	0.00	0.24	0.16	0.03	0.21	0.00	0.27
D2663G	0.01	0.00	0.00	0.29	0.26	0.04	0.19	0.06	0.21
N2678S	0.00	0.02	0.00	0.21	0.22	0.06	0.19	0.01	0.48
P2745S	0.00	0.00	0.00	0.26	0.23	0.04	0.17	0.01	0.41
P2745T	0.00	0.00	0.00	0.26	0.24	0.04	0.17	0.01	0.27
S2764C	0.02	0.01	0.00	0.32	0.33	0.02	0.19	0.02	0.33
S2794R	0.03	0.00	0.00	0.26	0.25	0.08	0.29	0.03	0.41
S2799L	0.03	0.00	0.00	0.27	0.24	0.07	0.37	0.03	0.36
T2813K	0.02	0.00	0.00	0.22	0.31	0.03	0.30	0.01	0.24
K2814E	0.02	0.00	0.00	0.23	0.25	0.03	0.29	0.01	0.26
P2831L	0.00	0.00	0.00	0.24	0.23	0.03	0.17	0.01	0.43
