0.30	0.05	0.06	0.27	0.25	0.24	0.19	0.16	0.21
0.36	0.10	0.07	0.35	0.22	0.31	0.24	0.31	0.21
0.31	0.12	0.01	0.25	0.20	0.26	0.25	0.28	0.25
0.31	0.12	0.06	0.26	0.26	0.15	0.26	0.25	0.15
0.23	0.24	0.11	0.24	0.24	0.07	0.26	0.21	0.26
0.19	0.20	0.11	0.12	0.18	0.07	0.31	0.27	0.04
0.32	0.19	0.14	0.26	0.16	0.31	0.33	0.40	0.06
0.25	0.07	0.12	0.25	0.28	0.20	0.28	0.19	0.17
0.20	0.04	0.00	0.26	0.24	0.26	0.13	0.07	0.13
0.16	0.05	0.11	0.24	0.17	0.27	0.21	0.05	0.16
0.15	0.06	0.00	0.26	0.21	0.30	0.25	0.10	0.17
0.02	0.00	0.00	0.29	0.28	0.17	0.18	0.03	0.18
0.01	0.00	0.00	0.24	0.27	0.03	0.06	0.37	0.13
