0.01	0.00	0.00	0.27	0.28	0.05	0.15	0.01	0.07
0.08	0.03	0.00	0.25	0.28	0.25	0.27	0.02	0.36
0.00	0.00	0.00	0.30	0.21	0.05	0.06	0.01	0.32
0.00	0.00	0.00	0.25	0.26	0.02	0.10	0.01	0.25
0.02	0.00	0.00	0.22	0.25	0.18	0.26	0.01	0.80
0.03	0.05	0.00	0.25	0.25	0.13	0.23	0.31	0.09
0.03	0.04	0.00	0.29	0.16	0.04	0.14	0.02	0.09
0.06	0.10	0.00	0.25	0.11	0.05	0.18	0.02	0.05
0.03	0.02	0.00	0.25	0.20	0.05	0.08	0.05	0.08
0.03	0.05	0.00	0.10	0.13	0.23	0.09	0.01	0.07
0.03	0.05	0.00	0.06	0.14	0.27	0.10	0.01	0.10
0.01	0.04	0.01	0.27	0.18	0.04	0.59	0.04	0.08
0.08	0.03	0.02	0.17	0.24	0.07	0.19	0.04	0.06
0.02	0.05	0.02	0.04	0.15	0.03	0.28	0.02	0.11
0.04	0.08	0.02	0.18	0.11	0.25	0.38	0.02	0.11
0.02	0.00	0.00	0.02	0.10	0.03	0.20	0.00	0.08
0.05	0.01	0.00	0.08	0.22	0.12	0.24	0.02	0.11
0.04	0.01	0.00	0.02	0.22	0.13	0.35	0.02	0.08
0.02	0.01	0.01	0.08	0.24	0.12	0.27	0.02	0.09
0.05	0.01	0.00	0.04	0.13	0.04	0.26	0.05	0.10
0.08	0.01	0.00	0.02	0.17	0.02	0.15	0.01	0.09
0.06	0.01	0.00	0.02	0.18	0.02	0.29	0.01	0.10
0.05	0.01	0.00	0.15	0.12	0.02	0.07	0.02	0.09
0.03	0.01	0.00	0.16	0.09	0.02	0.25	0.01	0.14
0.15	0.05	0.04	0.02	0.23	0.05	0.24	0.01	0.15
0.20	0.02	0.00	0.15	0.19	0.03	0.15	0.02	0.16
0.06	0.02	0.00	0.02	0.21	0.18	0.36	0.01	0.06
0.06	0.04	0.02	0.02	0.08	0.13	0.21	0.03	0.07
0.08	0.00	0.00	0.02	0.34	0.52	0.26	0.02	0.12
0.17	0.05	0.00	0.24	0.12	0.06	0.27	0.09	0.12
0.07	0.01	0.00	0.08	0.29	0.06	0.19	0.02	0.14
0.04	0.02	0.01	0.02	0.11	0.04	0.28	0.01	0.08
0.02	0.08	0.02	0.15	0.14	0.04	0.13	0.05	0.06
0.02	0.04	0.00	0.15	0.11	0.02	0.22	0.08	0.09
0.10	0.03	0.00	0.24	0.15	0.02	0.31	0.01	0.12
0.04	0.03	0.00	0.05	0.18	0.09	0.18	0.00	0.14
0.01	0.01	0.00	0.03	0.10	0.73	0.13	0.01	0.11
0.04	0.02	0.00	0.25	0.14	0.06	0.13	0.01	0.12
