# Variant	Relative_solvent_accessibility	Allosteric_site	Catalytic_site	Altered Secondary_structure	Altered Stability_and_conformational_flexibility	Altered Special_structural_signatures	Altered Macromolecular_binding	Altered Metal_binding	Altered PTM_site
A1942S	0.03	0.02	0.00	0.10	0.12	0.23	0.17	0.02	0.10
L1956H	0.00	0.03	0.00	0.26	0.15	0.04	0.12	0.05	0.12
D1963N	0.00	0.03	0.01	0.26	0.28	0.07	0.09	0.03	0.17
K1972T	0.00	0.00	0.00	0.26	0.29	0.09	0.09	0.01	0.18
E1995K	0.02	0.01	0.00	0.25	0.25	0.10	0.12	0.00	0.24
D2003N	0.01	0.02	0.00	0.22	0.30	0.04	0.22	0.01	0.08
L2004R	0.00	0.03	0.00	0.09	0.36	0.05	0.22	0.01	0.17
D2016G	0.03	0.08	0.02	0.30	0.19	0.03	0.12	0.04	0.28
Q2066H	0.02	0.03	0.00	0.26	0.16	0.06	0.08	0.03	0.01
Q2069E	0.02	0.02	0.00	0.25	0.14	0.07	0.08	0.01	0.06
K2089N	0.02	0.03	0.00	0.31	0.18	0.10	0.09	0.06	0.12
P2093S	0.02	0.03	0.00	0.24	0.18	0.10	0.19	0.05	0.11
W2104S	0.01	0.08	0.01	0.24	0.16	0.06	0.14	0.03	0.10
A2131D	0.03	0.03	0.00	0.25	0.22	0.03	0.08	0.05	0.21
K2253T	0.01	0.01	0.00	0.03	0.09	0.24	0.06	0.01	0.10
I2275L	0.01	0.03	0.00	0.22	0.15	0.06	0.14	0.01	0.15
N2282S	0.03	0.01	0.00	0.25	0.15	0.05	0.11	0.02	0.10
R2339K	0.03	0.04	0.00	0.25	0.10	0.05	0.09	0.01	0.17
G2382A	0.13	0.02	0.00	0.32	0.28	0.16	0.10	0.02	0.14
R2400I	0.08	0.00	0.00	0.28	0.32	0.17	0.19	0.02	0.22
Q2414K	0.09	0.00	0.00	0.04	0.29	0.19	0.09	0.01	0.18
R2436K	0.02	0.00	0.00	0.24	0.24	0.06	0.13	0.00	0.18
R2436S	0.02	0.00	0.00	0.26	0.23	0.08	0.14	0.00	0.15
E2444D	0.02	0.00	0.00	0.24	0.20	0.10	0.09	0.03	0.13
E2446G	0.02	0.00	0.00	0.26	0.19	0.10	0.09	0.02	0.14
R2453C	0.02	0.01	0.00	0.24	0.19	0.67	0.10	0.02	0.12
R2459H	0.03	0.04	0.00	0.16	0.20	0.43	0.06	0.06	0.14
F2462L	0.04	0.04	0.00	0.08	0.20	0.05	0.06	0.01	0.12
E2479Q	0.02	0.03	0.00	0.25	0.23	0.06	0.04	0.03	0.05
R2486Q	0.00	0.12	0.02	0.25	0.12	0.05	0.10	0.02	0.07
S2498A	0.09	0.02	0.00	0.25	0.27	0.07	0.20	0.08	0.06
I2511F	0.09	0.06	0.00	0.26	0.17	0.09	0.29	0.02	0.22
P2518L	0.06	0.13	0.04	0.30	0.09	0.05	0.30	0.02	0.24
Q2522H	0.01	0.19	0.06	0.26	0.13	0.01	0.27	0.04	0.12
R2526K	0.00	0.20	0.06	0.25	0.18	0.01	0.25	0.02	0.14
M2532I	0.02	0.06	0.00	0.25	0.19	0.03	0.09	0.01	0.14
L2544P	0.03	0.05	0.00	0.04	0.25	0.04	0.13	0.03	0.08
R2580K	0.00	0.01	0.00	0.21	0.26	0.06	0.12	0.00	0.16
K2589R	0.01	0.00	0.00	0.14	0.26	0.15	0.15	0.00	0.41
I2609V	0.00	0.01	0.00	0.25	0.19	0.04	0.12	0.00	0.17
M2616V	0.01	0.00	0.00	0.27	0.16	0.04	0.11	0.01	0.17
L2633V	0.04	0.00	0.00	0.26	0.13	0.10	0.10	0.01	0.07
D2634V	0.04	0.00	0.00	0.26	0.13	0.11	0.10	0.01	0.11
W2638C	0.05	0.00	0.00	0.27	0.16	0.13	0.11	0.01	0.13
I2645V	0.02	0.00	0.00	0.25	0.15	0.13	0.08	0.01	0.13
D2672A	0.08	0.00	0.00	0.26	0.17	0.05	0.10	0.07	0.18
D2672Y	0.08	0.01	0.00	0.26	0.18	0.05	0.10	0.07	0.18
I2683V	0.07	0.08	0.00	0.27	0.13	0.03	0.26	0.04	0.11
G2695D	0.05	0.06	0.00	0.25	0.14	0.09	0.22	0.08	0.15
Q2714E	0.11	0.07	0.02	0.27	0.28	0.04	0.16	0.05	0.20
V2716F	0.09	0.07	0.02	0.26	0.26	0.04	0.14	0.13	0.23
R2719L	0.09	0.13	0.04	0.25	0.33	0.03	0.14	0.18	0.19
D2725H	0.04	0.13	0.04	0.26	0.28	0.02	0.19	0.18	0.09
F2732L	0.02	0.08	0.00	0.27	0.24	0.02	0.19	0.01	0.03
N2736S	0.02	0.03	0.00	0.25	0.20	0.02	0.16	0.00	0.10
T2754A	0.07	0.18	0.03	0.26	0.13	0.07	0.25	0.02	0.21
V2757M	0.12	0.17	0.03	0.25	0.15	0.05	0.26	0.08	0.21
R2763Q	0.17	0.17	0.10	0.26	0.18	0.05	0.25	0.11	0.21
G2777V	0.04	0.09	0.00	0.26	0.14	0.08	0.20	0.05	0.07
A2787V	0.07	0.05	0.00	0.27	0.23	0.13	0.16	0.10	0.12
H2788P	0.08	0.06	0.00	0.27	0.24	0.13	0.14	0.08	0.16
F2799V	0.08	0.02	0.00	0.24	0.22	0.62	0.16	0.06	0.09
Q2800P	0.08	0.03	0.00	0.25	0.23	0.64	0.17	0.05	0.10
V2808M	0.06	0.02	0.00	0.23	0.38	0.04	0.17	0.01	0.14
P2829L	0.16	0.06	0.00	0.26	0.10	0.05	0.26	0.08	0.08
D2841Y	0.04	0.16	0.00	0.25	0.11	0.10	0.25	0.03	0.06
T2858A	0.17	0.27	0.23	0.27	0.12	0.10	0.31	0.19	0.17
L2866F	0.04	0.23	0.28	0.30	0.15	0.09	0.28	0.20	0.07
N2875S	0.07	0.25	0.27	0.26	0.15	0.05	0.25	0.31	0.07
D2889G	0.11	0.15	0.17	0.26	0.13	0.05	0.18	0.69	0.04
E2904G	0.18	0.19	0.04	0.23	0.18	0.07	0.24	0.10	0.11
I2914M	0.27	0.21	0.05	0.25	0.15	0.10	0.31	0.19	0.11
T2921K	0.23	0.22	0.11	0.25	0.15	0.06	0.32	0.18	0.23
G2925V	0.16	0.23	0.11	0.25	0.13	0.04	0.29	0.09	0.11
R2973M	0.02	0.00	0.00	0.26	0.30	0.18	0.23	0.01	0.18
D2987Y	0.03	0.01	0.00	0.26	0.39	0.20	0.19	0.01	0.32
Q3038L	0.18	0.05	0.00	0.25	0.17	0.17	0.31	0.08	0.08
