0.03	0.02	0.00	0.10	0.12	0.23	0.17	0.02	0.10
0.00	0.03	0.00	0.26	0.15	0.04	0.12	0.05	0.12
0.00	0.03	0.01	0.26	0.28	0.07	0.09	0.03	0.17
0.00	0.00	0.00	0.26	0.29	0.09	0.09	0.01	0.18
0.02	0.01	0.00	0.25	0.25	0.10	0.12	0.00	0.24
0.01	0.02	0.00	0.22	0.30	0.04	0.22	0.01	0.08
0.00	0.03	0.00	0.09	0.36	0.05	0.22	0.01	0.17
0.03	0.08	0.02	0.30	0.19	0.03	0.12	0.04	0.28
0.02	0.03	0.00	0.26	0.16	0.06	0.08	0.03	0.01
0.02	0.02	0.00	0.25	0.14	0.07	0.08	0.01	0.06
0.02	0.03	0.00	0.31	0.18	0.10	0.09	0.06	0.12
0.02	0.03	0.00	0.24	0.18	0.10	0.19	0.05	0.11
0.01	0.08	0.01	0.24	0.16	0.06	0.14	0.03	0.10
0.03	0.03	0.00	0.25	0.22	0.03	0.08	0.05	0.21
0.01	0.01	0.00	0.03	0.09	0.24	0.06	0.01	0.10
0.01	0.03	0.00	0.22	0.15	0.06	0.14	0.01	0.15
0.03	0.01	0.00	0.25	0.15	0.05	0.11	0.02	0.10
0.03	0.04	0.00	0.25	0.10	0.05	0.09	0.01	0.17
0.13	0.02	0.00	0.32	0.28	0.16	0.10	0.02	0.14
0.08	0.00	0.00	0.28	0.32	0.17	0.19	0.02	0.22
0.09	0.00	0.00	0.04	0.29	0.19	0.09	0.01	0.18
0.02	0.00	0.00	0.24	0.24	0.06	0.13	0.00	0.18
0.02	0.00	0.00	0.26	0.23	0.08	0.14	0.00	0.15
0.02	0.00	0.00	0.24	0.20	0.10	0.09	0.03	0.13
0.02	0.00	0.00	0.26	0.19	0.10	0.09	0.02	0.14
0.02	0.01	0.00	0.24	0.19	0.67	0.10	0.02	0.12
0.03	0.04	0.00	0.16	0.20	0.43	0.06	0.06	0.14
0.04	0.04	0.00	0.08	0.20	0.05	0.06	0.01	0.12
0.02	0.03	0.00	0.25	0.23	0.06	0.04	0.03	0.05
0.00	0.12	0.02	0.25	0.12	0.05	0.10	0.02	0.07
0.09	0.02	0.00	0.25	0.27	0.07	0.20	0.08	0.06
0.09	0.06	0.00	0.26	0.17	0.09	0.29	0.02	0.22
0.06	0.13	0.04	0.30	0.09	0.05	0.30	0.02	0.24
0.01	0.19	0.06	0.26	0.13	0.01	0.27	0.04	0.12
0.00	0.20	0.06	0.25	0.18	0.01	0.25	0.02	0.14
0.02	0.06	0.00	0.25	0.19	0.03	0.09	0.01	0.14
0.03	0.05	0.00	0.04	0.25	0.04	0.13	0.03	0.08
0.00	0.01	0.00	0.21	0.26	0.06	0.12	0.00	0.16
0.01	0.00	0.00	0.14	0.26	0.15	0.15	0.00	0.41
0.00	0.01	0.00	0.25	0.19	0.04	0.12	0.00	0.17
0.01	0.00	0.00	0.27	0.16	0.04	0.11	0.01	0.17
0.04	0.00	0.00	0.26	0.13	0.10	0.10	0.01	0.07
0.04	0.00	0.00	0.26	0.13	0.11	0.10	0.01	0.11
0.05	0.00	0.00	0.27	0.16	0.13	0.11	0.01	0.13
0.02	0.00	0.00	0.25	0.15	0.13	0.08	0.01	0.13
0.08	0.00	0.00	0.26	0.17	0.05	0.10	0.07	0.18
0.08	0.01	0.00	0.26	0.18	0.05	0.10	0.07	0.18
0.07	0.08	0.00	0.27	0.13	0.03	0.26	0.04	0.11
0.05	0.06	0.00	0.25	0.14	0.09	0.22	0.08	0.15
0.11	0.07	0.02	0.27	0.28	0.04	0.16	0.05	0.20
0.09	0.07	0.02	0.26	0.26	0.04	0.14	0.13	0.23
0.09	0.13	0.04	0.25	0.33	0.03	0.14	0.18	0.19
0.04	0.13	0.04	0.26	0.28	0.02	0.19	0.18	0.09
0.02	0.08	0.00	0.27	0.24	0.02	0.19	0.01	0.03
0.02	0.03	0.00	0.25	0.20	0.02	0.16	0.00	0.10
0.07	0.18	0.03	0.26	0.13	0.07	0.25	0.02	0.21
0.12	0.17	0.03	0.25	0.15	0.05	0.26	0.08	0.21
0.17	0.17	0.10	0.26	0.18	0.05	0.25	0.11	0.21
0.04	0.09	0.00	0.26	0.14	0.08	0.20	0.05	0.07
0.07	0.05	0.00	0.27	0.23	0.13	0.16	0.10	0.12
0.08	0.06	0.00	0.27	0.24	0.13	0.14	0.08	0.16
0.08	0.02	0.00	0.24	0.22	0.62	0.16	0.06	0.09
0.08	0.03	0.00	0.25	0.23	0.64	0.17	0.05	0.10
0.06	0.02	0.00	0.23	0.38	0.04	0.17	0.01	0.14
0.16	0.06	0.00	0.26	0.10	0.05	0.26	0.08	0.08
0.04	0.16	0.00	0.25	0.11	0.10	0.25	0.03	0.06
0.17	0.27	0.23	0.27	0.12	0.10	0.31	0.19	0.17
0.04	0.23	0.28	0.30	0.15	0.09	0.28	0.20	0.07
0.07	0.25	0.27	0.26	0.15	0.05	0.25	0.31	0.07
0.11	0.15	0.17	0.26	0.13	0.05	0.18	0.69	0.04
0.18	0.19	0.04	0.23	0.18	0.07	0.24	0.10	0.11
0.27	0.21	0.05	0.25	0.15	0.10	0.31	0.19	0.11
0.23	0.22	0.11	0.25	0.15	0.06	0.32	0.18	0.23
0.16	0.23	0.11	0.25	0.13	0.04	0.29	0.09	0.11
0.02	0.00	0.00	0.26	0.30	0.18	0.23	0.01	0.18
0.03	0.01	0.00	0.26	0.39	0.20	0.19	0.01	0.32
0.18	0.05	0.00	0.25	0.17	0.17	0.31	0.08	0.08
