0.08	0.03	0.00	0.27	0.28	0.11	0.15	0.01	0.19
0.12	0.08	0.00	0.27	0.18	0.04	0.19	0.22	0.03
0.01	0.00	0.00	0.26	0.27	0.06	0.07	0.02	0.12
0.29	0.07	0.00	0.21	0.18	0.22	0.29	0.22	0.20
0.00	0.00	0.00	0.24	0.24	0.14	0.06	0.00	0.19
0.17	0.05	0.00	0.32	0.12	0.24	0.25	0.03	0.04
0.11	0.24	0.23	0.24	0.15	0.26	0.30	0.42	0.04
0.34	0.20	0.09	0.27	0.18	0.10	0.33	0.24	0.25
0.07	0.13	0.27	0.32	0.35	0.06	0.26	0.21	0.06
0.24	0.21	0.03	0.26	0.15	0.28	0.36	0.23	0.10
0.04	0.05	0.04	0.28	0.07	0.30	0.23	0.03	0.05
0.06	0.03	0.00	0.25	0.21	0.27	0.25	0.01	0.22
0.05	0.04	0.00	0.28	0.09	0.22	0.16	0.01	0.14
0.19	0.11	0.47	0.26	0.13	0.36	0.27	0.30	0.14
0.10	0.25	0.15	0.28	0.14	0.32	0.30	0.27	0.07
0.09	0.04	0.12	0.26	0.27	0.06	0.11	0.19	0.09
0.07	0.21	0.09	0.26	0.56	0.07	0.16	0.14	0.09
0.27	0.08	0.10	0.25	0.26	0.15	0.27	0.49	0.16
0.20	0.23	0.22	0.24	0.13	0.21	0.26	0.26	0.04
0.27	0.27	0.21	0.25	0.19	0.22	0.28	0.38	0.20
0.29	0.22	0.02	0.26	0.41	0.14	0.27	0.33	0.27
0.27	0.45	0.39	0.25	0.20	0.22	0.29	0.33	0.23
0.14	0.03	0.00	0.26	0.23	0.16	0.22	0.03	0.13
