0.00	0.03	0.00	0.29	0.08	0.04	0.22	0.00	0.12
0.02	0.06	0.00	0.26	0.28	0.18	0.13	0.02	0.21
0.02	0.05	0.00	0.31	0.34	0.19	0.14	0.02	0.21
0.03	0.02	0.00	0.28	0.49	0.15	0.17	0.01	0.21
0.04	0.03	0.03	0.27	0.22	0.25	0.07	0.32	0.06
0.19	0.04	0.06	0.25	0.24	0.25	0.31	0.45	0.16
0.02	0.02	0.00	0.25	0.28	0.24	0.07	0.03	0.17
0.04	0.04	0.09	0.25	0.25	0.29	0.14	0.31	0.15
0.07	0.04	0.09	0.28	0.29	0.26	0.16	0.41	0.13
0.08	0.04	0.07	0.27	0.24	0.32	0.16	0.40	0.13
0.01	0.06	0.00	0.29	0.08	0.11	0.24	0.08	0.04
0.13	0.17	0.08	0.26	0.19	0.03	0.44	0.11	0.17
0.22	0.07	0.05	0.25	0.15	0.04	0.27	0.04	0.19
0.12	0.21	0.29	0.29	0.10	0.15	0.27	0.26	0.08
0.25	0.17	0.03	0.25	0.13	0.06	0.28	0.24	0.08
0.06	0.25	0.15	0.29	0.08	0.04	0.27	0.18	0.14
0.24	0.05	0.00	0.25	0.26	0.25	0.21	0.05	0.15
