0.10	0.08	0.00	0.26	0.23	0.50	0.28	0.16	0.14
0.10	0.07	0.00	0.26	0.09	0.16	0.18	0.41	0.06
0.00	0.00	0.00	0.24	0.20	0.01	0.22	0.00	0.24
0.06	0.05	0.00	0.25	0.19	0.04	0.16	0.04	0.13
0.05	0.06	0.00	0.25	0.20	0.03	0.16	0.04	0.14
0.32	0.07	0.00	0.26	0.28	0.04	0.30	0.04	0.17
0.27	0.12	0.00	0.25	0.22	0.14	0.26	0.05	0.13
0.19	0.19	0.00	0.16	0.16	0.17	0.21	0.11	0.38
0.17	0.21	0.00	0.25	0.14	0.09	0.24	0.11	0.25
0.17	0.19	0.00	0.26	0.15	0.09	0.22	0.11	0.24
0.18	0.21	0.00	0.28	0.14	0.09	0.24	0.11	0.25
0.08	0.26	0.00	0.26	0.14	0.04	0.20	0.14	0.15
0.10	0.05	0.00	0.29	0.14	0.21	0.17	0.15	0.10
0.08	0.05	0.00	0.27	0.16	0.17	0.15	0.15	0.13
0.08	0.05	0.00	0.27	0.23	0.17	0.15	0.04	0.14
