0.00	0.00	0.00	0.26	0.26	0.02	0.22	0.04	0.11
0.10	0.02	0.00	0.27	0.30	0.20	0.12	0.14	0.17
0.17	0.26	0.00	0.24	0.16	0.13	0.26	0.26	0.03
0.12	0.11	0.00	0.26	0.14	0.19	0.27	0.10	0.02
0.00	0.00	0.00	0.25	0.21	0.02	0.08	0.00	0.10
0.02	0.00	0.00	0.26	0.38	0.02	0.11	0.03	0.19
0.00	0.00	0.00	0.26	0.20	0.02	0.14	0.00	0.25
0.02	0.03	0.00	0.23	0.32	0.05	0.29	0.04	0.68
0.07	0.28	0.00	0.26	0.11	0.15	0.32	0.04	0.07
0.24	0.12	0.00	0.25	0.29	0.28	0.28	0.16	0.10
0.28	0.04	0.00	0.31	0.29	0.30	0.27	0.15	0.09
0.16	0.16	0.00	0.21	0.44	0.16	0.23	0.26	0.06
0.00	0.02	0.00	0.27	0.23	0.13	0.17	0.00	0.16
0.00	0.00	0.00	0.25	0.19	0.02	0.12	0.00	0.17
0.00	0.00	0.00	0.25	0.19	0.01	0.23	0.01	0.26
0.00	0.00	0.00	0.26	0.22	0.01	0.29	0.01	0.30
