0.02	0.03	0.00	0.28	0.15	0.03	0.40	0.04	0.25
0.23	0.09	0.06	0.26	0.17	0.24	0.22	0.22	0.14
0.02	0.08	0.00	0.27	0.19	0.06	0.26	0.03	0.11
0.20	0.10	0.10	0.27	0.16	0.15	0.24	0.16	0.05
0.04	0.03	0.01	0.31	0.56	0.03	0.10	0.07	0.09
0.05	0.02	0.00	0.25	0.39	0.10	0.16	0.02	0.16
0.04	0.08	0.03	0.26	0.10	0.03	0.16	0.18	0.12
0.09	0.02	0.00	0.26	0.20	0.09	0.16	0.02	0.09
0.04	0.08	0.00	0.34	0.14	0.03	0.20	0.03	0.14
0.03	0.09	0.01	0.26	0.23	0.07	0.15	0.13	0.20
0.10	0.07	0.00	0.31	0.27	0.05	0.18	0.07	0.10
0.04	0.02	0.00	0.26	0.19	0.05	0.19	0.02	0.22
0.05	0.12	0.02	0.26	0.15	0.02	0.18	0.03	0.27
0.02	0.05	0.00	0.29	0.34	0.02	0.14	0.03	0.15
0.00	0.00	0.00	0.26	0.21	0.04	0.08	0.01	0.26
