0.01	0.00	0.00	0.25	0.18	0.05	0.25	0.04	0.11
0.29	0.08	0.00	0.25	0.19	0.06	0.23	0.15	0.30
0.32	0.32	0.21	0.28	0.26	0.15	0.30	0.26	0.15
0.30	0.18	0.07	0.25	0.26	0.15	0.27	0.30	0.19
0.30	0.28	0.34	0.26	0.22	0.11	0.27	0.68	0.21
0.30	0.25	0.26	0.26	0.16	0.24	0.32	0.32	0.25
0.21	0.29	0.26	0.25	0.20	0.08	0.31	0.28	0.06
0.28	0.25	0.07	0.25	0.27	0.19	0.30	0.32	0.09
0.18	0.33	0.02	0.09	0.13	0.16	0.42	0.15	0.09
0.17	0.24	0.23	0.25	0.11	0.16	0.28	0.13	0.09
0.06	0.13	0.29	0.26	0.20	0.06	0.19	0.21	0.03
0.24	0.13	0.05	0.25	0.18	0.05	0.25	0.16	0.10
0.13	0.23	0.10	0.27	0.13	0.12	0.29	0.16	0.18
0.26	0.28	0.10	0.26	0.11	0.28	0.28	0.13	0.17
0.27	0.11	0.00	0.26	0.14	0.16	0.27	0.12	0.27
