0.04	0.02	0.02	0.24	0.26	0.16	0.08	0.10	0.23
0.04	0.04	0.00	0.26	0.16	0.12	0.12	0.05	0.16
0.10	0.05	0.00	0.31	0.18	0.10	0.10	0.07	0.14
0.06	0.05	0.02	0.26	0.22	0.31	0.12	0.18	0.18
0.08	0.02	0.00	0.26	0.18	0.27	0.20	0.09	0.20
0.09	0.02	0.00	0.26	0.18	0.26	0.23	0.10	0.21
0.12	0.06	0.00	0.27	0.12	0.33	0.19	0.07	0.17
0.10	0.05	0.00	0.25	0.12	0.06	0.35	0.17	0.15
0.01	0.02	0.00	0.23	0.28	0.04	0.10	0.17	0.15
0.03	0.11	0.01	0.26	0.47	0.04	0.34	0.01	0.16
0.02	0.12	0.02	0.27	0.27	0.03	0.27	0.01	0.10
0.25	0.20	0.04	0.25	0.25	0.25	0.50	0.12	0.23
0.27	0.16	0.06	0.25	0.22	0.29	0.29	0.43	0.12
0.21	0.05	0.12	0.28	0.19	0.33	0.26	0.23	0.23
0.27	0.21	0.06	0.25	0.19	0.35	0.31	0.28	0.24
0.17	0.23	0.02	0.25	0.22	0.26	0.26	0.18	0.19
0.25	0.26	0.04	0.28	0.17	0.28	0.29	0.22	0.18
0.26	0.24	0.31	0.25	0.27	0.29	0.41	0.36	0.08
0.17	0.05	0.04	0.24	0.13	0.24	0.28	0.16	0.17
0.19	0.05	0.05	0.24	0.13	0.22	0.28	0.15	0.17
0.15	0.09	0.04	0.24	0.14	0.16	0.26	0.21	0.04
0.18	0.16	0.07	0.24	0.20	0.30	0.30	0.68	0.09
0.20	0.16	0.07	0.25	0.24	0.28	0.31	0.27	0.14
0.26	0.26	0.11	0.26	0.17	0.30	0.30	0.30	0.05
0.28	0.24	0.11	0.26	0.20	0.26	0.31	0.33	0.05
0.29	0.22	0.04	0.28	0.22	0.30	0.25	0.29	0.17
0.27	0.15	0.04	0.25	0.23	0.29	0.29	0.25	0.11
0.18	0.11	0.00	0.25	0.29	0.30	0.28	0.07	0.10
0.18	0.21	0.17	0.25	0.21	0.29	0.39	0.25	0.06
0.29	0.20	0.24	0.27	0.23	0.29	0.28	0.30	0.04
0.30	0.19	0.24	0.27	0.23	0.27	0.32	0.27	0.09
0.34	0.17	0.27	0.26	0.24	0.31	0.30	0.31	0.09
0.02	0.03	0.00	0.26	0.26	0.09	0.05	0.02	0.11
0.03	0.06	0.00	0.25	0.26	0.09	0.05	0.08	0.22
0.03	0.10	0.02	0.25	0.29	0.07	0.18	0.18	0.17
0.06	0.07	0.03	0.26	0.26	0.10	0.26	0.28	0.29
0.18	0.07	0.00	0.25	0.27	0.04	0.26	0.05	0.14
0.28	0.07	0.01	0.23	0.33	0.10	0.25	0.21	0.19
0.25	0.05	0.04	0.24	0.26	0.15	0.23	0.17	0.20
0.02	0.02	0.00	0.24	0.26	0.04	0.06	0.01	0.11
0.09	0.02	0.00	0.26	0.26	0.03	0.27	0.03	0.35
0.26	0.06	0.00	0.25	0.28	0.03	0.27	0.06	0.29
0.24	0.06	0.00	0.25	0.32	0.04	0.28	0.05	0.14
