0.10	0.05	0.02	0.26	0.18	0.31	0.25	0.17	0.08
0.11	0.03	0.11	0.25	0.20	0.31	0.28	0.29	0.07
0.15	0.13	0.02	0.25	0.19	0.31	0.30	0.26	0.07
0.16	0.03	0.03	0.25	0.28	0.30	0.26	0.14	0.15
0.07	0.03	0.00	0.25	0.34	0.25	0.21	0.08	0.12
0.13	0.07	0.01	0.26	0.19	0.24	0.27	0.27	0.20
0.12	0.04	0.03	0.26	0.19	0.28	0.34	0.30	0.07
0.28	0.07	0.00	0.29	0.20	0.41	0.29	0.16	0.21
0.13	0.03	0.00	0.24	0.15	0.31	0.26	0.16	0.28
0.05	0.01	0.00	0.25	0.16	0.28	0.11	0.16	0.12
0.21	0.04	0.01	0.25	0.20	0.28	0.28	0.25	0.16
0.10	0.03	0.00	0.25	0.15	0.32	0.27	0.12	0.14
0.08	0.07	0.01	0.25	0.24	0.30	0.26	0.22	0.07
0.13	0.09	0.03	0.24	0.09	0.26	0.27	0.17	0.09
0.19	0.13	0.09	0.26	0.19	0.26	0.27	0.29	0.17
0.18	0.09	0.00	0.25	0.20	0.32	0.26	0.16	0.22
0.17	0.04	0.00	0.26	0.23	0.34	0.23	0.08	0.20
0.12	0.09	0.00	0.25	0.15	0.24	0.26	0.06	0.26
0.11	0.09	0.01	0.25	0.16	0.21	0.27	0.16	0.20
0.08	0.03	0.02	0.25	0.20	0.16	0.28	0.33	0.17
0.23	0.07	0.15	0.25	0.21	0.33	0.32	0.35	0.14
0.05	0.08	0.02	0.26	0.13	0.31	0.21	0.08	0.18
0.07	0.01	0.00	0.26	0.14	0.27	0.22	0.09	0.09
0.10	0.00	0.00	0.29	0.22	0.31	0.18	0.21	0.10
0.07	0.05	0.02	0.25	0.25	0.29	0.24	0.14	0.23
0.13	0.09	0.02	0.25	0.16	0.37	0.19	0.08	0.13
0.25	0.03	0.00	0.26	0.49	0.32	0.43	0.08	0.11
0.22	0.10	0.13	0.25	0.20	0.25	0.29	0.28	0.14
0.06	0.03	0.09	0.26	0.16	0.31	0.25	0.13	0.12
0.22	0.03	0.03	0.23	0.13	0.27	0.29	0.34	0.21
0.28	0.07	0.07	0.25	0.35	0.31	0.32	0.28	0.25
0.10	0.03	0.02	0.25	0.17	0.25	0.25	0.36	0.03
0.14	0.07	0.00	0.28	0.20	0.26	0.22	0.09	0.22
0.12	0.09	0.00	0.23	0.13	0.06	0.33	0.03	0.19
