0.24	0.10	0.05	0.25	0.19	0.29	0.16	0.17	0.09
0.18	0.02	0.00	0.26	0.18	0.28	0.18	0.16	0.07
0.13	0.03	0.00	0.25	0.15	0.28	0.20	0.07	0.11
0.09	0.05	0.02	0.25	0.21	0.29	0.26	0.17	0.04
0.06	0.00	0.00	0.26	0.29	0.24	0.07	0.04	0.15
0.05	0.16	0.04	0.26	0.22	0.28	0.24	0.07	0.21
0.11	0.03	0.01	0.27	0.22	0.30	0.20	0.31	0.24
0.03	0.00	0.00	0.24	0.25	0.12	0.11	0.01	0.25
0.03	0.00	0.00	0.25	0.27	0.11	0.14	0.01	0.29
0.29	0.03	0.01	0.25	0.29	0.26	0.28	0.29	0.17
0.01	0.02	0.00	0.25	0.35	0.03	0.13	0.01	0.17
0.00	0.00	0.00	0.25	0.20	0.05	0.44	0.24	0.28
0.02	0.05	0.00	0.28	0.31	0.02	0.24	0.19	0.05
