0.04	0.02	0.00	0.25	0.41	0.03	0.20	0.05	0.07
0.01	0.00	0.00	0.26	0.22	0.01	0.30	0.01	0.23
0.02	0.00	0.00	0.02	0.27	0.02	0.08	0.01	0.21
0.01	0.00	0.00	0.02	0.19	0.02	0.07	0.00	0.16
0.02	0.00	0.00	0.02	0.22	0.03	0.05	0.00	0.19
0.01	0.00	0.00	0.02	0.22	0.02	0.04	0.03	0.19
0.00	0.00	0.00	0.02	0.38	0.02	0.08	0.01	0.18
0.00	0.00	0.00	0.02	0.20	0.39	0.16	0.00	0.18
0.01	0.00	0.00	0.03	0.52	0.86	0.09	0.01	0.26
0.00	0.00	0.00	0.03	0.27	0.01	0.11	0.00	0.20
0.00	0.00	0.00	0.02	0.29	0.05	0.02	0.01	0.06
0.07	0.03	0.00	0.25	0.42	0.03	0.23	0.10	0.12
0.00	0.00	0.00	0.29	0.21	0.01	0.08	0.01	0.16
