0.00	0.02	0.01	0.24	0.19	0.02	0.23	0.05	0.16
0.00	0.02	0.00	0.26	0.21	0.01	0.23	0.02	0.18
0.17	0.28	0.04	0.25	0.10	0.05	0.31	0.29	0.15
0.05	0.04	0.00	0.27	0.15	0.03	0.11	0.03	0.16
0.03	0.10	0.05	0.26	0.16	0.04	0.13	0.08	0.14
0.10	0.11	0.01	0.25	0.24	0.30	0.25	0.17	0.17
0.19	0.09	0.01	0.26	0.27	0.26	0.32	0.17	0.04
0.06	0.03	0.00	0.25	0.23	0.08	0.16	0.02	0.08
0.02	0.00	0.00	0.25	0.31	0.13	0.14	0.00	0.26
0.00	0.00	0.00	0.23	0.25	0.04	0.17	0.01	0.29
0.08	0.18	0.02	0.27	0.21	0.03	0.21	0.21	0.08
0.11	0.23	0.05	0.25	0.18	0.04	0.21	0.25	0.13
0.00	0.00	0.00	0.29	0.23	0.58	0.06	0.02	0.17
0.00	0.04	0.00	0.26	0.37	0.03	0.29	0.02	0.17
0.00	0.00	0.00	0.25	0.26	0.02	0.13	0.01	0.22
0.00	0.00	0.00	0.28	0.21	0.04	0.21	0.01	0.08
