0.00	0.00	0.00	0.25	0.12	0.11	0.23	0.01	0.01
0.30	0.06	0.00	0.26	0.15	0.20	0.40	0.22	0.12
0.20	0.08	0.00	0.26	0.17	0.28	0.30	0.10	0.11
0.04	0.03	0.00	0.26	0.18	0.25	0.18	0.10	0.03
0.07	0.04	0.00	0.25	0.17	0.27	0.17	0.13	0.09
0.23	0.11	0.00	0.25	0.17	0.29	0.33	0.18	0.11
0.06	0.04	0.00	0.26	0.21	0.20	0.17	0.05	0.16
0.07	0.04	0.00	0.26	0.25	0.20	0.17	0.04	0.15
0.15	0.02	0.00	0.26	0.15	0.09	0.25	0.11	0.22
0.09	0.04	0.00	0.27	0.24	0.27	0.19	0.25	0.18
0.10	0.04	0.00	0.26	0.27	0.32	0.14	0.17	0.25
0.15	0.06	0.00	0.23	0.21	0.29	0.29	0.22	0.13
0.20	0.05	0.00	0.25	0.19	0.33	0.26	0.23	0.17
0.10	0.03	0.00	0.26	0.25	0.28	0.25	0.14	0.10
0.09	0.03	0.00	0.25	0.25	0.28	0.21	0.57	0.37
0.03	0.01	0.00	0.28	0.26	0.26	0.19	0.02	0.18
0.27	0.03	0.00	0.25	0.16	0.27	0.26	0.29	0.13
0.06	0.04	0.00	0.26	0.21	0.19	0.15	0.15	0.10
0.01	0.01	0.00	0.27	0.27	0.14	0.11	0.03	0.24
