0.22	0.07	0.00	0.28	0.20	0.29	0.24	0.10	0.21
0.06	0.02	0.00	0.27	0.19	0.10	0.06	0.05	0.11
0.00	0.00	0.00	0.28	0.19	0.24	0.22	0.01	0.57
0.00	0.00	0.00	0.22	0.16	0.03	0.21	0.01	0.13
0.03	0.03	0.00	0.25	0.29	0.04	0.30	0.07	0.28
0.08	0.05	0.00	0.25	0.25	0.05	0.22	0.06	0.32
0.07	0.08	0.00	0.25	0.38	0.05	0.33	0.07	0.28
0.04	0.05	0.00	0.25	0.25	0.04	0.25	0.08	0.13
0.05	0.05	0.00	0.26	0.29	0.05	0.24	0.07	0.25
0.02	0.03	0.00	0.25	0.30	0.02	0.31	0.04	0.05
0.03	0.08	0.00	0.26	0.26	0.04	0.29	0.06	0.19
0.01	0.02	0.00	0.21	0.25	0.02	0.18	0.01	0.28
0.11	0.04	0.00	0.26	0.37	0.16	0.33	0.48	0.12
0.07	0.06	0.00	0.25	0.12	0.19	0.26	0.10	0.14
0.22	0.03	0.00	0.25	0.18	0.27	0.25	0.15	0.19
