0.31	0.07	0.00	0.25	0.16	0.21	0.34	0.13	0.17
0.25	0.07	0.04	0.26	0.27	0.25	0.25	0.11	0.25
0.10	0.03	0.00	0.24	0.31	0.23	0.16	0.10	0.14
0.07	0.02	0.00	0.25	0.31	0.26	0.11	0.09	0.12
0.03	0.02	0.00	0.32	0.27	0.04	0.25	0.02	0.30
0.00	0.00	0.00	0.20	0.23	0.03	0.26	0.01	0.19
0.05	0.04	0.00	0.26	0.26	0.04	0.17	0.03	0.19
0.06	0.05	0.01	0.25	0.33	0.04	0.24	0.03	0.27
0.06	0.02	0.00	0.29	0.26	0.03	0.45	0.06	0.25
0.02	0.05	0.01	0.35	0.27	0.02	0.20	0.04	0.12
0.02	0.05	0.00	0.25	0.29	0.03	0.30	0.05	0.29
0.07	0.07	0.01	0.26	0.27	0.04	0.24	0.09	0.47
0.04	0.05	0.00	0.26	0.28	0.04	0.32	0.05	0.27
0.05	0.02	0.02	0.25	0.31	0.06	0.26	0.06	0.25
0.05	0.04	0.02	0.27	0.32	0.06	0.27	0.08	0.28
0.05	0.04	0.01	0.25	0.25	0.05	0.21	0.07	0.08
0.08	0.03	0.02	0.27	0.25	0.05	0.25	0.11	0.54
