0.25	0.12	0.00	0.26	0.23	0.32	0.25	0.11	0.25
0.15	0.03	0.00	0.27	0.26	0.26	0.17	0.05	0.13
0.00	0.02	0.00	0.27	0.42	0.03	0.06	0.02	0.19
0.04	0.05	0.00	0.25	0.27	0.02	0.31	0.05	0.31
0.04	0.04	0.00	0.25	0.24	0.04	0.31	0.06	0.27
0.04	0.02	0.00	0.26	0.27	0.04	0.22	0.04	0.20
0.04	0.00	0.00	0.25	0.25	0.05	0.23	0.04	0.08
0.02	0.00	0.00	0.26	0.27	0.05	0.25	0.04	0.07
0.02	0.01	0.00	0.28	0.23	0.05	0.25	0.03	0.30
0.23	0.11	0.00	0.30	0.27	0.34	0.31	0.19	0.13
0.22	0.16	0.02	0.29	0.29	0.29	0.31	0.24	0.12
0.08	0.03	0.00	0.27	0.28	0.30	0.06	0.01	0.26
0.09	0.04	0.00	0.29	0.21	0.31	0.17	0.05	0.26
0.07	0.12	0.07	0.26	0.22	0.24	0.10	0.13	0.12
