0.23	0.07	0.02	0.25	0.25	0.15	0.23	0.19	0.16
0.29	0.12	0.07	0.27	0.25	0.29	0.27	0.27	0.16
0.16	0.07	0.00	0.24	0.16	0.16	0.18	0.04	0.05
0.17	0.20	0.02	0.25	0.12	0.27	0.12	0.15	0.13
0.22	0.10	0.04	0.28	0.18	0.25	0.26	0.17	0.13
0.17	0.04	0.00	0.26	0.21	0.29	0.20	0.48	0.12
0.19	0.30	0.01	0.25	0.12	0.30	0.26	0.27	0.12
0.13	0.10	0.00	0.29	0.28	0.30	0.24	0.04	0.18
0.19	0.14	0.00	0.26	0.19	0.27	0.25	0.13	0.15
0.20	0.08	0.00	0.24	0.19	0.15	0.22	0.23	0.17
0.02	0.04	0.00	0.25	0.29	0.03	0.15	0.21	0.14
0.26	0.15	0.01	0.26	0.23	0.26	0.29	0.21	0.13
0.01	0.02	0.00	0.26	0.11	0.31	0.05	0.03	0.08
0.02	0.02	0.00	0.32	0.21	0.03	0.24	0.05	0.26
0.03	0.07	0.00	0.30	0.25	0.02	0.15	0.07	0.14
0.03	0.01	0.00	0.30	0.23	0.02	0.15	0.03	0.07
0.04	0.01	0.01	0.27	0.27	0.04	0.31	0.06	0.19
0.13	0.07	0.00	0.26	0.12	0.24	0.30	0.13	0.25
0.17	0.11	0.00	0.29	0.15	0.30	0.25	0.24	0.16
0.24	0.14	0.06	0.27	0.28	0.26	0.29	0.13	0.12
0.09	0.00	0.00	0.22	0.15	0.20	0.30	0.02	0.86
0.03	0.04	0.00	0.26	0.30	0.09	0.20	0.07	0.10
0.02	0.03	0.00	0.25	0.36	0.08	0.30	0.04	0.15
0.19	0.10	0.01	0.27	0.25	0.24	0.38	0.10	0.22
