0.02	0.09	0.03	0.24	0.19	0.21	0.11	0.18	0.13
0.17	0.02	0.00	0.26	0.35	0.30	0.14	0.03	0.18
0.05	0.01	0.00	0.25	0.14	0.20	0.11	0.02	0.24
0.04	0.01	0.00	0.26	0.13	0.26	0.11	0.01	0.24
0.04	0.02	0.00	0.25	0.24	0.05	0.12	0.03	0.26
0.05	0.03	0.01	0.31	0.29	0.03	0.14	0.08	0.21
0.03	0.01	0.00	0.25	0.22	0.03	0.24	0.04	0.07
0.11	0.03	0.00	0.25	0.25	0.04	0.26	0.12	0.16
0.07	0.03	0.00	0.27	0.26	0.04	0.18	0.14	0.25
0.04	0.04	0.00	0.26	0.27	0.02	0.16	0.13	0.13
0.03	0.03	0.00	0.29	0.26	0.03	0.13	0.06	0.20
0.00	0.01	0.00	0.28	0.30	0.05	0.09	0.03	0.08
0.21	0.11	0.14	0.27	0.15	0.30	0.26	0.64	0.09
0.01	0.07	0.01	0.25	0.16	0.10	0.14	0.07	0.22
0.11	0.08	0.00	0.26	0.18	0.22	0.20	0.03	0.25
0.11	0.07	0.00	0.26	0.18	0.22	0.22	0.03	0.13
0.19	0.05	0.00	0.27	0.27	0.12	0.17	0.12	0.17
0.15	0.03	0.00	0.28	0.23	0.27	0.16	0.11	0.14
0.12	0.08	0.00	0.26	0.32	0.36	0.18	0.31	0.12
0.11	0.04	0.00	0.27	0.13	0.26	0.33	0.02	0.07
0.04	0.04	0.00	0.27	0.09	0.22	0.43	0.31	0.07
