0.00	0.00	0.00	0.25	0.24	0.09	0.20	0.00	0.25
0.00	0.02	0.00	0.27	0.29	0.10	0.22	0.01	0.14
0.00	0.02	0.01	0.26	0.22	0.07	0.17	0.05	0.14
0.00	0.00	0.00	0.26	0.28	0.01	0.10	0.01	0.28
0.00	0.00	0.00	0.23	0.20	0.04	0.09	0.00	0.58
0.00	0.00	0.00	0.24	0.22	0.07	0.23	0.00	0.26
0.00	0.00	0.00	0.25	0.24	0.02	0.23	0.00	0.06
0.00	0.00	0.00	0.25	0.19	0.02	0.18	0.01	0.40
0.00	0.00	0.00	0.22	0.25	0.30	0.17	0.01	0.34
0.00	0.00	0.00	0.28	0.27	0.16	0.20	0.02	0.35
0.13	0.04	0.02	0.26	0.26	0.07	0.11	0.23	0.17
0.00	0.01	0.00	0.23	0.21	0.02	0.14	0.00	0.28
0.00	0.00	0.00	0.25	0.22	0.05	0.30	0.01	0.24
0.00	0.01	0.00	0.25	0.22	0.05	0.26	0.01	0.04
0.00	0.01	0.02	0.28	0.31	0.56	0.27	0.02	0.05
