0.07	0.21	0.00	0.25	0.14	0.08	0.25	0.04	0.18
0.13	0.19	0.01	0.27	0.15	0.20	0.32	0.10	0.20
0.00	0.00	0.00	0.26	0.58	0.13	0.09	0.00	0.23
0.00	0.00	0.00	0.02	0.08	0.03	0.10	0.00	0.04
0.02	0.00	0.00	0.19	0.11	0.24	0.05	0.03	0.12
0.03	0.00	0.00	0.02	0.23	0.11	0.15	0.01	0.32
0.03	0.02	0.00	0.03	0.20	0.11	0.08	0.00	0.09
0.24	0.03	0.00	0.08	0.24	0.15	0.10	0.05	0.14
0.04	0.00	0.00	0.03	0.22	0.18	0.26	0.01	0.17
0.03	0.03	0.00	0.02	0.15	0.17	0.06	0.04	0.06
0.14	0.01	0.00	0.27	0.24	0.30	0.14	0.05	0.22
0.04	0.02	0.00	0.02	0.26	0.18	0.03	0.02	0.12
0.00	0.00	0.00	0.30	0.30	0.07	0.15	0.02	0.20
0.17	0.02	0.00	0.26	0.26	0.21	0.14	0.08	0.20
0.09	0.01	0.00	0.18	0.31	0.17	0.17	0.06	0.22
0.03	0.02	0.00	0.02	0.27	0.08	0.26	0.01	0.14
0.04	0.01	0.00	0.24	0.23	0.46	0.13	0.01	0.18
0.05	0.03	0.00	0.03	0.27	0.57	0.15	0.03	0.21
0.17	0.03	0.00	0.20	0.20	0.29	0.22	0.13	0.25
0.11	0.02	0.00	0.06	0.26	0.10	0.04	0.17	0.14
0.17	0.13	0.08	0.25	0.21	0.28	0.31	0.63	0.18
0.05	0.05	0.03	0.24	0.20	0.04	0.31	0.15	0.06
