0.03	0.03	0.00	0.19	0.16	0.30	0.27	0.01	0.11
0.03	0.04	0.00	0.18	0.30	0.64	0.26	0.03	0.15
0.06	0.04	0.00	0.27	0.12	0.39	0.13	0.06	0.24
0.02	0.01	0.00	0.27	0.18	0.57	0.10	0.00	0.11
0.01	0.00	0.00	0.26	0.35	0.39	0.22	0.00	0.15
0.19	0.04	0.00	0.26	0.14	0.44	0.23	0.02	0.12
0.20	0.29	0.29	0.26	0.16	0.15	0.24	0.32	0.05
0.15	0.23	0.22	0.25	0.11	0.10	0.32	0.30	0.11
0.13	0.18	0.06	0.26	0.16	0.15	0.27	0.18	0.07
0.06	0.06	0.00	0.24	0.15	0.06	0.20	0.02	0.10
0.09	0.10	0.00	0.25	0.25	0.04	0.20	0.03	0.18
0.13	0.25	0.04	0.27	0.12	0.04	0.26	0.06	0.08
0.02	0.02	0.00	0.29	0.23	0.10	0.07	0.01	0.10
0.16	0.03	0.00	0.28	0.15	0.04	0.11	0.02	0.12
0.16	0.10	0.02	0.26	0.14	0.09	0.17	0.03	0.11
0.06	0.10	0.00	0.25	0.10	0.15	0.24	0.02	0.11
0.23	0.16	0.15	0.24	0.21	0.11	0.29	0.13	0.13
0.09	0.10	0.02	0.25	0.15	0.03	0.21	0.06	0.07
0.16	0.17	0.04	0.25	0.12	0.13	0.27	0.28	0.10
0.29	0.25	0.25	0.27	0.11	0.12	0.30	0.30	0.09
0.10	0.06	0.00	0.27	0.26	0.10	0.21	0.12	0.16
0.03	0.06	0.00	0.25	0.12	0.17	0.26	0.08	0.09
