0.01	0.00	0.00	0.27	0.31	0.26	0.12	0.02	0.05
0.00	0.01	0.00	0.26	0.24	0.02	0.26	0.02	0.10
0.01	0.04	0.00	0.08	0.14	0.02	0.08	0.02	0.25
0.06	0.05	0.00	0.26	0.16	0.28	0.18	0.02	0.09
0.16	0.13	0.00	0.03	0.14	0.18	0.28	0.05	0.12
0.01	0.04	0.00	0.26	0.09	0.05	0.15	0.01	0.10
0.03	0.01	0.00	0.02	0.13	0.45	0.14	0.01	0.19
0.05	0.02	0.00	0.26	0.14	0.25	0.09	0.04	0.08
0.21	0.07	0.00	0.26	0.16	0.31	0.28	0.23	0.06
0.07	0.07	0.00	0.26	0.13	0.03	0.24	0.02	0.06
0.15	0.03	0.00	0.25	0.19	0.15	0.21	0.06	0.14
0.29	0.24	0.00	0.26	0.16	0.31	0.30	0.33	0.13
0.19	0.24	0.00	0.26	0.12	0.14	0.29	0.22	0.08
0.11	0.04	0.00	0.27	0.13	0.03	0.14	0.09	0.03
0.15	0.01	0.00	0.02	0.26	0.10	0.23	0.04	0.26
0.29	0.25	0.00	0.28	0.19	0.31	0.26	0.26	0.05
0.08	0.25	0.00	0.26	0.13	0.26	0.25	0.18	0.12
0.22	0.35	0.00	0.28	0.23	0.13	0.24	0.07	0.08
0.05	0.07	0.00	0.26	0.13	0.26	0.24	0.07	0.04
0.24	0.13	0.00	0.26	0.20	0.09	0.28	0.08	0.06
0.25	0.06	0.00	0.25	0.21	0.12	0.28	0.21	0.04
0.06	0.09	0.00	0.25	0.13	0.26	0.30	0.06	0.02
