0.04	0.04	0.00	0.25	0.29	0.07	0.27	0.03	0.26
0.04	0.04	0.00	0.26	0.26	0.19	0.38	0.01	0.19
0.05	0.02	0.00	0.23	0.22	0.06	0.13	0.07	0.16
0.07	0.04	0.00	0.02	0.16	0.04	0.15	0.08	0.14
0.11	0.12	0.02	0.27	0.25	0.07	0.21	0.16	0.31
0.06	0.04	0.00	0.25	0.22	0.33	0.26	0.06	0.20
0.06	0.02	0.00	0.26	0.24	0.44	0.22	0.03	0.20
0.06	0.04	0.00	0.28	0.17	0.10	0.15	0.03	0.07
0.01	0.00	0.00	0.03	0.24	0.05	0.23	0.01	0.14
0.08	0.03	0.00	0.26	0.23	0.10	0.17	0.08	0.16
0.01	0.01	0.00	0.31	0.20	0.03	0.08	0.01	0.30
0.02	0.00	0.00	0.10	0.27	0.12	0.06	0.00	0.12
0.02	0.00	0.00	0.13	0.38	0.07	0.07	0.00	0.13
0.01	0.00	0.00	0.19	0.15	0.01	0.11	0.00	0.15
0.07	0.00	0.00	0.02	0.21	0.10	0.10	0.02	0.23
0.05	0.00	0.00	0.02	0.23	0.04	0.10	0.01	0.32
0.03	0.00	0.00	0.29	0.19	0.34	0.06	0.01	0.12
0.00	0.00	0.00	0.03	0.18	0.01	0.08	0.00	0.18
0.02	0.00	0.00	0.03	0.21	0.03	0.17	0.00	0.12
0.01	0.00	0.00	0.03	0.20	0.03	0.05	0.01	0.11
0.00	0.00	0.00	0.02	0.33	0.01	0.07	0.00	0.44
0.02	0.00	0.00	0.02	0.30	0.01	0.06	0.00	0.19
0.00	0.00	0.00	0.16	0.22	0.01	0.10	0.00	0.23
0.01	0.00	0.00	0.03	0.60	0.02	0.12	0.01	0.09
0.02	0.00	0.00	0.02	0.23	0.02	0.03	0.01	0.22
0.03	0.00	0.00	0.02	0.16	0.09	0.15	0.01	0.16
0.02	0.00	0.00	0.05	0.17	0.04	0.08	0.00	0.30
0.00	0.00	0.00	0.02	0.19	0.01	0.27	0.00	0.21
0.00	0.00	0.00	0.04	0.13	0.01	0.38	0.00	0.26
0.00	0.00	0.00	0.34	0.30	0.28	0.20	0.01	0.20
0.18	0.04	0.00	0.20	0.18	0.11	0.12	0.18	0.16
0.04	0.03	0.00	0.25	0.15	0.11	0.11	0.11	0.06
0.06	0.03	0.00	0.26	0.25	0.12	0.15	0.10	0.17
0.03	0.03	0.00	0.32	0.23	0.06	0.04	0.03	0.15
0.01	0.02	0.00	0.27	0.25	0.10	0.09	0.02	0.20
0.16	0.03	0.00	0.25	0.16	0.13	0.10	0.10	0.20
0.00	0.00	0.00	0.27	0.21	0.04	0.09	0.01	0.79
0.01	0.00	0.00	0.26	0.20	0.03	0.07	0.01	0.24
0.15	0.03	0.00	0.26	0.14	0.08	0.25	0.21	0.11
0.17	0.04	0.00	0.25	0.21	0.05	0.18	0.17	0.16
0.00	0.03	0.00	0.34	0.30	0.07	0.28	0.03	0.21
0.01	0.02	0.00	0.30	0.27	0.07	0.64	0.03	0.26
