0.03	0.02	0.00	0.23	0.10	0.19	0.20	0.07	0.12
0.04	0.07	0.00	0.05	0.09	0.28	0.14	0.06	0.18
0.02	0.02	0.00	0.17	0.20	0.30	0.06	0.01	0.39
0.11	0.03	0.00	0.25	0.24	0.32	0.11	0.03	0.11
0.11	0.05	0.00	0.25	0.22	0.54	0.19	0.06	0.23
0.20	0.09	0.00	0.23	0.13	0.24	0.30	0.35	0.12
0.25	0.06	0.00	0.24	0.22	0.23	0.21	0.13	0.13
0.11	0.10	0.00	0.03	0.19	0.05	0.12	0.03	0.07
0.07	0.18	0.00	0.29	0.10	0.02	0.27	0.08	0.09
0.29	0.14	0.00	0.25	0.17	0.21	0.30	0.30	0.09
0.28	0.07	0.00	0.26	0.26	0.11	0.23	0.07	0.13
0.26	0.19	0.00	0.25	0.14	0.09	0.28	0.24	0.05
0.26	0.07	0.00	0.24	0.11	0.22	0.25	0.20	0.06
0.08	0.27	0.00	0.27	0.11	0.05	0.24	0.12	0.09
0.30	0.08	0.00	0.25	0.11	0.09	0.28	0.17	0.03
0.05	0.09	0.00	0.26	0.19	0.24	0.29	0.07	0.05
0.03	0.17	0.00	0.25	0.15	0.07	0.21	0.04	0.15
0.25	0.04	0.00	0.25	0.27	0.27	0.31	0.27	0.30
0.06	0.03	0.00	0.27	0.27	0.09	0.20	0.02	0.16
0.02	0.20	0.00	0.26	0.16	0.05	0.14	0.13	0.10
0.06	0.04	0.00	0.24	0.17	0.20	0.16	0.01	0.18
