0.09	0.02	0.00	0.27	0.25	0.06	0.22	0.05	0.20
0.03	0.06	0.00	0.25	0.17	0.03	0.14	0.07	0.19
0.08	0.07	0.00	0.26	0.17	0.06	0.12	0.13	0.09
0.09	0.07	0.00	0.26	0.17	0.08	0.23	0.16	0.08
0.15	0.03	0.01	0.25	0.17	0.12	0.27	0.05	0.11
0.12	0.03	0.00	0.27	0.11	0.03	0.17	0.50	0.11
0.02	0.16	0.04	0.28	0.21	0.03	0.25	0.02	0.13
0.00	0.17	0.04	0.27	0.15	0.03	0.30	0.02	0.14
0.06	0.06	0.00	0.25	0.17	0.18	0.18	0.06	0.16
0.03	0.03	0.03	0.27	0.15	0.15	0.19	0.07	0.10
0.04	0.01	0.00	0.27	0.17	0.12	0.06	0.03	0.12
0.09	0.05	0.00	0.04	0.16	0.88	0.12	0.04	0.11
0.03	0.04	0.01	0.26	0.19	0.15	0.18	0.03	0.14
0.43	0.12	0.03	0.29	0.18	0.30	0.34	0.28	0.19
0.22	0.14	0.10	0.27	0.22	0.27	0.26	0.65	0.08
0.19	0.12	0.07	0.26	0.15	0.09	0.35	0.14	0.22
0.00	0.07	0.02	0.30	0.31	0.02	0.31	0.02	0.17
0.01	0.02	0.00	0.27	0.27	0.06	0.33	0.03	0.12
0.06	0.02	0.00	0.25	0.14	0.06	0.14	0.03	0.09
0.04	0.03	0.00	0.27	0.15	0.08	0.16	0.02	0.15
0.03	0.03	0.00	0.29	0.14	0.03	0.17	0.02	0.14
0.02	0.04	0.00	0.25	0.21	0.03	0.09	0.04	0.17
0.12	0.11	0.05	0.25	0.21	0.07	0.14	0.03	0.14
0.02	0.11	0.01	0.26	0.20	0.05	0.16	0.04	0.10
0.15	0.06	0.00	0.27	0.14	0.21	0.19	0.05	0.16
0.06	0.01	0.00	0.29	0.19	0.17	0.05	0.03	0.14
0.04	0.02	0.00	0.26	0.28	0.03	0.10	0.11	0.14
0.06	0.06	0.02	0.25	0.15	0.04	0.26	0.05	0.11
0.03	0.02	0.01	0.26	0.26	0.02	0.10	0.11	0.12
