0.02	0.00	0.00	0.27	0.24	0.02	0.29	0.01	0.24
0.08	0.05	0.00	0.25	0.34	0.03	0.15	0.03	0.11
0.00	0.00	0.00	0.26	0.26	0.02	0.18	0.00	0.38
0.00	0.00	0.00	0.25	0.31	0.02	0.13	0.00	0.29
0.02	0.11	0.00	0.25	0.13	0.02	0.20	0.08	0.03
0.03	0.03	0.00	0.21	0.27	0.59	0.36	0.05	0.57
0.05	0.01	0.00	0.12	0.19	0.16	0.09	0.06	0.07
0.05	0.02	0.00	0.15	0.16	0.16	0.10	0.06	0.14
0.05	0.00	0.00	0.06	0.25	0.08	0.12	0.01	0.13
0.04	0.00	0.00	0.04	0.27	0.03	0.16	0.01	0.16
0.02	0.00	0.00	0.03	0.20	0.12	0.37	0.00	0.11
0.25	0.03	0.00	0.02	0.27	0.16	0.18	0.03	0.18
0.05	0.04	0.00	0.22	0.12	0.04	0.29	0.04	0.24
0.02	0.00	0.00	0.26	0.21	0.02	0.25	0.02	0.21
