0.06	0.08	0.00	0.25	0.24	0.21	0.16	0.23	0.16
0.03	0.03	0.00	0.26	0.22	0.12	0.07	0.04	0.20
0.04	0.04	0.00	0.25	0.25	0.15	0.14	0.21	0.16
0.18	0.07	0.00	0.25	0.28	0.27	0.26	0.23	0.22
0.19	0.04	0.00	0.26	0.26	0.30	0.29	0.39	0.09
0.10	0.12	0.00	0.25	0.24	0.26	0.19	0.28	0.28
0.05	0.07	0.00	0.28	0.25	0.15	0.11	0.26	0.08
0.05	0.05	0.00	0.26	0.30	0.22	0.11	0.25	0.18
0.00	0.00	0.00	0.25	0.24	0.03	0.07	0.00	0.24
0.01	0.01	0.00	0.27	0.13	0.02	0.12	0.03	0.10
0.05	0.03	0.00	0.25	0.23	0.05	0.12	0.01	0.20
0.03	0.01	0.00	0.27	0.31	0.06	0.14	0.02	0.11
0.03	0.02	0.00	0.25	0.12	0.16	0.20	0.04	0.20
0.05	0.07	0.00	0.25	0.25	0.18	0.24	0.06	0.17
0.02	0.09	0.00	0.22	0.25	0.19	0.23	0.04	0.14
0.00	0.03	0.00	0.28	0.22	0.03	0.30	0.02	0.10
0.08	0.04	0.00	0.25	0.27	0.26	0.25	0.03	0.15
0.03	0.02	0.00	0.26	0.18	0.07	0.10	0.01	0.22
0.14	0.03	0.00	0.25	0.20	0.23	0.29	0.06	0.14
0.15	0.13	0.00	0.25	0.12	0.25	0.31	0.08	0.04
0.01	0.02	0.00	0.25	0.11	0.05	0.08	0.03	0.13
0.22	0.10	0.00	0.25	0.25	0.31	0.23	0.45	0.05
0.02	0.01	0.00	0.26	0.22	0.07	0.08	0.04	0.20
0.07	0.02	0.00	0.25	0.17	0.27	0.12	0.10	0.10
0.02	0.03	0.00	0.21	0.17	0.07	0.13	0.01	0.07
0.07	0.04	0.00	0.25	0.26	0.13	0.20	0.04	0.04
0.04	0.02	0.00	0.23	0.42	0.04	0.09	0.02	0.29
0.13	0.04	0.00	0.25	0.24	0.32	0.16	0.13	0.05
