0.24	0.17	0.03	0.26	0.24	0.19	0.29	0.30	0.17
0.27	0.12	0.02	0.26	0.28	0.23	0.27	0.18	0.11
0.08	0.02	0.00	0.26	0.24	0.26	0.06	0.08	0.15
0.15	0.02	0.00	0.27	0.24	0.29	0.11	0.16	0.12
0.06	0.02	0.00	0.23	0.28	0.18	0.13	0.10	0.12
0.10	0.02	0.00	0.26	0.22	0.09	0.16	0.10	0.16
0.02	0.01	0.00	0.29	0.23	0.07	0.23	0.02	0.20
0.00	0.00	0.00	0.25	0.16	0.03	0.28	0.01	0.23
0.00	0.00	0.00	0.32	0.17	0.05	0.29	0.02	0.20
0.28	0.10	0.02	0.26	0.21	0.29	0.28	0.16	0.10
0.28	0.05	0.01	0.25	0.47	0.28	0.29	0.10	0.10
0.31	0.12	0.15	0.25	0.21	0.28	0.31	0.46	0.08
