0.05	0.01	0.00	0.25	0.28	0.03	0.05	0.04	0.07
0.01	0.05	0.02	0.27	0.26	0.15	0.06	0.23	0.20
0.15	0.02	0.05	0.26	0.75	0.29	0.13	0.66	0.09
0.00	0.00	0.00	0.30	0.23	0.01	0.05	0.01	0.04
0.00	0.00	0.00	0.24	0.36	0.01	0.06	0.01	0.22
0.00	0.02	0.00	0.23	0.28	0.02	0.06	0.02	0.19
0.08	0.09	0.03	0.25	0.64	0.29	0.10	0.57	0.11
0.11	0.02	0.00	0.25	0.28	0.19	0.11	0.14	0.14
0.10	0.04	0.03	0.25	0.23	0.11	0.10	0.19	0.15
0.08	0.08	0.11	0.25	0.47	0.23	0.20	0.52	0.17
0.14	0.08	0.12	0.26	0.21	0.14	0.19	0.24	0.10
0.06	0.03	0.04	0.25	0.24	0.08	0.16	0.24	0.03
0.13	0.06	0.06	0.26	0.42	0.29	0.14	0.11	0.11
0.01	0.02	0.01	0.26	0.14	0.03	0.07	0.04	0.07
0.13	0.02	0.06	0.21	0.27	0.15	0.08	0.15	0.06
0.00	0.00	0.00	0.28	0.21	0.02	0.03	0.16	0.18
0.03	0.00	0.00	0.26	0.36	0.04	0.04	0.01	0.21
0.11	0.01	0.00	0.27	0.30	0.24	0.13	0.23	0.18
0.03	0.03	0.09	0.25	0.26	0.02	0.11	0.22	0.18
0.03	0.06	0.02	0.25	0.25	0.08	0.10	0.19	0.12
0.05	0.08	0.15	0.29	0.37	0.30	0.10	0.58	0.07
0.15	0.07	0.00	0.27	0.19	0.22	0.09	0.07	0.09
0.07	0.09	0.11	0.23	0.28	0.14	0.06	0.27	0.09
0.03	0.08	0.05	0.24	0.21	0.08	0.08	0.08	0.05
0.24	0.05	0.01	0.26	0.20	0.26	0.25	0.10	0.21
0.05	0.04	0.04	0.24	0.25	0.18	0.09	0.25	0.09
0.05	0.04	0.08	0.26	0.26	0.39	0.11	0.25	0.05
0.04	0.02	0.01	0.25	0.18	0.03	0.04	0.19	0.06
0.20	0.09	0.10	0.24	0.54	0.31	0.24	0.30	0.15
0.03	0.05	0.03	0.25	0.15	0.02	0.10	0.27	0.12
0.08	0.09	0.02	0.26	0.35	0.33	0.13	0.64	0.13
0.06	0.06	0.40	0.25	0.23	0.11	0.07	0.43	0.17
0.05	0.03	0.03	0.27	0.21	0.30	0.07	0.22	0.11
0.08	0.02	0.02	0.26	0.26	0.26	0.15	0.08	0.23
0.03	0.02	0.02	0.25	0.39	0.26	0.04	0.21	0.12
0.02	0.02	0.00	0.26	0.51	0.12	0.05	0.03	0.16
0.00	0.00	0.00	0.25	0.20	0.03	0.15	0.01	0.25
0.06	0.10	0.07	0.25	0.23	0.25	0.10	0.24	0.18
0.05	0.08	0.03	0.27	0.25	0.43	0.15	0.06	0.13
0.03	0.06	0.03	0.25	0.21	0.19	0.09	0.50	0.12
0.00	0.00	0.00	0.27	0.25	0.05	0.15	0.20	0.17
0.02	0.02	0.00	0.25	0.30	0.12	0.03	0.17	0.13
0.02	0.02	0.01	0.23	0.27	0.05	0.03	0.04	0.21
0.04	0.07	0.03	0.26	0.24	0.15	0.05	0.14	0.13
0.06	0.05	0.02	0.26	0.25	0.25	0.10	0.06	0.11
0.04	0.03	0.02	0.25	0.19	0.19	0.08	0.28	0.13
0.04	0.01	0.03	0.27	0.31	0.04	0.03	0.15	0.06
0.02	0.01	0.00	0.24	0.31	0.03	0.02	0.13	0.28
0.00	0.00	0.00	0.25	0.28	0.02	0.03	0.07	0.16
0.01	0.00	0.00	0.26	0.23	0.04	0.17	0.01	0.17
0.04	0.01	0.00	0.26	0.26	0.04	0.05	0.02	0.08
0.06	0.02	0.00	0.25	0.13	0.08	0.11	0.06	0.07
0.06	0.03	0.00	0.25	0.13	0.08	0.14	0.06	0.07
0.11	0.04	0.00	0.24	0.21	0.27	0.11	0.20	0.11
