# Variant	Relative_solvent_accessibility	Allosteric_site	Catalytic_site	Altered Secondary_structure	Altered Stability_and_conformational_flexibility	Altered Special_structural_signatures	Altered Macromolecular_binding	Altered Metal_binding	Altered PTM_site
N28S	0.05	0.01	0.00	0.25	0.28	0.03	0.05	0.04	0.07
R165P	0.01	0.05	0.02	0.27	0.26	0.15	0.06	0.23	0.20
C271G	0.15	0.02	0.05	0.26	0.75	0.29	0.13	0.66	0.09
V412D	0.00	0.00	0.00	0.30	0.23	0.01	0.05	0.01	0.04
P430L	0.00	0.00	0.00	0.24	0.36	0.01	0.06	0.01	0.22
V449I	0.00	0.02	0.00	0.23	0.28	0.02	0.06	0.02	0.19
C476G	0.08	0.09	0.03	0.25	0.64	0.29	0.10	0.57	0.11
T524M	0.11	0.02	0.00	0.25	0.28	0.19	0.11	0.14	0.14
D530G	0.10	0.04	0.03	0.25	0.23	0.11	0.10	0.19	0.15
C576G	0.08	0.08	0.11	0.25	0.47	0.23	0.20	0.52	0.17
N615S	0.14	0.08	0.12	0.26	0.21	0.14	0.19	0.24	0.10
D730N	0.06	0.03	0.04	0.25	0.24	0.08	0.16	0.24	0.03
C748R	0.13	0.06	0.06	0.26	0.42	0.29	0.14	0.11	0.11
G880D	0.01	0.02	0.01	0.26	0.14	0.03	0.07	0.04	0.07
C908S	0.13	0.02	0.06	0.21	0.27	0.15	0.08	0.15	0.06
M977R	0.00	0.00	0.00	0.28	0.21	0.02	0.03	0.16	0.18
A1015T	0.03	0.00	0.00	0.26	0.36	0.04	0.04	0.01	0.21
R1066T	0.11	0.01	0.00	0.27	0.30	0.24	0.13	0.23	0.18
D1115G	0.03	0.03	0.09	0.25	0.26	0.02	0.11	0.22	0.18
N1168S	0.03	0.06	0.02	0.25	0.25	0.08	0.10	0.19	0.12
C1296R	0.05	0.08	0.15	0.29	0.37	0.30	0.10	0.58	0.07
S1438N	0.15	0.07	0.00	0.27	0.19	0.22	0.09	0.07	0.09
D1446V	0.07	0.09	0.11	0.23	0.28	0.14	0.06	0.27	0.09
C1456Y	0.03	0.08	0.05	0.24	0.21	0.08	0.08	0.08	0.05
D1479E	0.24	0.05	0.01	0.26	0.20	0.26	0.25	0.10	0.21
I1498V	0.05	0.04	0.04	0.24	0.25	0.18	0.09	0.25	0.09
C1511Y	0.05	0.04	0.08	0.26	0.26	0.39	0.11	0.25	0.05
S1565F	0.04	0.02	0.01	0.25	0.18	0.03	0.04	0.19	0.06
C1646Y	0.20	0.09	0.10	0.24	0.54	0.31	0.24	0.30	0.15
A1728V	0.03	0.05	0.03	0.25	0.15	0.02	0.10	0.27	0.12
C1835Y	0.08	0.09	0.02	0.26	0.35	0.33	0.13	0.64	0.13
C1895R	0.06	0.06	0.40	0.25	0.23	0.11	0.07	0.43	0.17
I1909L	0.05	0.03	0.03	0.27	0.21	0.30	0.07	0.22	0.11
G1919S	0.08	0.02	0.02	0.26	0.26	0.26	0.15	0.08	0.23
T2032S	0.03	0.02	0.02	0.25	0.39	0.26	0.04	0.21	0.12
S2047F	0.02	0.02	0.00	0.26	0.51	0.12	0.05	0.03	0.16
A2063T	0.00	0.00	0.00	0.25	0.20	0.03	0.15	0.01	0.25
H2139R	0.06	0.10	0.07	0.25	0.23	0.25	0.10	0.24	0.18
R2150C	0.05	0.08	0.03	0.27	0.25	0.43	0.15	0.06	0.13
C2232R	0.03	0.06	0.03	0.25	0.21	0.19	0.09	0.50	0.12
N2267K	0.00	0.00	0.00	0.27	0.25	0.05	0.15	0.20	0.17
C2302S	0.02	0.02	0.00	0.25	0.30	0.12	0.03	0.17	0.13
I2350V	0.02	0.02	0.01	0.23	0.27	0.05	0.03	0.04	0.21
R2414Q	0.04	0.07	0.03	0.26	0.24	0.15	0.05	0.14	0.13
K2460R	0.06	0.05	0.02	0.26	0.25	0.25	0.10	0.06	0.11
K2510R	0.04	0.03	0.02	0.25	0.19	0.19	0.08	0.28	0.13
N2533S	0.04	0.01	0.03	0.27	0.31	0.04	0.03	0.15	0.06
E2570K	0.02	0.01	0.00	0.24	0.31	0.03	0.02	0.13	0.28
G2691S	0.00	0.00	0.00	0.25	0.28	0.02	0.03	0.07	0.16
G2727S	0.01	0.00	0.00	0.26	0.23	0.04	0.17	0.01	0.17
N2740S	0.04	0.01	0.00	0.26	0.26	0.04	0.05	0.02	0.08
N2767S	0.06	0.02	0.00	0.25	0.13	0.08	0.11	0.06	0.07
V2771I	0.06	0.03	0.00	0.25	0.13	0.08	0.14	0.06	0.07
F2817V	0.11	0.04	0.00	0.24	0.21	0.27	0.11	0.20	0.11
