0.00	0.02	0.00	0.25	0.36	0.01	0.04	0.00	0.20
0.00	0.00	0.00	0.24	0.22	0.04	0.06	0.01	0.33
0.00	0.02	0.00	0.24	0.27	0.02	0.34	0.00	0.15
0.00	0.00	0.00	0.24	0.30	0.06	0.03	0.01	0.19
0.04	0.01	0.03	0.24	0.36	0.25	0.08	0.51	0.13
0.02	0.01	0.03	0.27	0.28	0.06	0.02	0.16	0.12
0.00	0.00	0.01	0.26	0.15	0.02	0.05	0.09	0.18
0.02	0.01	0.02	0.26	0.25	0.05	0.05	0.09	0.13
0.05	0.12	0.07	0.25	0.25	0.23	0.11	0.21	0.13
0.14	0.08	0.03	0.26	0.23	0.27	0.27	0.19	0.05
0.23	0.05	0.10	0.26	0.26	0.19	0.11	0.63	0.06
0.02	0.02	0.00	0.25	0.14	0.02	0.02	0.03	0.20
0.02	0.02	0.07	0.26	0.24	0.18	0.06	0.32	0.08
0.04	0.04	0.04	0.26	0.26	0.24	0.06	0.29	0.14
0.03	0.01	0.00	0.26	0.31	0.20	0.04	0.02	0.09
0.02	0.03	0.00	0.25	0.21	0.08	0.06	0.10	0.16
0.00	0.01	0.00	0.26	0.15	0.02	0.03	0.05	0.20
0.03	0.05	0.00	0.26	0.19	0.05	0.06	0.06	0.12
0.13	0.04	0.05	0.24	0.26	0.28	0.12	0.38	0.14
0.03	0.03	0.02	0.27	0.38	0.27	0.09	0.12	0.06
0.06	0.04	0.02	0.26	0.24	0.25	0.16	0.10	0.05
0.14	0.01	0.00	0.26	0.31	0.24	0.12	0.73	0.17
0.03	0.07	0.04	0.25	0.26	0.42	0.09	0.08	0.10
0.08	0.05	0.04	0.22	0.24	0.06	0.09	0.13	0.03
0.03	0.04	0.03	0.25	0.23	0.25	0.06	0.23	0.19
0.01	0.00	0.00	0.26	0.23	0.03	0.04	0.01	0.17
0.05	0.02	0.03	0.24	0.23	0.09	0.06	0.25	0.18
0.00	0.01	0.00	0.24	0.18	0.03	0.07	0.21	0.15
0.01	0.02	0.00	0.25	0.22	0.03	0.07	0.23	0.09
0.02	0.03	0.03	0.26	0.15	0.06	0.06	0.14	0.10
0.09	0.06	0.03	0.26	0.26	0.28	0.16	0.30	0.07
0.07	0.04	0.00	0.28	0.30	0.21	0.09	0.10	0.09
0.04	0.05	0.03	0.26	0.22	0.26	0.12	0.07	0.12
0.04	0.04	0.02	0.25	0.20	0.20	0.06	0.27	0.11
0.05	0.06	0.05	0.25	0.21	0.28	0.14	0.07	0.07
0.00	0.01	0.00	0.25	0.26	0.01	0.02	0.10	0.11
0.00	0.02	0.01	0.25	0.36	0.02	0.05	0.12	0.13
0.08	0.04	0.07	0.25	0.27	0.24	0.24	0.26	0.12
0.10	0.03	0.07	0.26	0.28	0.26	0.25	0.10	0.12
0.12	0.04	0.04	0.25	0.26	0.09	0.09	0.26	0.04
0.03	0.03	0.06	0.26	0.37	0.09	0.05	0.16	0.05
0.00	0.02	0.00	0.26	0.15	0.08	0.03	0.11	0.10
0.02	0.03	0.03	0.24	0.26	0.08	0.04	0.19	0.07
0.00	0.01	0.00	0.28	0.25	0.01	0.07	0.04	0.20
0.00	0.00	0.00	0.25	0.41	0.01	0.03	0.01	0.18
0.19	0.22	0.03	0.24	0.14	0.27	0.26	0.28	0.11
0.17	0.02	0.00	0.25	0.33	0.21	0.23	0.03	0.28
