# Variant	Relative_solvent_accessibility	Allosteric_site	Catalytic_site	Altered Secondary_structure	Altered Stability_and_conformational_flexibility	Altered Special_structural_signatures	Altered Macromolecular_binding	Altered Metal_binding	Altered PTM_site
P42L	0.00	0.02	0.00	0.25	0.36	0.01	0.04	0.00	0.20
G53S	0.00	0.00	0.00	0.24	0.22	0.04	0.06	0.01	0.33
R73S	0.00	0.02	0.00	0.24	0.27	0.02	0.34	0.00	0.15
D121G	0.00	0.00	0.00	0.24	0.30	0.06	0.03	0.01	0.19
H163R	0.04	0.01	0.03	0.24	0.36	0.25	0.08	0.51	0.13
M224T	0.02	0.01	0.03	0.27	0.28	0.06	0.02	0.16	0.12
R245W	0.00	0.00	0.01	0.26	0.15	0.02	0.05	0.09	0.18
R394H	0.02	0.01	0.02	0.26	0.25	0.05	0.05	0.09	0.13
R509L	0.05	0.12	0.07	0.25	0.25	0.23	0.11	0.21	0.13
N551D	0.14	0.08	0.03	0.26	0.23	0.27	0.27	0.19	0.05
C615F	0.23	0.05	0.10	0.26	0.26	0.19	0.11	0.63	0.06
R695H	0.02	0.02	0.00	0.25	0.14	0.02	0.02	0.03	0.20
E751A	0.02	0.02	0.07	0.26	0.24	0.18	0.06	0.32	0.08
R827Q	0.04	0.04	0.04	0.26	0.26	0.24	0.06	0.29	0.14
S884T	0.03	0.01	0.00	0.26	0.31	0.20	0.04	0.02	0.09
V965I	0.02	0.03	0.00	0.25	0.21	0.08	0.06	0.10	0.16
R1021C	0.00	0.01	0.00	0.26	0.15	0.02	0.03	0.05	0.20
T1085P	0.03	0.05	0.00	0.26	0.19	0.05	0.06	0.06	0.12
R1099H	0.13	0.04	0.05	0.24	0.26	0.28	0.12	0.38	0.14
H1189Y	0.03	0.03	0.02	0.27	0.38	0.27	0.09	0.12	0.06
M1219V	0.06	0.04	0.02	0.26	0.24	0.25	0.16	0.10	0.05
R1237H	0.14	0.01	0.00	0.26	0.31	0.24	0.12	0.73	0.17
Y1311C	0.03	0.07	0.04	0.25	0.26	0.42	0.09	0.08	0.10
N1327S	0.08	0.05	0.04	0.22	0.24	0.06	0.09	0.13	0.03
V1548I	0.03	0.04	0.03	0.25	0.23	0.25	0.06	0.23	0.19
R1586Q	0.01	0.00	0.00	0.26	0.23	0.03	0.04	0.01	0.17
V1601I	0.05	0.02	0.03	0.24	0.23	0.09	0.06	0.25	0.18
K1759Q	0.00	0.01	0.00	0.24	0.18	0.03	0.07	0.21	0.15
V1768A	0.01	0.02	0.00	0.25	0.22	0.03	0.07	0.23	0.09
P1816L	0.02	0.03	0.03	0.26	0.15	0.06	0.06	0.14	0.10
N2002D	0.09	0.06	0.03	0.26	0.26	0.28	0.16	0.30	0.07
K2050E	0.07	0.04	0.00	0.28	0.30	0.21	0.09	0.10	0.09
M2200V	0.04	0.05	0.03	0.26	0.22	0.26	0.12	0.07	0.12
M2269V	0.04	0.04	0.02	0.25	0.20	0.20	0.06	0.27	0.11
T2278M	0.05	0.06	0.05	0.25	0.21	0.28	0.14	0.07	0.07
D2304N	0.00	0.01	0.00	0.25	0.26	0.01	0.02	0.10	0.11
M2311V	0.00	0.02	0.01	0.25	0.36	0.02	0.05	0.12	0.13
M2469V	0.08	0.04	0.07	0.25	0.27	0.24	0.24	0.26	0.12
R2473Q	0.10	0.03	0.07	0.26	0.28	0.26	0.25	0.10	0.12
D2493N	0.12	0.04	0.04	0.25	0.26	0.09	0.09	0.26	0.04
S2580L	0.03	0.03	0.06	0.26	0.37	0.09	0.05	0.16	0.05
Q2629R	0.00	0.02	0.00	0.26	0.15	0.08	0.03	0.11	0.10
V2696M	0.02	0.03	0.03	0.24	0.26	0.08	0.04	0.19	0.07
E2760A	0.00	0.01	0.00	0.28	0.25	0.01	0.07	0.04	0.20
I2792M	0.00	0.00	0.00	0.25	0.41	0.01	0.03	0.01	0.18
R2833H	0.19	0.22	0.03	0.24	0.14	0.27	0.26	0.28	0.11
E2882Q	0.17	0.02	0.00	0.25	0.33	0.21	0.23	0.03	0.28
