0.01	0.01	0.00	0.28	0.13	0.06	0.10	0.03	0.09
0.00	0.01	0.00	0.25	0.27	0.10	0.05	0.23	0.19
0.00	0.00	0.00	0.25	0.46	0.04	0.33	0.05	0.23
0.00	0.00	0.00	0.25	0.24	0.25	0.09	0.17	0.07
0.02	0.00	0.00	0.25	0.28	0.14	0.09	0.24	0.07
0.00	0.00	0.00	0.26	0.28	0.02	0.02	0.01	0.09
0.01	0.01	0.00	0.25	0.24	0.28	0.05	0.10	0.05
0.02	0.01	0.01	0.26	0.27	0.40	0.06	0.33	0.14
0.00	0.00	0.00	0.25	0.18	0.01	0.03	0.01	0.16
0.04	0.02	0.00	0.26	0.23	0.08	0.08	0.01	0.06
0.21	0.07	0.00	0.25	0.20	0.34	0.29	0.20	0.08
0.25	0.08	0.02	0.24	0.14	0.29	0.25	0.19	0.14
0.17	0.12	0.02	0.26	0.19	0.19	0.38	0.07	0.15
0.18	0.14	0.00	0.24	0.15	0.17	0.26	0.20	0.07
0.01	0.09	0.00	0.25	0.15	0.12	0.14	0.27	0.14
0.02	0.12	0.02	0.25	0.15	0.12	0.11	0.28	0.14
0.11	0.06	0.00	0.27	0.22	0.27	0.26	0.03	0.16
0.07	0.14	0.10	0.29	0.21	0.30	0.25	0.27	0.15
