0.09	0.03	0.00	0.23	0.35	0.25	0.23	0.17	0.16
0.30	0.12	0.00	0.27	0.19	0.26	0.23	0.11	0.08
0.15	0.13	0.00	0.27	0.07	0.19	0.25	0.02	0.07
0.04	0.05	0.00	0.27	0.04	0.11	0.24	0.03	0.08
0.04	0.05	0.00	0.33	0.04	0.12	0.25	0.03	0.08
0.25	0.11	0.00	0.25	0.26	0.33	0.28	0.30	0.12
0.26	0.08	0.00	0.25	0.25	0.26	0.27	0.26	0.12
0.07	0.14	0.00	0.26	0.07	0.15	0.26	0.26	0.05
0.00	0.08	0.00	0.30	0.11	0.06	0.16	0.03	0.01
0.00	0.08	0.00	0.30	0.11	0.06	0.16	0.03	0.01
0.01	0.08	0.00	0.27	0.11	0.07	0.16	0.03	0.01
0.03	0.20	0.00	0.26	0.37	0.31	0.25	0.03	0.17
0.12	0.02	0.00	0.30	0.24	0.15	0.23	0.03	0.27
0.15	0.07	0.00	0.25	0.23	0.25	0.29	0.07	0.12
0.04	0.07	0.00	0.28	0.09	0.09	0.22	0.04	0.10
0.03	0.08	0.00	0.19	0.06	0.16	0.20	0.04	0.09
0.02	0.07	0.00	0.16	0.06	0.18	0.20	0.04	0.02
0.20	0.16	0.00	0.28	0.11	0.35	0.29	0.12	0.01
0.00	0.12	0.00	0.25	0.06	0.03	0.17	0.03	0.01
