0.25	0.05	0.00	0.27	0.26	0.10	0.26	0.29	0.22
0.05	0.03	0.00	0.25	0.31	0.27	0.15	0.23	0.04
0.05	0.04	0.00	0.25	0.28	0.24	0.18	0.13	0.05
0.04	0.03	0.00	0.25	0.41	0.31	0.14	0.03	0.12
0.06	0.03	0.00	0.26	0.24	0.27	0.14	0.34	0.17
0.04	0.02	0.00	0.27	0.33	0.24	0.14	0.05	0.13
0.07	0.03	0.00	0.25	0.17	0.21	0.16	0.08	0.03
0.05	0.02	0.00	0.22	0.20	0.19	0.19	0.23	0.28
0.10	0.00	0.00	0.26	0.40	0.27	0.15	0.05	0.13
0.03	0.01	0.00	0.26	0.33	0.16	0.19	0.10	0.15
0.08	0.01	0.00	0.24	0.26	0.19	0.15	0.12	0.24
0.03	0.06	0.00	0.27	0.26	0.05	0.14	0.13	0.11
0.03	0.01	0.00	0.27	0.29	0.18	0.13	0.04	0.13
0.10	0.11	0.00	0.26	0.19	0.28	0.21	0.28	0.07
0.03	0.05	0.00	0.25	0.15	0.12	0.18	0.03	0.23
0.12	0.05	0.00	0.26	0.23	0.13	0.09	0.33	0.10
