0.07	0.05	0.00	0.26	0.31	0.02	0.13	0.01	0.28
0.04	0.01	0.00	0.26	0.15	0.06	0.08	0.03	0.03
0.00	0.01	0.00	0.26	0.22	0.03	0.03	0.01	0.12
0.02	0.00	0.00	0.25	0.22	0.03	0.05	0.02	0.14
0.02	0.01	0.00	0.26	0.26	0.03	0.06	0.01	0.13
0.01	0.02	0.00	0.28	0.14	0.04	0.04	0.03	0.13
0.02	0.02	0.00	0.25	0.10	0.03	0.10	0.01	0.13
0.03	0.02	0.00	0.26	0.14	0.02	0.04	0.06	0.05
0.00	0.04	0.00	0.26	0.07	0.03	0.05	0.03	0.14
0.05	0.02	0.00	0.21	0.40	0.12	0.16	0.14	0.09
0.03	0.03	0.00	0.21	0.24	0.09	0.08	0.13	0.09
0.01	0.02	0.00	0.25	0.20	0.03	0.09	0.04	0.18
0.03	0.03	0.00	0.28	0.17	0.20	0.13	0.05	0.18
0.06	0.09	0.00	0.25	0.28	0.11	0.20	0.03	0.27
