0.27	0.25	0.08	0.24	0.25	0.24	0.29	0.15	0.11
0.02	0.06	0.00	0.25	0.11	0.05	0.14	0.04	0.06
0.04	0.05	0.00	0.26	0.21	0.12	0.11	0.05	0.17
0.00	0.00	0.00	0.20	0.34	0.04	0.04	0.01	0.03
0.00	0.00	0.00	0.26	0.23	0.01	0.10	0.01	0.16
0.00	0.00	0.00	0.26	0.19	0.02	0.16	0.00	0.14
0.03	0.02	0.00	0.27	0.21	0.05	0.27	0.01	0.17
0.02	0.09	0.00	0.32	0.12	0.12	0.31	0.03	0.07
0.09	0.14	0.06	0.22	0.17	0.30	0.28	0.05	0.03
0.08	0.13	0.02	0.24	0.15	0.19	0.20	0.02	0.09
0.17	0.04	0.00	0.26	0.32	0.29	0.36	0.04	0.16
0.16	0.03	0.00	0.26	0.24	0.29	0.26	0.06	0.13
0.02	0.06	0.03	0.27	0.12	0.23	0.40	0.04	0.05
0.18	0.19	0.13	0.25	0.24	0.15	0.35	0.11	0.10
0.29	0.19	0.13	0.26	0.29	0.21	0.29	0.14	0.04
0.11	0.19	0.01	0.26	0.12	0.08	0.25	0.14	0.13
0.13	0.10	0.01	0.27	0.15	0.05	0.26	0.13	0.05
0.07	0.30	0.04	0.27	0.30	0.03	0.27	0.28	0.15
0.04	0.02	0.00	0.26	0.37	0.04	0.24	0.04	0.37
0.00	0.00	0.00	0.27	0.23	0.02	0.34	0.00	0.91
0.00	0.00	0.00	0.24	0.23	0.02	0.26	0.00	0.54
0.00	0.00	0.00	0.22	0.21	0.02	0.05	0.00	0.18
0.00	0.00	0.00	0.27	0.22	0.02	0.10	0.00	0.16
0.00	0.00	0.00	0.23	0.18	0.01	0.04	0.01	0.08
