0.00	0.00	0.00	0.25	0.18	0.06	0.07	0.22	0.16
0.00	0.00	0.00	0.29	0.31	0.02	0.06	0.02	0.63
0.00	0.00	0.00	0.25	0.21	0.01	0.19	0.00	0.21
0.00	0.00	0.00	0.25	0.25	0.03	0.10	0.01	0.27
0.00	0.00	0.00	0.24	0.26	0.02	0.16	0.00	0.24
0.00	0.00	0.00	0.26	0.26	0.10	0.29	0.01	0.24
0.00	0.00	0.00	0.26	0.22	0.09	0.28	0.00	0.22
0.00	0.00	0.00	0.25	0.22	0.02	0.19	0.00	0.46
0.00	0.00	0.00	0.24	0.23	0.02	0.26	0.01	0.26
0.00	0.00	0.00	0.24	0.23	0.01	0.28	0.00	0.27
0.00	0.00	0.00	0.29	0.20	0.01	0.10	0.00	0.40
0.00	0.00	0.00	0.26	0.19	0.02	0.12	0.00	0.10
0.00	0.00	0.00	0.25	0.23	0.03	0.27	0.00	0.19
0.00	0.00	0.00	0.25	0.14	0.03	0.22	0.01	0.04
0.00	0.00	0.00	0.25	0.39	0.07	0.35	0.00	0.02
0.00	0.00	0.00	0.27	0.22	0.02	0.28	0.01	0.22
0.00	0.00	0.00	0.32	0.21	0.45	0.22	0.00	0.18
0.00	0.00	0.00	0.28	0.28	0.01	0.11	0.00	0.13
0.00	0.00	0.00	0.25	0.20	0.03	0.11	0.01	0.21
0.00	0.00	0.00	0.28	0.27	0.05	0.12	0.05	0.18
0.00	0.00	0.00	0.26	0.12	0.02	0.19	0.02	0.18
0.00	0.00	0.00	0.26	0.12	0.03	0.12	0.05	0.09
