0.07	0.02	0.00	0.27	0.20	0.04	0.33	0.05	0.16
0.02	0.01	0.00	0.27	0.24	0.09	0.20	0.01	0.05
0.00	0.02	0.00	0.26	0.26	0.02	0.46	0.02	0.24
0.06	0.02	0.00	0.25	0.17	0.16	0.36	0.07	0.14
0.06	0.03	0.00	0.24	0.14	0.15	0.14	0.03	0.19
0.01	0.02	0.00	0.26	0.42	0.02	0.23	0.04	0.26
0.08	0.04	0.00	0.27	0.21	0.10	0.17	0.19	0.10
0.11	0.04	0.00	0.23	0.14	0.04	0.14	0.09	0.23
0.00	0.03	0.00	0.26	0.33	0.02	0.29	0.04	0.05
0.02	0.04	0.00	0.26	0.26	0.03	0.15	0.02	0.15
0.03	0.03	0.00	0.25	0.17	0.06	0.10	0.05	0.04
0.01	0.05	0.00	0.25	0.26	0.04	0.11	0.03	0.04
0.03	0.15	0.00	0.26	0.17	0.25	0.25	0.02	0.03
