0.05	0.03	0.04	0.26	0.26	0.23	0.08	0.07	0.05
0.17	0.05	0.09	0.26	0.27	0.31	0.30	0.10	0.15
0.08	0.07	0.07	0.25	0.21	0.42	0.23	0.23	0.03
0.25	0.05	0.08	0.26	0.15	0.30	0.11	0.17	0.13
0.02	0.01	0.00	0.29	0.27	0.01	0.03	0.01	0.12
0.06	0.02	0.00	0.02	0.19	0.41	0.16	0.03	0.20
0.05	0.00	0.00	0.05	0.37	0.14	0.16	0.03	0.24
0.05	0.01	0.00	0.03	0.24	0.27	0.34	0.03	0.21
0.16	0.02	0.00	0.25	0.18	0.32	0.21	0.19	0.12
0.05	0.03	0.00	0.26	0.19	0.31	0.14	0.07	0.06
0.07	0.02	0.00	0.27	0.19	0.35	0.12	0.08	0.18
0.08	0.04	0.00	0.27	0.15	0.30	0.17	0.06	0.15
0.08	0.03	0.00	0.33	0.19	0.30	0.11	0.05	0.28
