0.25	0.16	0.05	0.25	0.18	0.21	0.27	0.38	0.09
0.09	0.02	0.02	0.25	0.27	0.27	0.16	0.15	0.25
0.05	0.02	0.00	0.25	0.27	0.25	0.13	0.04	0.08
0.04	0.00	0.00	0.23	0.26	0.31	0.11	0.08	0.14
0.07	0.04	0.05	0.25	0.21	0.22	0.16	0.27	0.04
0.18	0.03	0.00	0.25	0.22	0.25	0.17	0.08	0.12
0.17	0.03	0.02	0.26	0.43	0.29	0.14	0.23	0.09
0.14	0.07	0.09	0.25	0.27	0.26	0.25	0.22	0.11
0.04	0.02	0.03	0.25	0.31	0.18	0.12	0.04	0.09
0.01	0.00	0.00	0.27	0.38	0.02	0.03	0.01	0.15
0.21	0.01	0.00	0.02	0.24	0.26	0.24	0.12	0.13
0.19	0.01	0.00	0.03	0.29	0.36	0.36	0.11	0.30
0.10	0.00	0.00	0.02	0.56	0.05	0.39	0.02	0.13
0.24	0.04	0.00	0.25	0.17	0.10	0.21	0.15	0.13
0.06	0.03	0.00	0.25	0.09	0.35	0.31	0.02	0.19
0.14	0.02	0.00	0.27	0.27	0.19	0.23	0.08	0.18
0.09	0.12	0.10	0.25	0.15	0.28	0.32	0.06	0.17
0.19	0.04	0.02	0.25	0.16	0.31	0.27	0.27	0.14
0.22	0.06	0.00	0.26	0.15	0.25	0.27	0.20	0.15
