# Variant	Relative_solvent_accessibility	Allosteric_site	Catalytic_site	Altered Secondary_structure	Altered Stability_and_conformational_flexibility	Altered Special_structural_signatures	Altered Macromolecular_binding	Altered Metal_binding	Altered PTM_site
M1I	0.06	0.01	0.03	0.20	0.39	0.04	0.28	0.04	0.01
M1L	0.05	0.01	0.03	0.20	0.30	0.03	0.30	0.04	0.01
W10R	0.04	0.02	0.02	0.25	0.20	0.05	0.31	0.03	0.19
W10R	0.04	0.02	0.02	0.25	0.20	0.05	0.31	0.03	0.19
C46G	0.13	0.03	0.06	0.27	1.00	0.30	0.22	0.51	0.08
C46S	0.15	0.03	0.06	0.26	1.00	0.30	0.23	0.52	0.09
C52Y	0.13	0.07	0.28	0.25	0.39	0.29	0.24	0.29	0.11
C63R	0.04	0.03	0.04	0.27	0.35	0.12	0.05	0.17	0.11
C82G	0.02	0.01	0.00	0.25	0.26	0.13	0.24	0.32	0.19
C82Y	0.02	0.03	0.00	0.26	0.45	0.13	0.25	0.32	0.19
C89G	0.09	0.02	0.01	0.26	0.54	0.18	0.31	0.30	0.09
C89R	0.06	0.02	0.02	0.26	0.54	0.16	0.28	0.30	0.12
C89W	0.09	0.02	0.01	0.25	0.54	0.18	0.30	0.31	0.12
C89Y	0.10	0.02	0.01	0.26	0.54	0.19	0.36	0.30	0.12
D90E	0.06	0.02	0.04	0.25	0.26	0.15	0.25	0.25	0.09
D90Y	0.07	0.02	0.03	0.26	0.55	0.15	0.30	0.29	0.09
N97K	0.06	0.04	0.05	0.26	0.25	0.15	0.23	0.12	0.10
D100N	0.05	0.03	0.05	0.26	0.23	0.07	0.17	0.14	0.04
C104Y	0.05	0.05	0.05	0.24	0.24	0.11	0.16	0.21	0.11
C109F	0.02	0.02	0.00	0.26	0.27	0.15	0.21	0.24	0.10
C109R	0.02	0.02	0.02	0.26	0.27	0.14	0.15	0.23	0.12
C121R	0.06	0.02	0.02	0.26	0.41	0.20	0.29	0.53	0.17
C121Y	0.06	0.02	0.01	0.27	0.41	0.25	0.41	0.47	0.17
F126S	0.09	0.02	0.01	0.25	0.27	0.22	0.27	0.25	0.17
C128R	0.10	0.03	0.03	0.26	0.65	0.17	0.26	0.48	0.17
C128Y	0.09	0.03	0.03	0.27	0.65	0.24	0.35	0.48	0.16
C134F	0.10	0.03	0.05	0.25	0.47	0.23	0.29	0.37	0.10
D136V	0.07	0.03	0.05	0.25	0.50	0.18	0.25	0.29	0.09
G137C	0.07	0.03	0.05	0.27	0.31	0.16	0.27	0.49	0.09
G137S	0.07	0.03	0.05	0.26	0.34	0.15	0.25	0.25	0.09
D139G	0.04	0.03	0.05	0.27	0.31	0.10	0.19	0.27	0.09
D139N	0.04	0.03	0.06	0.26	0.32	0.10	0.19	0.24	0.07
D139V	0.05	0.03	0.07	0.26	0.48	0.10	0.19	0.27	0.07
E140K	0.04	0.03	0.02	0.29	0.25	0.09	0.23	0.08	0.09
C143R	0.03	0.03	0.02	0.27	0.31	0.07	0.18	0.08	0.14
C143S	0.03	0.03	0.02	0.30	0.39	0.08	0.20	0.10	0.17
C143Y	0.05	0.04	0.02	0.27	0.43	0.08	0.25	0.10	0.14
T147I	0.03	0.00	0.00	0.25	0.36	0.04	0.08	0.06	0.16
C148R	0.00	0.01	0.00	0.27	0.29	0.05	0.04	0.05	0.19
C148S	0.00	0.01	0.00	0.30	0.37	0.05	0.05	0.05	0.23
C148Y	0.00	0.02	0.00	0.27	0.43	0.06	0.05	0.05	0.13
G149C	0.00	0.00	0.00	0.27	0.27	0.05	0.06	0.24	0.14
A151P	0.00	0.01	0.01	0.25	0.40	0.05	0.07	0.24	0.16
C155Y	0.04	0.02	0.04	0.27	0.43	0.26	0.20	0.30	0.23
S158C	0.02	0.01	0.01	0.25	0.32	0.26	0.15	0.39	0.11
C160R	0.03	0.03	0.06	0.24	0.50	0.29	0.19	0.60	0.12
P162L	0.02	0.02	0.02	0.24	0.37	0.28	0.18	0.27	0.09
C167W	0.07	0.03	0.06	0.25	0.97	0.34	0.26	0.29	0.09
D168A	0.05	0.02	0.09	0.25	0.31	0.27	0.18	0.29	0.05
D168E	0.05	0.02	0.10	0.25	0.25	0.26	0.18	0.24	0.05
D168H	0.05	0.03	0.09	0.26	0.32	0.27	0.19	0.34	0.05
D172G	0.05	0.02	0.09	0.25	0.29	0.29	0.18	0.52	0.07
D172N	0.06	0.03	0.09	0.25	0.29	0.27	0.18	0.42	0.07
D172Y	0.08	0.03	0.09	0.27	0.39	0.25	0.23	0.41	0.21
C173G	0.05	0.04	0.09	0.25	0.33	0.27	0.20	0.63	0.09
C173R	0.05	0.04	0.23	0.27	0.33	0.29	0.19	0.59	0.10
G176V	0.05	0.04	0.13	0.26	0.36	0.26	0.17	0.14	0.08
D178G	0.04	0.04	0.09	0.27	0.29	0.18	0.11	0.19	0.17
D178H	0.04	0.05	0.10	0.27	0.32	0.18	0.11	0.14	0.16
D178N	0.04	0.04	0.09	0.27	0.29	0.18	0.11	0.13	0.16
C184R	0.00	0.03	0.04	0.27	0.32	0.03	0.08	0.07	0.16
C197F	0.00	0.01	0.00	0.26	0.26	0.01	0.04	0.01	0.11
C197R	0.00	0.01	0.00	0.26	0.28	0.01	0.04	0.01	0.16
E201K	0.01	0.01	0.00	0.26	0.25	0.04	0.05	0.26	0.05
C204F	0.03	0.01	0.00	0.26	0.26	0.09	0.07	0.37	0.04
C204Y	0.04	0.02	0.00	0.26	0.28	0.09	0.07	0.35	0.04
C209Y	0.03	0.03	0.03	0.26	0.30	0.17	0.10	0.50	0.04
W214S	0.08	0.03	0.03	0.26	0.67	0.24	0.09	0.38	0.08
R215S	0.14	0.03	0.03	0.26	0.34	0.24	0.09	0.33	0.08
C216R	0.14	0.05	0.05	0.25	0.58	0.22	0.09	0.26	0.09
D221G	0.14	0.03	0.03	0.25	0.28	0.23	0.06	0.22	0.09
D221V	0.14	0.04	0.04	0.26	0.48	0.23	0.07	0.26	0.09
D221Y	0.15	0.05	0.03	0.27	0.56	0.23	0.13	0.23	0.09
C222F	0.22	0.03	0.03	0.25	0.33	0.26	0.12	0.22	0.10
C222W	0.22	0.04	0.05	0.26	0.44	0.22	0.10	0.27	0.09
C222Y	0.20	0.04	0.03	0.26	0.41	0.23	0.12	0.23	0.11
K223N	0.14	0.02	0.03	0.25	0.28	0.24	0.07	0.17	0.10
D224N	0.16	0.02	0.03	0.26	0.28	0.21	0.07	0.11	0.09
S226C	0.08	0.03	0.03	0.26	0.30	0.15	0.07	0.30	0.10
S226P	0.08	0.03	0.03	0.26	0.26	0.14	0.07	0.18	0.11
E228A	0.06	0.03	0.03	0.25	0.33	0.14	0.08	0.19	0.09
E228G	0.06	0.03	0.03	0.26	0.26	0.14	0.07	0.18	0.09
C231G	0.01	0.03	0.04	0.27	0.27	0.15	0.09	0.20	0.24
C231R	0.01	0.03	0.09	0.26	0.26	0.10	0.10	0.20	0.23
C231W	0.01	0.03	0.07	0.26	0.52	0.11	0.11	0.20	0.20
C248F	0.08	0.04	0.02	0.26	0.38	0.28	0.17	0.67	0.08
Q254P	0.20	0.04	0.01	0.28	0.29	0.25	0.20	0.25	0.09
D256G	0.21	0.06	0.06	0.26	0.30	0.24	0.21	0.43	0.08
C261F	0.33	0.12	0.07	0.25	0.34	0.29	0.24	0.49	0.11
C270R	0.03	0.11	0.05	0.24	0.28	0.03	0.11	0.13	0.10
N272T	0.03	0.04	0.05	0.24	0.22	0.02	0.03	0.12	0.05
C276G	0.01	0.01	0.00	0.26	0.25	0.03	0.03	0.10	0.08
C276R	0.02	0.02	0.00	0.25	0.21	0.03	0.03	0.10	0.18
C276W	0.02	0.02	0.00	0.25	0.19	0.04	0.04	0.10	0.08
G287C	0.07	0.03	0.01	0.28	0.30	0.29	0.06	0.27	0.07
C296Y	0.14	0.06	0.03	0.28	1.00	0.31	0.26	0.26	0.10
N297H	0.09	0.04	0.04	0.25	0.28	0.25	0.23	0.53	0.10
A299T	0.09	0.04	0.04	0.25	0.27	0.26	0.24	0.23	0.23
D301G	0.09	0.04	0.04	0.26	0.27	0.25	0.24	0.28	0.11
C302W	0.13	0.07	0.12	0.26	0.44	0.30	0.26	0.28	0.11
D304Y	0.09	0.06	0.06	0.26	0.27	0.24	0.26	0.22	0.10
S306L	0.04	0.04	0.05	0.26	0.27	0.15	0.26	0.22	0.12
D307E	0.04	0.04	0.05	0.26	0.26	0.07	0.23	0.22	0.14
G314R	0.02	0.00	0.00	0.28	0.25	0.02	0.03	0.03	0.18
N316T	0.02	0.00	0.00	0.25	0.21	0.02	0.03	0.03	0.12
E317K	0.03	0.00	0.00	0.25	0.21	0.02	0.03	0.03	0.07
C318F	0.02	0.01	0.00	0.25	0.21	0.03	0.05	0.03	0.06
C318Y	0.02	0.01	0.00	0.26	0.21	0.03	0.05	0.03	0.07
N322I	0.01	0.02	0.00	0.26	0.26	0.03	0.04	0.25	0.06
G323S	0.01	0.03	0.00	0.24	0.23	0.04	0.04	0.24	0.05
C325Y	0.02	0.05	0.02	0.26	0.32	0.05	0.05	0.23	0.06
S326C	0.01	0.02	0.00	0.25	0.31	0.05	0.04	0.68	0.02
C329F	0.02	0.03	0.00	0.25	0.38	0.09	0.04	0.29	0.06
C329G	0.02	0.02	0.00	0.25	0.38	0.08	0.04	0.26	0.06
G335V	0.02	0.01	0.01	0.25	0.18	0.14	0.06	0.26	0.06
Y336C	0.04	0.01	0.01	0.25	0.21	0.14	0.06	0.32	0.07
C338G	0.06	0.02	0.02	0.25	0.24	0.17	0.06	0.64	0.06
C338S	0.06	0.02	0.03	0.25	0.22	0.20	0.06	0.69	0.06
L339P	0.05	0.02	0.01	0.24	0.27	0.13	0.06	0.33	0.05
G343D	0.05	0.02	0.01	0.27	0.19	0.14	0.06	0.25	0.03
C352R	0.09	0.03	0.04	0.27	0.53	0.24	0.09	0.40	0.11
C352S	0.09	0.02	0.02	0.27	0.53	0.29	0.08	0.33	0.11
D354A	0.09	0.03	0.02	0.25	0.25	0.25	0.08	0.33	0.12
D354G	0.09	0.03	0.02	0.23	0.27	0.27	0.08	0.33	0.12
D356A	0.09	0.03	0.02	0.27	0.25	0.27	0.08	0.53	0.12
C358Y	0.12	0.05	0.06	0.25	0.71	0.29	0.12	0.68	0.06
C364S	0.11	0.04	0.11	0.26	0.75	0.34	0.10	0.55	0.05
C364Y	0.10	0.08	0.09	0.26	0.75	0.37	0.17	0.35	0.05
C368S	0.15	0.04	0.03	0.26	0.58	0.38	0.10	0.19	0.09
G373C	0.08	0.02	0.00	0.26	0.30	0.33	0.12	0.32	0.09
Y375C	0.10	0.02	0.02	0.27	0.24	0.41	0.14	0.51	0.09
C377Y	0.17	0.03	0.02	0.25	0.22	0.30	0.17	0.33	0.09
C379R	0.17	0.04	0.04	0.25	0.31	0.29	0.12	0.56	0.08
C379Y	0.18	0.03	0.04	0.25	0.31	0.31	0.17	0.43	0.06
Q384P	0.17	0.03	0.02	0.25	0.23	0.30	0.10	0.15	0.06
C392R	0.08	0.06	0.08	0.26	0.42	0.17	0.19	0.65	0.13
T404I	0.04	0.04	0.00	0.25	0.13	0.26	0.27	0.10	0.09
R406P	0.05	0.04	0.00	0.28	0.18	0.26	0.32	0.15	0.10
R406W	0.04	0.04	0.00	0.25	0.20	0.31	0.27	0.14	0.10
E408A	0.04	0.04	0.00	0.25	0.26	0.30	0.30	0.11	0.10
E408V	0.04	0.04	0.00	0.25	0.27	0.30	0.30	0.11	0.12
K411E	0.04	0.04	0.00	0.25	0.27	0.29	0.28	0.10	0.11
M412T	0.06	0.03	0.00	0.26	0.61	0.30	0.29	0.11	0.11
L414R	0.08	0.04	0.00	0.25	0.43	0.45	0.20	0.05	0.15
D415H	0.06	0.04	0.00	0.25	0.23	0.35	0.17	0.06	0.13
R416P	0.07	0.04	0.00	0.25	0.23	0.26	0.17	0.05	0.14
R416Q	0.08	0.04	0.00	0.26	0.23	0.29	0.16	0.05	0.13
E418K	0.06	0.04	0.00	0.27	0.23	0.31	0.17	0.05	0.13
Y419C	0.08	0.04	0.00	0.27	0.21	0.33	0.17	0.07	0.15
Y419D	0.06	0.04	0.00	0.27	0.30	0.33	0.19	0.08	0.15
I423T	0.09	0.04	0.00	0.25	0.28	0.29	0.19	0.13	0.22
A431T	0.08	0.02	0.01	0.25	0.13	0.19	0.20	0.14	0.22
D433H	0.14	0.02	0.01	0.26	0.13	0.13	0.30	0.33	0.06
N439Y	0.14	0.06	0.02	0.25	0.12	0.13	0.33	0.16	0.13
I441M	0.13	0.06	0.02	0.25	0.32	0.13	0.25	0.15	0.13
I441T	0.16	0.06	0.02	0.25	0.92	0.12	0.31	0.16	0.14
Y442C	0.13	0.06	0.02	0.25	0.13	0.12	0.29	0.15	0.14
W443C	0.13	0.05	0.02	0.26	0.14	0.16	0.33	0.16	0.15
S444P	0.13	0.05	0.02	0.25	0.17	0.15	0.26	0.16	0.13
I451T	0.11	0.00	0.00	0.27	0.30	0.18	0.32	0.09	0.13
T454N	0.11	0.01	0.00	0.26	0.15	0.20	0.32	0.06	0.14
I473V	0.25	0.03	0.02	0.25	0.16	0.27	0.26	0.13	0.22
A475V	0.25	0.04	0.02	0.25	0.16	0.34	0.28	0.17	0.22
L479P	0.25	0.25	0.19	0.25	0.40	0.28	0.32	0.17	0.10
W483R	0.41	0.24	0.19	0.26	0.14	0.29	0.27	0.29	0.10
I488N	0.32	0.24	0.15	0.26	0.22	0.42	0.32	0.37	0.09
D492G	0.20	0.15	0.09	0.28	0.10	0.28	0.32	0.57	0.10
G496V	0.15	0.04	0.03	0.25	0.14	0.21	0.30	0.28	0.10
T497P	0.15	0.05	0.04	0.26	0.16	0.20	0.28	0.25	0.09
T510M	0.28	0.07	0.00	0.25	0.22	0.26	0.23	0.09	0.12
R513K	0.33	0.07	0.00	0.25	0.28	0.25	0.24	0.10	0.18
P519S	0.29	0.09	0.09	0.26	0.25	0.24	0.29	0.13	0.14
R520G	0.27	0.07	0.07	0.26	0.24	0.24	0.27	0.29	0.16
A521T	0.22	0.07	0.08	0.25	0.22	0.24	0.26	0.25	0.13
V523M	0.16	0.07	0.07	0.26	0.20	0.22	0.26	0.25	0.14
V524G	0.12	0.07	0.07	0.25	0.44	0.21	0.30	0.26	0.14
G529D	0.14	0.13	0.06	0.26	0.11	0.14	0.32	0.40	0.04
W533R	0.12	0.13	0.06	0.25	0.14	0.11	0.43	0.18	0.08
W536G	0.16	0.16	0.05	0.26	0.32	0.12	0.30	0.20	0.08
A540T	0.16	0.07	0.05	0.25	0.23	0.25	0.30	0.19	0.11
I542S	0.16	0.06	0.05	0.25	0.49	0.26	0.30	0.06	0.12
G545E	0.17	0.05	0.10	0.25	0.24	0.32	0.31	0.13	0.14
G545R	0.16	0.06	0.10	0.25	0.26	0.28	0.29	0.12	0.37
G545W	0.16	0.06	0.10	0.25	0.29	0.27	0.28	0.12	0.12
G546D	0.25	0.05	0.10	0.25	0.23	0.32	0.32	0.17	0.12
G546V	0.24	0.05	0.11	0.27	0.27	0.29	0.26	0.12	0.11
N548K	0.23	0.05	0.11	0.25	0.23	0.29	0.29	0.13	0.14
L555P	0.34	0.06	0.00	0.25	0.30	0.27	0.31	0.10	0.08
P563S	0.27	0.06	0.02	0.26	0.11	0.27	0.20	0.17	0.07
N564D	0.25	0.05	0.02	0.26	0.12	0.27	0.21	0.21	0.05
G565A	0.16	0.05	0.02	0.27	0.12	0.28	0.21	0.18	0.04
L568P	0.19	0.03	0.02	0.27	0.18	0.32	0.24	0.18	0.04
L568V	0.18	0.02	0.02	0.28	0.14	0.28	0.23	0.17	0.05
D569Y	0.20	0.04	0.02	0.26	0.14	0.34	0.29	0.20	0.08
S572N	0.22	0.14	0.02	0.28	0.13	0.33	0.22	0.17	0.08
W577G	0.31	0.16	0.04	0.27	0.22	0.30	0.36	0.25	0.12
W577R	0.37	0.14	0.04	0.26	0.22	0.30	0.32	0.25	0.09
W577S	0.44	0.15	0.04	0.27	0.30	0.33	0.34	0.30	0.11
D579G	0.16	0.14	0.04	0.25	0.13	0.32	0.32	0.36	0.09
D579N	0.16	0.14	0.04	0.25	0.13	0.26	0.30	0.33	0.09
D579Y	0.16	0.14	0.04	0.25	0.14	0.32	0.27	0.38	0.09
L582F	0.16	0.14	0.05	0.26	0.18	0.16	0.32	0.26	0.08
L582P	0.14	0.14	0.07	0.25	0.29	0.14	0.31	0.27	0.09
H583R	0.14	0.06	0.04	0.25	0.22	0.14	0.34	0.27	0.21
G592R	0.17	0.05	0.01	0.25	0.24	0.25	0.24	0.12	0.12
D601V	0.09	0.02	0.00	0.26	0.30	0.29	0.15	0.06	0.11
L605P	0.14	0.07	0.01	0.25	0.35	0.31	0.21	0.23	0.10
P608R	0.13	0.10	0.00	0.23	0.19	0.30	0.17	0.27	0.12
P608S	0.15	0.07	0.00	0.23	0.22	0.27	0.20	0.25	0.09
S610C	0.17	0.06	0.06	0.26	0.13	0.26	0.23	0.35	0.02
S610F	0.17	0.06	0.06	0.26	0.13	0.23	0.24	0.35	0.02
L611F	0.16	0.07	0.06	0.25	0.10	0.25	0.24	0.28	0.03
E615K	0.18	0.06	0.06	0.26	0.11	0.26	0.23	0.42	0.08
E615V	0.17	0.06	0.06	0.25	0.10	0.28	0.23	0.48	0.08
F619C	0.19	0.06	0.07	0.26	0.10	0.26	0.27	0.63	0.08
F619S	0.25	0.07	0.08	0.27	0.14	0.31	0.31	0.30	0.09
W620C	0.18	0.04	0.06	0.29	0.10	0.27	0.30	0.47	0.09
T621R	0.22	0.06	0.01	0.26	0.09	0.25	0.26	0.31	0.15
D622N	0.23	0.04	0.01	0.26	0.09	0.25	0.26	0.36	0.08
A627D	0.34	0.02	0.02	0.27	0.10	0.41	0.34	0.34	0.07
A627T	0.26	0.02	0.01	0.28	0.10	0.29	0.29	0.27	0.19
A627V	0.24	0.02	0.01	0.29	0.10	0.25	0.29	0.32	0.08
S648P	0.12	0.04	0.00	0.26	0.22	0.29	0.14	0.06	0.08
L658P	0.03	0.10	0.03	0.25	0.20	0.29	0.10	0.18	0.16
C667R	0.04	0.03	0.05	0.25	0.81	0.20	0.08	0.26	0.15
C667W	0.04	0.04	0.03	0.26	0.81	0.17	0.09	0.29	0.15
G675S	0.04	0.05	0.23	0.25	0.18	0.27	0.13	0.28	0.04
A684T	0.03	0.04	0.18	0.26	0.18	0.26	0.15	0.23	0.04
P685S	0.03	0.03	0.19	0.28	0.18	0.25	0.14	0.26	0.01
C696W	0.04	0.04	0.10	0.26	0.51	0.30	0.11	0.52	0.08
C696Y	0.05	0.04	0.11	0.26	0.51	0.35	0.13	0.55	0.07
C698F	0.05	0.02	0.03	0.25	0.58	0.30	0.10	0.86	0.08
C698Y	0.07	0.03	0.07	0.25	0.58	0.36	0.12	0.62	0.07
D700N	0.05	0.02	0.03	0.25	0.28	0.26	0.06	0.06	0.07
C711Y	0.05	0.01	0.00	0.24	0.48	0.20	0.11	0.11	0.16
I764T	0.03	0.00	0.00	0.26	0.50	0.26	0.08	0.02	0.20
L799R	0.00	0.00	0.02	0.20	0.05	0.26	0.08	0.01	0.18
G805R	0.00	0.03	0.00	0.27	0.06	0.22	0.17	0.01	0.17
N825K	0.09	0.03	0.00	0.22	0.19	0.18	0.35	0.07	0.13
N825K	0.09	0.03	0.00	0.22	0.19	0.18	0.35	0.07	0.13
P826T	0.09	0.03	0.00	0.23	0.20	0.15	0.28	0.08	0.07
Y828C	0.09	0.02	0.00	0.23	0.22	0.23	0.27	0.11	0.07
