0.01	0.00	0.00	0.18	0.20	0.05	0.43	0.04	0.23
0.01	0.03	0.00	0.25	0.36	0.02	0.27	0.01	0.33
0.15	0.02	0.00	0.03	0.34	0.03	0.27	0.05	0.18
0.08	0.01	0.00	0.26	0.19	0.02	0.34	0.04	0.27
0.03	0.00	0.00	0.03	0.18	0.04	0.25	0.01	0.22
0.02	0.02	0.00	0.27	0.43	0.03	0.17	0.12	0.16
0.03	0.00	0.00	0.29	0.36	0.06	0.25	0.07	0.14
0.07	0.01	0.00	0.03	0.21	0.07	0.26	0.05	0.34
0.00	0.00	0.00	0.22	0.20	0.02	0.27	0.00	0.20
0.03	0.00	0.00	0.24	0.33	0.02	0.31	0.05	0.23
0.00	0.00	0.00	0.27	0.21	0.06	0.26	0.00	0.25
0.01	0.00	0.00	0.29	0.22	0.07	0.23	0.01	0.31
0.08	0.14	0.03	0.22	0.30	0.19	0.23	0.10	0.07
0.14	0.06	0.00	0.21	0.15	0.09	0.27	0.06	0.10
0.08	0.08	0.01	0.25	0.15	0.26	0.28	0.10	0.14
0.00	0.01	0.00	0.22	0.30	0.07	0.19	0.01	0.24
0.00	0.00	0.00	0.25	0.24	0.06	0.31	0.04	0.22
0.00	0.01	0.00	0.26	0.19	0.05	0.26	0.01	0.31
0.00	0.01	0.00	0.26	0.19	0.05	0.27	0.01	0.25
