0.17	0.03	0.00	0.25	0.17	0.05	0.33	0.23	0.14
0.13	0.06	0.00	0.24	0.14	0.10	0.29	0.07	0.16
0.01	0.00	0.00	0.26	0.17	0.05	0.10	0.01	0.11
0.02	0.04	0.00	0.28	0.18	0.05	0.09	0.12	0.17
0.07	0.03	0.00	0.24	0.20	0.07	0.26	0.14	0.13
0.03	0.02	0.00	0.25	0.24	0.02	0.15	0.07	0.06
0.03	0.02	0.00	0.25	0.17	0.04	0.09	0.17	0.11
0.12	0.03	0.00	0.30	0.30	0.10	0.13	0.06	0.13
0.01	0.00	0.00	0.27	0.32	0.17	0.09	0.07	0.10
0.02	0.01	0.00	0.23	0.30	0.27	0.10	0.05	0.66
0.02	0.00	0.00	0.29	0.33	0.20	0.05	0.02	0.23
0.10	0.02	0.00	0.25	0.27	0.03	0.23	0.07	0.16
0.06	0.03	0.00	0.25	0.30	0.04	0.25	0.08	0.13
0.09	0.04	0.00	0.22	0.29	0.06	0.28	0.10	0.14
0.04	0.00	0.00	0.24	0.28	0.04	0.12	0.04	0.17
0.09	0.03	0.00	0.25	0.11	0.08	0.15	0.04	0.11
0.03	0.00	0.00	0.26	0.21	0.05	0.10	0.04	0.12
0.03	0.05	0.00	0.27	0.12	0.10	0.12	0.12	0.12
0.03	0.00	0.00	0.27	0.24	0.02	0.14	0.05	0.12
