0.00	0.00	0.00	0.25	0.28	0.05	0.30	0.02	0.29
0.01	0.00	0.00	0.27	0.27	0.31	0.22	0.01	0.18
0.01	0.00	0.00	0.26	0.28	0.51	0.21	0.00	0.18
0.15	0.04	0.00	0.25	0.15	0.06	0.20	0.21	0.14
0.15	0.28	0.06	0.25	0.15	0.07	0.21	0.04	0.14
0.18	0.21	0.01	0.27	0.13	0.05	0.27	0.32	0.05
0.18	0.27	0.08	0.27	0.12	0.04	0.31	0.12	0.06
0.19	0.23	0.08	0.25	0.12	0.05	0.29	0.25	0.06
0.05	0.14	0.00	0.24	0.09	0.03	0.20	0.01	0.10
0.06	0.16	0.00	0.25	0.17	0.04	0.16	0.07	0.10
0.23	0.18	0.03	0.25	0.16	0.10	0.27	0.26	0.15
0.08	0.19	0.05	0.25	0.17	0.05	0.21	0.20	0.12
0.05	0.02	0.00	0.26	0.29	0.04	0.25	0.02	0.22
0.04	0.02	0.00	0.26	0.34	0.04	0.27	0.00	0.20
0.00	0.00	0.00	0.26	0.27	0.05	0.22	0.01	0.32
0.00	0.00	0.00	0.26	0.26	0.03	0.30	0.00	0.21
0.00	0.00	0.00	0.39	0.32	0.03	0.21	0.01	0.29
0.27	0.06	0.00	0.27	0.28	0.19	0.30	0.18	0.17
