0.00	0.00	0.00	0.26	0.32	0.02	0.45	0.00	0.23
0.00	0.00	0.00	0.18	0.19	0.03	0.28	0.00	0.39
0.00	0.00	0.00	0.22	0.18	0.03	0.21	0.00	0.28
0.00	0.00	0.00	0.25	0.27	0.01	0.09	0.00	0.41
0.00	0.00	0.00	0.25	0.34	0.02	0.07	0.00	0.26
0.00	0.00	0.00	0.25	0.26	0.01	0.37	0.01	0.21
0.01	0.00	0.00	0.23	0.25	0.10	0.23	0.01	0.27
0.00	0.00	0.00	0.21	0.25	0.01	0.29	0.00	0.26
0.00	0.00	0.00	0.34	0.32	0.01	0.07	0.01	0.01
0.00	0.00	0.00	0.35	0.36	0.01	0.08	0.01	0.08
0.00	0.00	0.00	0.26	0.28	0.01	0.06	0.01	0.44
0.00	0.00	0.00	0.25	0.22	0.02	0.21	0.01	0.26
0.01	0.00	0.00	0.27	0.22	0.02	0.13	0.01	0.26
0.07	0.00	0.00	0.26	0.17	0.02	0.30	0.02	0.26
0.07	0.00	0.00	0.29	0.15	0.02	0.28	0.02	0.35
