0.24	0.10	0.00	0.27	0.14	0.29	0.28	0.10	0.22
0.02	0.09	0.00	0.26	0.21	0.08	0.15	0.22	0.07
0.10	0.06	0.00	0.26	0.13	0.31	0.35	0.26	0.11
0.21	0.09	0.00	0.26	0.27	0.30	0.20	0.23	0.18
0.00	0.08	0.00	0.25	0.17	0.02	0.14	0.05	0.05
0.03	0.02	0.00	0.26	0.29	0.12	0.11	0.13	0.08
0.06	0.02	0.00	0.26	0.15	0.21	0.11	0.13	0.24
0.03	0.03	0.00	0.32	0.26	0.23	0.12	0.27	0.05
0.11	0.04	0.00	0.26	0.11	0.27	0.15	0.02	0.05
0.00	0.00	0.00	0.25	0.39	0.04	0.12	0.01	0.22
0.02	0.02	0.00	0.25	0.11	0.19	0.05	0.03	0.14
0.03	0.04	0.00	0.26	0.25	0.04	0.23	0.01	0.16
