0.29	0.30	0.18	0.27	0.29	0.15	0.32	0.44	0.20
0.28	0.29	0.08	0.25	0.23	0.14	0.37	0.25	0.13
0.27	0.27	0.08	0.26	0.14	0.12	0.37	0.29	0.18
0.26	0.27	0.02	0.24	0.15	0.14	0.28	0.04	0.07
0.44	0.37	0.26	0.26	0.14	0.25	0.40	0.30	0.20
0.29	0.31	0.18	0.25	0.13	0.24	0.30	0.28	0.18
0.26	0.07	0.00	0.27	0.20	0.47	0.19	0.18	0.14
0.23	0.04	0.00	0.20	0.26	0.13	0.25	0.74	0.21
0.30	0.25	0.27	0.28	0.22	0.15	0.30	0.28	0.26
0.26	0.22	0.14	0.30	0.14	0.10	0.25	0.27	0.03
0.34	0.30	0.05	0.27	0.17	0.19	0.35	0.35	0.17
0.37	0.26	0.19	0.26	0.11	0.26	0.29	0.32	0.07
