# Variant	Relative_solvent_accessibility	Allosteric_site	Catalytic_site	Altered Secondary_structure	Altered Stability_and_conformational_flexibility	Altered Special_structural_signatures	Altered Macromolecular_binding	Altered Metal_binding	Altered PTM_site
M1L	0.02	0.01	0.00	0.16	0.26	0.03	0.10	0.02	0.16
M1L	0.02	0.01	0.00	0.16	0.26	0.03	0.10	0.02	0.16
M1V	0.02	0.00	0.00	0.16	0.27	0.04	0.08	0.02	0.16
P5Q	0.04	0.00	0.00	0.29	0.28	0.03	0.10	0.02	0.16
K6E	0.04	0.00	0.00	0.23	0.31	0.04	0.07	0.02	0.19
E7G	0.05	0.00	0.00	0.24	0.28	0.03	0.07	0.05	0.16
T8M	0.05	0.00	0.00	0.26	0.31	0.04	0.08	0.05	0.19
T8R	0.05	0.01	0.00	0.27	0.33	0.04	0.08	0.05	0.18
S13I	0.06	0.02	0.00	0.25	0.28	0.07	0.18	0.06	0.07
A14T	0.07	0.06	0.00	0.26	0.23	0.07	0.15	0.05	0.07
E16A	0.06	0.06	0.00	0.26	0.20	0.07	0.19	0.05	0.12
V17F	0.07	0.07	0.00	0.26	0.17	0.07	0.23	0.05	0.12
R21H	0.06	0.06	0.00	0.25	0.16	0.05	0.19	0.06	0.13
R21L	0.06	0.06	0.00	0.26	0.16	0.05	0.20	0.04	0.13
Q24H	0.15	0.08	0.00	0.26	0.23	0.04	0.19	0.06	0.14
T33A	0.19	0.09	0.00	0.25	0.23	0.09	0.22	0.09	0.14
T33P	0.19	0.10	0.00	0.26	0.23	0.08	0.22	0.09	0.14
D38E	0.28	0.20	0.04	0.26	0.13	0.11	0.29	0.39	0.09
D38Y	0.30	0.24	0.05	0.27	0.13	0.11	0.36	0.37	0.09
G40S	0.25	0.21	0.06	0.25	0.13	0.12	0.26	0.29	0.09
G40V	0.24	0.22	0.05	0.26	0.13	0.11	0.29	0.33	0.09
D41Y	0.30	0.23	0.04	0.27	0.13	0.11	0.35	0.56	0.09
Y43C	0.28	0.24	0.04	0.26	0.17	0.11	0.31	0.38	0.10
Y43F	0.29	0.22	0.05	0.26	0.17	0.11	0.33	0.27	0.10
T44K	0.33	0.20	0.05	0.26	0.17	0.12	0.26	0.33	0.40
T44M	0.31	0.21	0.05	0.26	0.17	0.11	0.28	0.29	0.10
A45V	0.28	0.23	0.05	0.27	0.17	0.11	0.26	0.30	0.09
H46Q	0.26	0.20	0.04	0.25	0.17	0.12	0.28	0.40	0.10
D49V	0.37	0.12	0.04	0.27	0.18	0.12	0.26	0.50	0.03
A50E	0.29	0.12	0.04	0.25	0.22	0.15	0.25	0.34	0.12
E56V	0.27	0.11	0.00	0.27	0.12	0.16	0.22	0.08	0.18
V57M	0.22	0.11	0.00	0.26	0.12	0.16	0.20	0.07	0.18
Q61E	0.21	0.08	0.00	0.28	0.11	0.16	0.21	0.07	0.24
Q61H	0.21	0.08	0.00	0.25	0.10	0.16	0.19	0.09	0.26
Q61P	0.21	0.11	0.00	0.28	0.12	0.15	0.24	0.07	0.26
G71E	0.13	0.05	0.00	0.26	0.20	0.18	0.15	0.07	0.17
Q76H	0.13	0.09	0.02	0.24	0.20	0.12	0.29	0.20	0.15
L92V	0.12	0.08	0.00	0.24	0.10	0.08	0.20	0.08	0.18
L93F	0.12	0.08	0.00	0.25	0.11	0.08	0.20	0.06	0.20
R96H	0.12	0.10	0.00	0.28	0.10	0.08	0.19	0.06	0.13
Y98C	0.10	0.11	0.00	0.25	0.10	0.06	0.21	0.08	0.17
V102I	0.12	0.10	0.00	0.25	0.24	0.07	0.18	0.03	0.17
Y103C	0.11	0.10	0.00	0.26	0.28	0.07	0.18	0.06	0.21
R106K	0.11	0.10	0.01	0.25	0.31	0.08	0.20	0.03	0.20
A107P	0.10	0.12	0.00	0.26	0.30	0.11	0.17	0.03	0.17
A107V	0.11	0.10	0.00	0.24	0.30	0.11	0.16	0.02	0.18
K110R	0.13	0.05	0.00	0.25	0.28	0.18	0.18	0.06	0.30
P125L	0.12	0.22	0.13	0.25	0.21	0.27	0.30	0.21	0.15
N127I	0.23	0.16	0.13	0.25	0.22	0.39	0.34	0.18	0.08
N127S	0.24	0.16	0.14	0.25	0.22	0.35	0.28	0.18	0.09
M141V	0.12	0.04	0.01	0.26	0.20	0.23	0.22	0.12	0.08
I145M	0.01	0.04	0.00	0.29	0.19	0.14	0.15	0.04	0.08
G149D	0.03	0.04	0.00	0.32	0.11	0.08	0.16	0.05	0.13
V155D	0.19	0.03	0.00	0.27	0.27	0.05	0.24	0.14	0.18
R159I	0.15	0.02	0.01	0.26	0.16	0.04	0.22	0.22	0.24
G162A	0.15	0.05	0.06	0.26	0.15	0.03	0.25	0.26	0.18
G162R	0.15	0.05	0.07	0.26	0.15	0.03	0.24	0.25	0.18
V163D	0.20	0.05	0.08	0.27	0.20	0.03	0.29	0.41	0.21
V163G	0.15	0.05	0.07	0.27	0.41	0.03	0.23	0.33	0.20
G164E	0.14	0.05	0.06	0.25	0.14	0.03	0.28	0.26	0.18
G164R	0.12	0.06	0.06	0.27	0.14	0.02	0.27	0.25	0.24
G164W	0.12	0.05	0.06	0.26	0.14	0.03	0.28	0.28	0.19
Y165D	0.12	0.05	0.10	0.28	0.18	0.07	0.33	0.48	0.10
I169V	0.12	0.05	0.06	0.23	0.13	0.07	0.26	0.32	0.13
R171K	0.12	0.06	0.06	0.22	0.18	0.08	0.31	0.23	0.15
L173P	0.12	0.08	0.01	0.22	0.22	0.08	0.34	0.25	0.14
L175P	0.13	0.06	0.01	0.25	0.19	0.07	0.28	0.23	0.13
E177K	0.12	0.06	0.01	0.26	0.19	0.06	0.24	0.32	0.08
F178L	0.11	0.06	0.00	0.27	0.21	0.06	0.24	0.27	0.03
N186S	0.10	0.04	0.00	0.26	0.19	0.11	0.17	0.13	0.03
L187P	0.07	0.05	0.00	0.27	0.18	0.15	0.21	0.10	0.03
L187R	0.07	0.06	0.00	0.25	0.18	0.14	0.16	0.09	0.08
A189S	0.07	0.06	0.00	0.25	0.15	0.11	0.21	0.05	0.03
K197E	0.01	0.15	0.21	0.27	0.16	0.02	0.19	0.67	0.11
E198G	0.02	0.16	0.10	0.25	0.18	0.02	0.17	0.30	0.10
E198K	0.02	0.16	0.10	0.27	0.18	0.02	0.17	0.29	0.10
C199R	0.03	0.15	0.10	0.27	0.25	0.02	0.13	0.24	0.11
C199Y	0.03	0.15	0.09	0.30	0.20	0.02	0.12	0.41	0.21
V200D	0.03	0.14	0.10	0.26	0.27	0.02	0.19	0.31	0.10
G204E	0.04	0.07	0.00	0.26	0.21	0.06	0.10	0.06	0.08
G204R	0.04	0.08	0.00	0.27	0.24	0.05	0.09	0.05	0.24
E205Q	0.03	0.04	0.00	0.25	0.23	0.04	0.09	0.04	0.08
I216V	0.04	0.03	0.00	0.25	0.17	0.09	0.22	0.11	0.25
I224M	0.16	0.03	0.00	0.25	0.24	0.11	0.19	0.07	0.15
D236H	0.15	0.03	0.00	0.25	0.19	0.08	0.25	0.13	0.30
R243Q	0.09	0.03	0.00	0.24	0.27	0.10	0.29	0.02	0.23
K246Q	0.07	0.03	0.00	0.24	0.27	0.09	0.21	0.01	0.15
K248E	0.06	0.03	0.00	0.27	0.26	0.17	0.15	0.00	0.19
E251K	0.06	0.01	0.00	0.26	0.27	0.15	0.12	0.00	0.18
M261T	0.02	0.02	0.00	0.27	0.20	0.13	0.04	0.02	0.07
S269L	0.02	0.03	0.00	0.11	0.20	0.04	0.04	0.01	0.03
A272V	0.02	0.06	0.00	0.03	0.13	0.06	0.11	0.01	0.08
D283Y	0.06	0.04	0.00	0.27	0.25	0.27	0.21	0.11	0.07
M300I	0.12	0.14	0.02	0.26	0.10	0.22	0.28	0.12	0.09
L302M	0.11	0.13	0.02	0.25	0.11	0.22	0.27	0.15	0.09
A305T	0.04	0.10	0.01	0.26	0.09	0.16	0.22	0.12	0.11
L310P	0.06	0.10	0.00	0.31	0.14	0.08	0.23	0.08	0.12
L310R	0.05	0.07	0.00	0.26	0.15	0.08	0.23	0.06	0.12
F313S	0.06	0.07	0.00	0.26	0.39	0.09	0.24	0.09	0.11
S316Y	0.09	0.07	0.00	0.27	0.34	0.10	0.32	0.15	0.10
D319N	0.11	0.04	0.00	0.27	0.26	0.09	0.26	0.14	0.06
D319Y	0.10	0.05	0.00	0.26	0.34	0.09	0.26	0.15	0.08
G322D	0.13	0.04	0.00	0.29	0.26	0.17	0.25	0.14	0.06
S323C	0.11	0.04	0.00	0.27	0.38	0.15	0.23	0.15	0.06
S323Y	0.10	0.04	0.00	0.27	0.35	0.15	0.25	0.14	0.09
L330P	0.14	0.09	0.02	0.29	0.22	0.21	0.24	0.08	0.09
C333R	0.14	0.09	0.01	0.27	0.27	0.12	0.28	0.04	0.11
C333Y	0.14	0.10	0.02	0.26	0.19	0.12	0.26	0.04	0.16
T335I	0.17	0.19	0.03	0.26	0.21	0.06	0.25	0.04	0.09
P336S	0.16	0.19	0.03	0.27	0.20	0.05	0.26	0.05	0.09
G338E	0.07	0.20	0.03	0.26	0.19	0.06	0.25	0.03	0.09
G338R	0.07	0.20	0.03	0.26	0.20	0.05	0.25	0.03	0.12
L341P	0.07	0.21	0.03	0.26	0.21	0.07	0.26	0.03	0.08
V342I	0.08	0.20	0.03	0.24	0.18	0.07	0.27	0.03	0.10
P349A	0.09	0.11	0.00	0.27	0.17	0.95	0.25	0.03	0.12
P349L	0.10	0.11	0.00	0.28	0.18	0.95	0.25	0.03	0.11
P349R	0.09	0.11	0.00	0.29	0.18	0.95	0.33	0.03	0.12
M351I	0.10	0.05	0.00	0.25	0.18	0.50	0.26	0.03	0.11
E357Q	0.08	0.20	0.02	0.21	0.17	0.49	0.16	0.04	0.11
E358A	0.09	0.19	0.02	0.05	0.18	0.36	0.16	0.04	0.12
R359S	0.16	0.21	0.02	0.05	0.17	0.50	0.15	0.05	0.08
R359T	0.12	0.21	0.02	0.05	0.18	0.48	0.13	0.04	0.08
N361S	0.07	0.24	0.03	0.04	0.18	0.36	0.12	0.04	0.17
L362F	0.07	0.22	0.02	0.14	0.19	0.37	0.12	0.04	0.07
A370T	0.05	0.03	0.00	0.27	0.25	0.52	0.10	0.05	0.09
L380S	0.15	0.03	0.00	0.23	0.33	0.49	0.26	0.05	0.08
R382H	0.11	0.07	0.00	0.24	0.30	0.68	0.25	0.11	0.09
P385L	0.11	0.21	0.02	0.23	0.23	0.08	0.24	0.10	0.08
L390F	0.08	0.23	0.02	0.20	0.19	0.85	0.28	0.08	0.37
A391T	0.11	0.22	0.02	0.22	0.18	0.62	0.24	0.08	0.24
A391V	0.10	0.25	0.02	0.22	0.20	0.05	0.29	0.08	0.23
Q402H	0.12	0.06	0.00	0.19	0.16	0.66	0.29	0.55	0.12
R406Q	0.08	0.05	0.00	0.15	0.12	0.44	0.27	0.25	0.19
Y408C	0.05	0.06	0.00	0.09	0.12	0.48	0.29	0.37	0.27
Q409K	0.06	0.06	0.00	0.29	0.12	0.33	0.28	0.02	0.27
L414P	0.05	0.05	0.00	0.27	0.20	0.33	0.13	0.01	0.00
Q419K	0.04	0.05	0.00	0.29	0.26	0.08	0.12	0.03	0.14
L421M	0.03	0.04	0.00	0.25	0.28	0.08	0.13	0.05	0.13
L421P	0.04	0.05	0.00	0.36	0.34	0.08	0.17	0.06	0.13
H424R	0.03	0.03	0.00	0.30	0.28	0.08	0.08	0.04	0.13
A434V	0.01	0.02	0.00	0.24	0.16	0.03	0.09	0.00	0.09
P439L	0.03	0.02	0.00	0.23	0.15	0.07	0.09	0.01	0.13
P439S	0.04	0.02	0.00	0.24	0.16	0.05	0.09	0.01	0.13
L440P	0.05	0.03	0.00	0.27	0.20	0.02	0.09	0.01	0.15
T441P	0.05	0.03	0.00	0.26	0.19	0.02	0.09	0.01	0.14
F447V	0.13	0.05	0.00	0.03	0.16	0.04	0.09	0.02	0.29
M453K	0.16	0.07	0.00	0.21	0.23	0.07	0.12	0.06	0.25
V463M	0.15	0.07	0.00	0.25	0.36	0.10	0.20	0.33	0.04
V470E	0.18	0.19	0.01	0.26	0.53	0.13	0.21	0.29	0.17
S473L	0.10	0.20	0.01	0.27	0.31	0.16	0.18	0.09	0.18
S479R	0.22	0.19	0.00	0.23	0.27	0.37	0.22	0.09	0.14
D487E	0.21	0.03	0.00	0.10	0.29	0.06	0.13	0.05	0.18
T495A	0.16	0.04	0.00	0.03	0.25	0.31	0.15	0.02	0.18
L496S	0.20	0.04	0.00	0.06	0.42	0.31	0.14	0.10	0.17
L503F	0.13	0.06	0.00	0.25	0.22	0.11	0.11	0.12	0.09
L503P	0.14	0.05	0.00	0.26	0.28	0.10	0.10	0.13	0.09
D506Y	0.16	0.11	0.00	0.26	0.24	0.04	0.18	0.14	0.24
G508S	0.18	0.10	0.00	0.25	0.23	0.04	0.26	0.14	0.21
S516I	0.14	0.26	0.09	0.26	0.22	0.09	0.31	0.10	0.08
Y521F	0.14	0.26	0.09	0.26	0.16	0.09	0.43	0.09	0.06
F523I	0.12	0.28	0.09	0.26	0.16	0.08	0.29	0.07	0.20
R524L	0.13	0.31	0.10	0.25	0.18	0.08	0.41	0.11	0.22
R524P	0.17	0.32	0.16	0.26	0.18	0.10	0.34	0.11	0.21
R534C	0.25	0.12	0.00	0.27	0.20	0.13	0.33	0.16	0.21
R534L	0.27	0.12	0.00	0.26	0.19	0.14	0.33	0.11	0.20
N547S	0.26	0.12	0.00	0.26	0.26	0.18	0.31	0.17	0.21
G548C	0.32	0.11	0.00	0.27	0.25	0.17	0.32	0.16	0.22
T552P	0.27	0.14	0.00	0.26	0.25	0.40	0.31	0.12	0.17
S554C	0.66	0.12	0.00	0.26	0.37	0.85	0.29	0.12	0.16
S554G	0.28	0.11	0.00	0.26	0.31	0.51	0.29	0.12	0.22
S554R	0.33	0.11	0.00	0.25	0.30	0.39	0.32	0.12	0.18
S554T	0.28	0.11	0.00	0.25	0.29	0.35	0.27	0.12	0.16
L556S	0.29	0.11	0.00	0.26	0.48	0.85	0.27	0.12	0.17
T557P	0.28	0.06	0.00	0.27	0.26	0.71	0.26	0.12	0.18
T557S	0.32	0.05	0.00	0.24	0.33	0.55	0.26	0.12	0.16
E561K	0.33	0.05	0.00	0.12	0.26	0.21	0.25	0.07	0.18
E562D	0.30	0.03	0.00	0.11	0.30	0.61	0.26	0.06	0.21
E562V	0.26	0.03	0.00	0.12	0.42	0.77	0.26	0.06	0.21
Y563S	0.28	0.03	0.00	0.12	0.50	0.48	0.24	0.06	0.20
T564A	0.25	0.03	0.00	0.11	0.30	0.11	0.24	0.05	0.17
T568R	0.18	0.04	0.00	0.11	0.27	0.07	0.27	0.02	0.19
A576P	0.23	0.05	0.00	0.26	0.26	0.91	0.26	0.06	0.12
I577T	0.21	0.04	0.00	0.24	0.33	0.46	0.31	0.06	0.13
N583S	0.17	0.16	0.00	0.25	0.14	0.32	0.26	0.06	0.22
N583T	0.17	0.16	0.00	0.25	0.13	0.31	0.28	0.06	0.22
G587R	0.22	0.16	0.00	0.27	0.13	0.47	0.29	0.04	0.24
M592V	0.23	0.15	0.00	0.25	0.13	0.10	0.28	0.08	0.23
T594I	0.23	0.08	0.00	0.23	0.14	0.07	0.25	0.08	0.05
N596S	0.20	0.08	0.00	0.20	0.13	0.07	0.27	0.08	0.04
A600V	0.17	0.17	0.09	0.20	0.11	0.07	0.25	0.31	0.02
Q601R	0.19	0.17	0.08	0.20	0.11	0.05	0.27	0.32	0.10
D603G	0.10	0.19	0.08	0.21	0.10	0.05	0.29	0.48	0.01
D603N	0.11	0.18	0.08	0.20	0.10	0.05	0.27	0.40	0.01
V605A	0.14	0.18	0.09	0.20	0.12	0.06	0.27	0.27	0.01
A609V	0.14	0.18	0.04	0.27	0.16	0.05	0.29	0.16	0.04
H610N	0.20	0.21	0.04	0.25	0.17	0.07	0.38	0.18	0.05
Y619C	0.10	0.26	0.09	0.26	0.16	0.08	0.35	0.05	0.13
P622L	0.18	0.30	0.09	0.26	0.16	0.09	0.35	0.05	0.13
P622Q	0.18	0.27	0.09	0.26	0.16	0.09	0.32	0.05	0.13
P622T	0.19	0.25	0.09	0.27	0.16	0.09	0.31	0.05	0.13
L625V	0.18	0.25	0.09	0.26	0.18	0.09	0.27	0.06	0.13
K627N	0.19	0.21	0.00	0.27	0.18	0.09	0.17	0.07	0.13
Q629R	0.19	0.05	0.00	0.26	0.18	0.09	0.16	0.06	0.15
A636P	0.10	0.32	0.30	0.25	0.15	0.04	0.26	0.27	0.10
A636V	0.09	0.24	0.30	0.25	0.12	0.03	0.26	0.26	0.10
R638G	0.08	0.28	0.56	0.25	0.14	0.13	0.30	0.29	0.10
H639Q	0.09	0.27	0.27	0.25	0.12	0.09	0.28	0.82	0.10
H639R	0.08	0.28	0.28	0.26	0.13	0.09	0.32	0.82	0.10
H639Y	0.09	0.27	0.30	0.25	0.12	0.09	0.33	0.86	0.12
C641G	0.32	0.27	0.30	0.25	0.30	0.13	0.32	0.46	0.07
C641Y	0.25	0.25	0.28	0.26	0.12	0.12	0.34	0.52	0.17
Q645E	0.29	0.26	0.22	0.25	0.16	0.23	0.30	0.47	0.05
Q645H	0.28	0.23	0.19	0.25	0.12	0.20	0.29	0.47	0.05
E647Q	0.29	0.24	0.19	0.24	0.12	0.21	0.26	0.47	0.05
P652H	0.26	0.28	0.20	0.25	0.10	0.21	0.33	0.65	0.14
D660G	0.30	0.14	0.00	0.25	0.18	0.26	0.27	0.27	0.16
Q662H	0.28	0.21	0.02	0.26	0.18	0.26	0.28	0.33	0.14
G669A	0.12	0.28	0.27	0.26	0.23	0.21	0.27	0.27	0.03
G669D	0.13	0.28	0.29	0.26	0.23	0.26	0.31	0.42	0.03
G669V	0.13	0.30	0.28	0.25	0.25	0.21	0.28	0.30	0.03
P670L	0.16	0.31	0.26	0.25	0.24	0.23	0.33	0.25	0.23
N671K	0.16	0.29	0.51	0.25	0.25	0.23	0.33	0.27	0.22
N671Y	0.16	0.32	0.29	0.25	0.25	0.26	0.33	0.26	0.23
G674D	0.16	0.36	0.43	0.25	0.23	0.27	0.29	0.30	0.23
G674R	0.16	0.55	0.49	0.26	0.25	0.24	0.41	0.25	0.23
S676P	0.17	0.35	0.26	0.26	0.23	0.23	0.30	0.24	0.21
Y678H	0.16	0.33	0.27	0.25	0.34	0.23	0.34	0.23	0.23
T682I	0.14	0.30	0.34	0.25	0.16	0.19	0.32	0.15	0.10
G683R	0.13	0.28	0.32	0.27	0.10	0.17	0.40	0.10	0.15
G683W	0.14	0.27	0.31	0.26	0.11	0.19	0.33	0.09	0.10
L687P	0.07	0.28	0.09	0.28	0.08	0.14	0.42	0.12	0.03
M688I	0.03	0.26	0.14	0.25	0.07	0.05	0.26	0.08	0.04
M688R	0.05	0.27	0.13	0.25	0.07	0.05	0.32	0.09	0.11
Q690E	0.04	0.26	0.13	0.25	0.07	0.04	0.29	0.09	0.07
G692R	0.07	0.31	0.14	0.26	0.10	0.04	0.31	0.08	0.13
P696L	0.24	0.29	0.14	0.24	0.16	0.05	0.42	0.08	0.07
C697F	0.25	0.25	0.14	0.26	0.15	0.04	0.26	0.08	0.07
C697R	0.34	0.31	0.13	0.26	0.18	0.04	0.32	0.08	0.20
V702G	0.25	0.23	0.11	0.25	0.43	0.06	0.27	0.29	0.07
S703C	0.24	0.26	0.10	0.26	0.15	0.06	0.35	0.45	0.07
S703Y	0.23	0.25	0.10	0.26	0.15	0.07	0.33	0.29	0.08
I704V	0.21	0.26	0.10	0.25	0.15	0.07	0.26	0.26	0.04
I708N	0.24	0.35	0.24	0.26	0.14	0.10	0.38	0.31	0.10
A714V	0.14	0.22	0.24	0.26	0.20	0.09	0.27	0.15	0.10
S723F	0.17	0.24	0.12	0.26	0.21	0.07	0.32	0.15	0.16
M726V	0.13	0.26	0.12	0.27	0.14	0.08	0.27	0.15	0.03
M729I	0.21	0.23	0.12	0.26	0.12	0.08	0.33	0.15	0.03
M729I	0.21	0.23	0.12	0.26	0.12	0.08	0.33	0.15	0.03
D748Y	0.27	0.28	0.29	0.26	0.19	0.16	0.30	0.73	0.08
E749K	0.27	0.27	0.37	0.25	0.18	0.18	0.27	0.58	0.17
G751R	0.25	0.29	0.32	0.25	0.19	0.20	0.37	0.30	0.08
G761V	0.32	0.28	0.38	0.25	0.15	0.23	0.35	0.29	0.14
W764C	0.25	0.31	0.16	0.24	0.13	0.17	0.31	0.25	0.03
I766V	0.22	0.29	0.11	0.23	0.10	0.14	0.25	0.14	0.03
I770V	0.25	0.27	0.11	0.25	0.08	0.04	0.25	0.12	0.03
M779I	0.12	0.23	0.29	0.26	0.08	0.04	0.24	0.25	0.00
A789V	0.17	0.18	0.23	0.25	0.11	0.06	0.26	0.26	0.02
N792S	0.19	0.07	0.02	0.26	0.11	0.06	0.25	0.19	0.01
Q793K	0.22	0.09	0.02	0.26	0.12	0.06	0.25	0.18	0.09
T807S	0.27	0.08	0.00	0.31	0.19	0.20	0.29	0.16	0.05
Q824E	0.27	0.25	0.29	0.26	0.15	0.09	0.28	0.45	0.06
A834T	0.28	0.22	0.03	0.25	0.12	0.10	0.26	0.27	0.25
N835H	0.39	0.20	0.02	0.23	0.12	0.10	0.30	0.16	0.26
H839Q	0.27	0.20	0.00	0.24	0.12	0.10	0.29	0.18	0.30
H839R	0.27	0.21	0.00	0.25	0.12	0.10	0.31	0.19	0.26
K845E	0.24	0.09	0.00	0.05	0.17	0.08	0.24	0.19	0.13
L851I	0.11	0.11	0.00	0.25	0.17	0.05	0.37	0.17	0.26
E853A	0.10	0.11	0.00	0.25	0.17	0.05	0.30	0.14	0.34
E853G	0.10	0.11	0.00	0.26	0.16	0.06	0.31	0.14	0.32
Y856C	0.12	0.11	0.00	0.25	0.16	0.08	0.43	0.18	0.52
G858R	0.09	0.03	0.00	0.26	0.16	0.08	0.27	0.04	0.26
S860L	0.09	0.01	0.00	0.22	0.18	0.08	0.27	0.02	0.29
P868A	0.01	0.01	0.00	0.28	0.21	0.07	0.22	0.00	0.18
A870G	0.01	0.02	0.00	0.29	0.27	0.06	0.19	0.00	0.26
C873G	0.02	0.01	0.00	0.28	0.34	0.07	0.22	0.00	0.30
Y874D	0.02	0.01	0.00	0.26	0.38	0.07	0.24	0.00	0.54
E878D	0.02	0.02	0.00	0.25	0.25	0.07	0.26	0.00	0.27
E881Q	0.03	0.01	0.00	0.24	0.24	0.07	0.25	0.02	0.25
I884S	0.04	0.01	0.00	0.17	0.46	0.07	0.33	0.02	0.30
E886G	0.03	0.02	0.00	0.05	0.25	0.08	0.31	0.02	0.28
P895R	0.11	0.03	0.00	0.26	0.24	0.90	0.20	0.03	0.24
E898A	0.11	0.03	0.00	0.25	0.29	0.23	0.16	0.08	0.09
T905I	0.10	0.03	0.00	0.05	0.27	0.24	0.25	0.09	0.09
T905R	0.10	0.03	0.00	0.05	0.24	0.28	0.18	0.07	0.11
I906M	0.10	0.02	0.00	0.05	0.34	0.29	0.18	0.08	0.10
I906T	0.11	0.02	0.00	0.05	0.34	0.32	0.18	0.08	0.09
I906V	0.10	0.02	0.00	0.05	0.23	0.24	0.18	0.07	0.09
L908I	0.09	0.01	0.00	0.03	0.20	0.23	0.25	0.08	0.11
K909R	0.09	0.00	0.00	0.03	0.21	0.26	0.19	0.03	0.14
L911R	0.09	0.01	0.00	0.03	0.28	0.30	0.19	0.03	0.18
V923E	0.21	0.03	0.00	0.26	0.24	0.32	0.48	0.21	0.19
S928A	0.39	0.02	0.00	0.29	0.29	0.20	0.31	0.20	0.22
I930M	0.26	0.02	0.00	0.25	0.29	0.21	0.33	0.19	0.22
K931T	0.40	0.02	0.00	0.27	0.25	0.20	0.28	0.06	0.22
