0.02	0.01	0.00	0.16	0.26	0.03	0.10	0.02	0.16
0.02	0.01	0.00	0.16	0.26	0.03	0.10	0.02	0.16
0.02	0.00	0.00	0.16	0.27	0.04	0.08	0.02	0.16
0.04	0.00	0.00	0.29	0.28	0.03	0.10	0.02	0.16
0.04	0.00	0.00	0.23	0.31	0.04	0.07	0.02	0.19
0.05	0.00	0.00	0.24	0.28	0.03	0.07	0.05	0.16
0.05	0.00	0.00	0.26	0.31	0.04	0.08	0.05	0.19
0.05	0.01	0.00	0.27	0.33	0.04	0.08	0.05	0.18
0.06	0.02	0.00	0.25	0.28	0.07	0.18	0.06	0.07
0.07	0.06	0.00	0.26	0.23	0.07	0.15	0.05	0.07
0.06	0.06	0.00	0.26	0.20	0.07	0.19	0.05	0.12
0.07	0.07	0.00	0.26	0.17	0.07	0.23	0.05	0.12
0.06	0.06	0.00	0.25	0.16	0.05	0.19	0.06	0.13
0.06	0.06	0.00	0.26	0.16	0.05	0.20	0.04	0.13
0.15	0.08	0.00	0.26	0.23	0.04	0.19	0.06	0.14
0.19	0.09	0.00	0.25	0.23	0.09	0.22	0.09	0.14
0.19	0.10	0.00	0.26	0.23	0.08	0.22	0.09	0.14
0.28	0.20	0.04	0.26	0.13	0.11	0.29	0.39	0.09
0.30	0.24	0.05	0.27	0.13	0.11	0.36	0.37	0.09
0.25	0.21	0.06	0.25	0.13	0.12	0.26	0.29	0.09
0.24	0.22	0.05	0.26	0.13	0.11	0.29	0.33	0.09
0.30	0.23	0.04	0.27	0.13	0.11	0.35	0.56	0.09
0.28	0.24	0.04	0.26	0.17	0.11	0.31	0.38	0.10
0.29	0.22	0.05	0.26	0.17	0.11	0.33	0.27	0.10
0.33	0.20	0.05	0.26	0.17	0.12	0.26	0.33	0.40
0.31	0.21	0.05	0.26	0.17	0.11	0.28	0.29	0.10
0.28	0.23	0.05	0.27	0.17	0.11	0.26	0.30	0.09
0.26	0.20	0.04	0.25	0.17	0.12	0.28	0.40	0.10
0.37	0.12	0.04	0.27	0.18	0.12	0.26	0.50	0.03
0.29	0.12	0.04	0.25	0.22	0.15	0.25	0.34	0.12
0.27	0.11	0.00	0.27	0.12	0.16	0.22	0.08	0.18
0.22	0.11	0.00	0.26	0.12	0.16	0.20	0.07	0.18
0.21	0.08	0.00	0.28	0.11	0.16	0.21	0.07	0.24
0.21	0.08	0.00	0.25	0.10	0.16	0.19	0.09	0.26
0.21	0.11	0.00	0.28	0.12	0.15	0.24	0.07	0.26
0.13	0.05	0.00	0.26	0.20	0.18	0.15	0.07	0.17
0.13	0.09	0.02	0.24	0.20	0.12	0.29	0.20	0.15
0.12	0.08	0.00	0.24	0.10	0.08	0.20	0.08	0.18
0.12	0.08	0.00	0.25	0.11	0.08	0.20	0.06	0.20
0.12	0.10	0.00	0.28	0.10	0.08	0.19	0.06	0.13
0.10	0.11	0.00	0.25	0.10	0.06	0.21	0.08	0.17
0.12	0.10	0.00	0.25	0.24	0.07	0.18	0.03	0.17
0.11	0.10	0.00	0.26	0.28	0.07	0.18	0.06	0.21
0.11	0.10	0.01	0.25	0.31	0.08	0.20	0.03	0.20
0.10	0.12	0.00	0.26	0.30	0.11	0.17	0.03	0.17
0.11	0.10	0.00	0.24	0.30	0.11	0.16	0.02	0.18
0.13	0.05	0.00	0.25	0.28	0.18	0.18	0.06	0.30
0.12	0.22	0.13	0.25	0.21	0.27	0.30	0.21	0.15
0.23	0.16	0.13	0.25	0.22	0.39	0.34	0.18	0.08
0.24	0.16	0.14	0.25	0.22	0.35	0.28	0.18	0.09
0.12	0.04	0.01	0.26	0.20	0.23	0.22	0.12	0.08
0.01	0.04	0.00	0.29	0.19	0.14	0.15	0.04	0.08
0.03	0.04	0.00	0.32	0.11	0.08	0.16	0.05	0.13
0.19	0.03	0.00	0.27	0.27	0.05	0.24	0.14	0.18
0.15	0.02	0.01	0.26	0.16	0.04	0.22	0.22	0.24
0.15	0.05	0.06	0.26	0.15	0.03	0.25	0.26	0.18
0.15	0.05	0.07	0.26	0.15	0.03	0.24	0.25	0.18
0.20	0.05	0.08	0.27	0.20	0.03	0.29	0.41	0.21
0.15	0.05	0.07	0.27	0.41	0.03	0.23	0.33	0.20
0.14	0.05	0.06	0.25	0.14	0.03	0.28	0.26	0.18
0.12	0.06	0.06	0.27	0.14	0.02	0.27	0.25	0.24
0.12	0.05	0.06	0.26	0.14	0.03	0.28	0.28	0.19
0.12	0.05	0.10	0.28	0.18	0.07	0.33	0.48	0.10
0.12	0.05	0.06	0.23	0.13	0.07	0.26	0.32	0.13
0.12	0.06	0.06	0.22	0.18	0.08	0.31	0.23	0.15
0.12	0.08	0.01	0.22	0.22	0.08	0.34	0.25	0.14
0.13	0.06	0.01	0.25	0.19	0.07	0.28	0.23	0.13
0.12	0.06	0.01	0.26	0.19	0.06	0.24	0.32	0.08
0.11	0.06	0.00	0.27	0.21	0.06	0.24	0.27	0.03
0.10	0.04	0.00	0.26	0.19	0.11	0.17	0.13	0.03
0.07	0.05	0.00	0.27	0.18	0.15	0.21	0.10	0.03
0.07	0.06	0.00	0.25	0.18	0.14	0.16	0.09	0.08
0.07	0.06	0.00	0.25	0.15	0.11	0.21	0.05	0.03
0.01	0.15	0.21	0.27	0.16	0.02	0.19	0.67	0.11
0.02	0.16	0.10	0.25	0.18	0.02	0.17	0.30	0.10
0.02	0.16	0.10	0.27	0.18	0.02	0.17	0.29	0.10
0.03	0.15	0.10	0.27	0.25	0.02	0.13	0.24	0.11
0.03	0.15	0.09	0.30	0.20	0.02	0.12	0.41	0.21
0.03	0.14	0.10	0.26	0.27	0.02	0.19	0.31	0.10
0.04	0.07	0.00	0.26	0.21	0.06	0.10	0.06	0.08
0.04	0.08	0.00	0.27	0.24	0.05	0.09	0.05	0.24
0.03	0.04	0.00	0.25	0.23	0.04	0.09	0.04	0.08
0.04	0.03	0.00	0.25	0.17	0.09	0.22	0.11	0.25
0.16	0.03	0.00	0.25	0.24	0.11	0.19	0.07	0.15
0.15	0.03	0.00	0.25	0.19	0.08	0.25	0.13	0.30
0.09	0.03	0.00	0.24	0.27	0.10	0.29	0.02	0.23
0.07	0.03	0.00	0.24	0.27	0.09	0.21	0.01	0.15
0.06	0.03	0.00	0.27	0.26	0.17	0.15	0.00	0.19
0.06	0.01	0.00	0.26	0.27	0.15	0.12	0.00	0.18
0.02	0.02	0.00	0.27	0.20	0.13	0.04	0.02	0.07
0.02	0.03	0.00	0.11	0.20	0.04	0.04	0.01	0.03
0.02	0.06	0.00	0.03	0.13	0.06	0.11	0.01	0.08
0.06	0.04	0.00	0.27	0.25	0.27	0.21	0.11	0.07
0.12	0.14	0.02	0.26	0.10	0.22	0.28	0.12	0.09
0.11	0.13	0.02	0.25	0.11	0.22	0.27	0.15	0.09
0.04	0.10	0.01	0.26	0.09	0.16	0.22	0.12	0.11
0.06	0.10	0.00	0.31	0.14	0.08	0.23	0.08	0.12
0.05	0.07	0.00	0.26	0.15	0.08	0.23	0.06	0.12
0.06	0.07	0.00	0.26	0.39	0.09	0.24	0.09	0.11
0.09	0.07	0.00	0.27	0.34	0.10	0.32	0.15	0.10
0.11	0.04	0.00	0.27	0.26	0.09	0.26	0.14	0.06
0.10	0.05	0.00	0.26	0.34	0.09	0.26	0.15	0.08
0.13	0.04	0.00	0.29	0.26	0.17	0.25	0.14	0.06
0.11	0.04	0.00	0.27	0.38	0.15	0.23	0.15	0.06
0.10	0.04	0.00	0.27	0.35	0.15	0.25	0.14	0.09
0.14	0.09	0.02	0.29	0.22	0.21	0.24	0.08	0.09
0.14	0.09	0.01	0.27	0.27	0.12	0.28	0.04	0.11
0.14	0.10	0.02	0.26	0.19	0.12	0.26	0.04	0.16
0.17	0.19	0.03	0.26	0.21	0.06	0.25	0.04	0.09
0.16	0.19	0.03	0.27	0.20	0.05	0.26	0.05	0.09
0.07	0.20	0.03	0.26	0.19	0.06	0.25	0.03	0.09
0.07	0.20	0.03	0.26	0.20	0.05	0.25	0.03	0.12
0.07	0.21	0.03	0.26	0.21	0.07	0.26	0.03	0.08
0.08	0.20	0.03	0.24	0.18	0.07	0.27	0.03	0.10
0.09	0.11	0.00	0.27	0.17	0.95	0.25	0.03	0.12
0.10	0.11	0.00	0.28	0.18	0.95	0.25	0.03	0.11
0.09	0.11	0.00	0.29	0.18	0.95	0.33	0.03	0.12
0.10	0.05	0.00	0.25	0.18	0.50	0.26	0.03	0.11
0.08	0.20	0.02	0.21	0.17	0.49	0.16	0.04	0.11
0.09	0.19	0.02	0.05	0.18	0.36	0.16	0.04	0.12
0.16	0.21	0.02	0.05	0.17	0.50	0.15	0.05	0.08
0.12	0.21	0.02	0.05	0.18	0.48	0.13	0.04	0.08
0.07	0.24	0.03	0.04	0.18	0.36	0.12	0.04	0.17
0.07	0.22	0.02	0.14	0.19	0.37	0.12	0.04	0.07
0.05	0.03	0.00	0.27	0.25	0.52	0.10	0.05	0.09
0.15	0.03	0.00	0.23	0.33	0.49	0.26	0.05	0.08
0.11	0.07	0.00	0.24	0.30	0.68	0.25	0.11	0.09
0.11	0.21	0.02	0.23	0.23	0.08	0.24	0.10	0.08
0.08	0.23	0.02	0.20	0.19	0.85	0.28	0.08	0.37
0.11	0.22	0.02	0.22	0.18	0.62	0.24	0.08	0.24
0.10	0.25	0.02	0.22	0.20	0.05	0.29	0.08	0.23
0.12	0.06	0.00	0.19	0.16	0.66	0.29	0.55	0.12
0.08	0.05	0.00	0.15	0.12	0.44	0.27	0.25	0.19
0.05	0.06	0.00	0.09	0.12	0.48	0.29	0.37	0.27
0.06	0.06	0.00	0.29	0.12	0.33	0.28	0.02	0.27
0.05	0.05	0.00	0.27	0.20	0.33	0.13	0.01	0.00
0.04	0.05	0.00	0.29	0.26	0.08	0.12	0.03	0.14
0.03	0.04	0.00	0.25	0.28	0.08	0.13	0.05	0.13
0.04	0.05	0.00	0.36	0.34	0.08	0.17	0.06	0.13
0.03	0.03	0.00	0.30	0.28	0.08	0.08	0.04	0.13
0.01	0.02	0.00	0.24	0.16	0.03	0.09	0.00	0.09
0.03	0.02	0.00	0.23	0.15	0.07	0.09	0.01	0.13
0.04	0.02	0.00	0.24	0.16	0.05	0.09	0.01	0.13
0.05	0.03	0.00	0.27	0.20	0.02	0.09	0.01	0.15
0.05	0.03	0.00	0.26	0.19	0.02	0.09	0.01	0.14
0.13	0.05	0.00	0.03	0.16	0.04	0.09	0.02	0.29
0.16	0.07	0.00	0.21	0.23	0.07	0.12	0.06	0.25
0.15	0.07	0.00	0.25	0.36	0.10	0.20	0.33	0.04
0.18	0.19	0.01	0.26	0.53	0.13	0.21	0.29	0.17
0.10	0.20	0.01	0.27	0.31	0.16	0.18	0.09	0.18
0.22	0.19	0.00	0.23	0.27	0.37	0.22	0.09	0.14
0.21	0.03	0.00	0.10	0.29	0.06	0.13	0.05	0.18
0.16	0.04	0.00	0.03	0.25	0.31	0.15	0.02	0.18
0.20	0.04	0.00	0.06	0.42	0.31	0.14	0.10	0.17
0.13	0.06	0.00	0.25	0.22	0.11	0.11	0.12	0.09
0.14	0.05	0.00	0.26	0.28	0.10	0.10	0.13	0.09
0.16	0.11	0.00	0.26	0.24	0.04	0.18	0.14	0.24
0.18	0.10	0.00	0.25	0.23	0.04	0.26	0.14	0.21
0.14	0.26	0.09	0.26	0.22	0.09	0.31	0.10	0.08
0.14	0.26	0.09	0.26	0.16	0.09	0.43	0.09	0.06
0.12	0.28	0.09	0.26	0.16	0.08	0.29	0.07	0.20
0.13	0.31	0.10	0.25	0.18	0.08	0.41	0.11	0.22
0.17	0.32	0.16	0.26	0.18	0.10	0.34	0.11	0.21
0.25	0.12	0.00	0.27	0.20	0.13	0.33	0.16	0.21
0.27	0.12	0.00	0.26	0.19	0.14	0.33	0.11	0.20
0.26	0.12	0.00	0.26	0.26	0.18	0.31	0.17	0.21
0.32	0.11	0.00	0.27	0.25	0.17	0.32	0.16	0.22
0.27	0.14	0.00	0.26	0.25	0.40	0.31	0.12	0.17
0.66	0.12	0.00	0.26	0.37	0.85	0.29	0.12	0.16
0.28	0.11	0.00	0.26	0.31	0.51	0.29	0.12	0.22
0.33	0.11	0.00	0.25	0.30	0.39	0.32	0.12	0.18
0.28	0.11	0.00	0.25	0.29	0.35	0.27	0.12	0.16
0.29	0.11	0.00	0.26	0.48	0.85	0.27	0.12	0.17
0.28	0.06	0.00	0.27	0.26	0.71	0.26	0.12	0.18
0.32	0.05	0.00	0.24	0.33	0.55	0.26	0.12	0.16
0.33	0.05	0.00	0.12	0.26	0.21	0.25	0.07	0.18
0.30	0.03	0.00	0.11	0.30	0.61	0.26	0.06	0.21
0.26	0.03	0.00	0.12	0.42	0.77	0.26	0.06	0.21
0.28	0.03	0.00	0.12	0.50	0.48	0.24	0.06	0.20
0.25	0.03	0.00	0.11	0.30	0.11	0.24	0.05	0.17
0.18	0.04	0.00	0.11	0.27	0.07	0.27	0.02	0.19
0.23	0.05	0.00	0.26	0.26	0.91	0.26	0.06	0.12
0.21	0.04	0.00	0.24	0.33	0.46	0.31	0.06	0.13
0.17	0.16	0.00	0.25	0.14	0.32	0.26	0.06	0.22
0.17	0.16	0.00	0.25	0.13	0.31	0.28	0.06	0.22
0.22	0.16	0.00	0.27	0.13	0.47	0.29	0.04	0.24
0.23	0.15	0.00	0.25	0.13	0.10	0.28	0.08	0.23
0.23	0.08	0.00	0.23	0.14	0.07	0.25	0.08	0.05
0.20	0.08	0.00	0.20	0.13	0.07	0.27	0.08	0.04
0.17	0.17	0.09	0.20	0.11	0.07	0.25	0.31	0.02
0.19	0.17	0.08	0.20	0.11	0.05	0.27	0.32	0.10
0.10	0.19	0.08	0.21	0.10	0.05	0.29	0.48	0.01
0.11	0.18	0.08	0.20	0.10	0.05	0.27	0.40	0.01
0.14	0.18	0.09	0.20	0.12	0.06	0.27	0.27	0.01
0.14	0.18	0.04	0.27	0.16	0.05	0.29	0.16	0.04
0.20	0.21	0.04	0.25	0.17	0.07	0.38	0.18	0.05
0.10	0.26	0.09	0.26	0.16	0.08	0.35	0.05	0.13
0.18	0.30	0.09	0.26	0.16	0.09	0.35	0.05	0.13
0.18	0.27	0.09	0.26	0.16	0.09	0.32	0.05	0.13
0.19	0.25	0.09	0.27	0.16	0.09	0.31	0.05	0.13
0.18	0.25	0.09	0.26	0.18	0.09	0.27	0.06	0.13
0.19	0.21	0.00	0.27	0.18	0.09	0.17	0.07	0.13
0.19	0.05	0.00	0.26	0.18	0.09	0.16	0.06	0.15
0.10	0.32	0.30	0.25	0.15	0.04	0.26	0.27	0.10
0.09	0.24	0.30	0.25	0.12	0.03	0.26	0.26	0.10
0.08	0.28	0.56	0.25	0.14	0.13	0.30	0.29	0.10
0.09	0.27	0.27	0.25	0.12	0.09	0.28	0.82	0.10
0.08	0.28	0.28	0.26	0.13	0.09	0.32	0.82	0.10
0.09	0.27	0.30	0.25	0.12	0.09	0.33	0.86	0.12
0.32	0.27	0.30	0.25	0.30	0.13	0.32	0.46	0.07
0.25	0.25	0.28	0.26	0.12	0.12	0.34	0.52	0.17
0.29	0.26	0.22	0.25	0.16	0.23	0.30	0.47	0.05
0.28	0.23	0.19	0.25	0.12	0.20	0.29	0.47	0.05
0.29	0.24	0.19	0.24	0.12	0.21	0.26	0.47	0.05
0.26	0.28	0.20	0.25	0.10	0.21	0.33	0.65	0.14
0.30	0.14	0.00	0.25	0.18	0.26	0.27	0.27	0.16
0.28	0.21	0.02	0.26	0.18	0.26	0.28	0.33	0.14
0.12	0.28	0.27	0.26	0.23	0.21	0.27	0.27	0.03
0.13	0.28	0.29	0.26	0.23	0.26	0.31	0.42	0.03
0.13	0.30	0.28	0.25	0.25	0.21	0.28	0.30	0.03
0.16	0.31	0.26	0.25	0.24	0.23	0.33	0.25	0.23
0.16	0.29	0.51	0.25	0.25	0.23	0.33	0.27	0.22
0.16	0.32	0.29	0.25	0.25	0.26	0.33	0.26	0.23
0.16	0.36	0.43	0.25	0.23	0.27	0.29	0.30	0.23
0.16	0.55	0.49	0.26	0.25	0.24	0.41	0.25	0.23
0.17	0.35	0.26	0.26	0.23	0.23	0.30	0.24	0.21
0.16	0.33	0.27	0.25	0.34	0.23	0.34	0.23	0.23
0.14	0.30	0.34	0.25	0.16	0.19	0.32	0.15	0.10
0.13	0.28	0.32	0.27	0.10	0.17	0.40	0.10	0.15
0.14	0.27	0.31	0.26	0.11	0.19	0.33	0.09	0.10
0.07	0.28	0.09	0.28	0.08	0.14	0.42	0.12	0.03
0.03	0.26	0.14	0.25	0.07	0.05	0.26	0.08	0.04
0.05	0.27	0.13	0.25	0.07	0.05	0.32	0.09	0.11
0.04	0.26	0.13	0.25	0.07	0.04	0.29	0.09	0.07
0.07	0.31	0.14	0.26	0.10	0.04	0.31	0.08	0.13
0.24	0.29	0.14	0.24	0.16	0.05	0.42	0.08	0.07
0.25	0.25	0.14	0.26	0.15	0.04	0.26	0.08	0.07
0.34	0.31	0.13	0.26	0.18	0.04	0.32	0.08	0.20
0.25	0.23	0.11	0.25	0.43	0.06	0.27	0.29	0.07
0.24	0.26	0.10	0.26	0.15	0.06	0.35	0.45	0.07
0.23	0.25	0.10	0.26	0.15	0.07	0.33	0.29	0.08
0.21	0.26	0.10	0.25	0.15	0.07	0.26	0.26	0.04
0.24	0.35	0.24	0.26	0.14	0.10	0.38	0.31	0.10
0.14	0.22	0.24	0.26	0.20	0.09	0.27	0.15	0.10
0.17	0.24	0.12	0.26	0.21	0.07	0.32	0.15	0.16
0.13	0.26	0.12	0.27	0.14	0.08	0.27	0.15	0.03
0.21	0.23	0.12	0.26	0.12	0.08	0.33	0.15	0.03
0.21	0.23	0.12	0.26	0.12	0.08	0.33	0.15	0.03
0.27	0.28	0.29	0.26	0.19	0.16	0.30	0.73	0.08
0.27	0.27	0.37	0.25	0.18	0.18	0.27	0.58	0.17
0.25	0.29	0.32	0.25	0.19	0.20	0.37	0.30	0.08
0.32	0.28	0.38	0.25	0.15	0.23	0.35	0.29	0.14
0.25	0.31	0.16	0.24	0.13	0.17	0.31	0.25	0.03
0.22	0.29	0.11	0.23	0.10	0.14	0.25	0.14	0.03
0.25	0.27	0.11	0.25	0.08	0.04	0.25	0.12	0.03
0.12	0.23	0.29	0.26	0.08	0.04	0.24	0.25	0.00
0.17	0.18	0.23	0.25	0.11	0.06	0.26	0.26	0.02
0.19	0.07	0.02	0.26	0.11	0.06	0.25	0.19	0.01
0.22	0.09	0.02	0.26	0.12	0.06	0.25	0.18	0.09
0.27	0.08	0.00	0.31	0.19	0.20	0.29	0.16	0.05
0.27	0.25	0.29	0.26	0.15	0.09	0.28	0.45	0.06
0.28	0.22	0.03	0.25	0.12	0.10	0.26	0.27	0.25
0.39	0.20	0.02	0.23	0.12	0.10	0.30	0.16	0.26
0.27	0.20	0.00	0.24	0.12	0.10	0.29	0.18	0.30
0.27	0.21	0.00	0.25	0.12	0.10	0.31	0.19	0.26
0.24	0.09	0.00	0.05	0.17	0.08	0.24	0.19	0.13
0.11	0.11	0.00	0.25	0.17	0.05	0.37	0.17	0.26
0.10	0.11	0.00	0.25	0.17	0.05	0.30	0.14	0.34
0.10	0.11	0.00	0.26	0.16	0.06	0.31	0.14	0.32
0.12	0.11	0.00	0.25	0.16	0.08	0.43	0.18	0.52
0.09	0.03	0.00	0.26	0.16	0.08	0.27	0.04	0.26
0.09	0.01	0.00	0.22	0.18	0.08	0.27	0.02	0.29
0.01	0.01	0.00	0.28	0.21	0.07	0.22	0.00	0.18
0.01	0.02	0.00	0.29	0.27	0.06	0.19	0.00	0.26
0.02	0.01	0.00	0.28	0.34	0.07	0.22	0.00	0.30
0.02	0.01	0.00	0.26	0.38	0.07	0.24	0.00	0.54
0.02	0.02	0.00	0.25	0.25	0.07	0.26	0.00	0.27
0.03	0.01	0.00	0.24	0.24	0.07	0.25	0.02	0.25
0.04	0.01	0.00	0.17	0.46	0.07	0.33	0.02	0.30
0.03	0.02	0.00	0.05	0.25	0.08	0.31	0.02	0.28
0.11	0.03	0.00	0.26	0.24	0.90	0.20	0.03	0.24
0.11	0.03	0.00	0.25	0.29	0.23	0.16	0.08	0.09
0.10	0.03	0.00	0.05	0.27	0.24	0.25	0.09	0.09
0.10	0.03	0.00	0.05	0.24	0.28	0.18	0.07	0.11
0.10	0.02	0.00	0.05	0.34	0.29	0.18	0.08	0.10
0.11	0.02	0.00	0.05	0.34	0.32	0.18	0.08	0.09
0.10	0.02	0.00	0.05	0.23	0.24	0.18	0.07	0.09
0.09	0.01	0.00	0.03	0.20	0.23	0.25	0.08	0.11
0.09	0.00	0.00	0.03	0.21	0.26	0.19	0.03	0.14
0.09	0.01	0.00	0.03	0.28	0.30	0.19	0.03	0.18
0.21	0.03	0.00	0.26	0.24	0.32	0.48	0.21	0.19
0.39	0.02	0.00	0.29	0.29	0.20	0.31	0.20	0.22
0.26	0.02	0.00	0.25	0.29	0.21	0.33	0.19	0.22
0.40	0.02	0.00	0.27	0.25	0.20	0.28	0.06	0.22
