# Variant	Relative_solvent_accessibility	Allosteric_site	Catalytic_site	Altered Secondary_structure	Altered Stability_and_conformational_flexibility	Altered Special_structural_signatures	Altered Macromolecular_binding	Altered Metal_binding	Altered PTM_site
M1I	0.02	0.00	0.00	0.18	0.18	0.02	0.35	0.01	0.10
K13T	0.02	0.00	0.00	0.28	0.19	0.01	0.35	0.01	0.20
P15L	0.02	0.00	0.00	0.27	0.21	0.01	0.29	0.01	0.17
N21S	0.02	0.00	0.00	0.26	0.22	0.03	0.27	0.01	0.29
A25S	0.02	0.00	0.00	0.25	0.22	0.03	0.31	0.01	0.26
R26G	0.02	0.00	0.00	0.25	0.21	0.04	0.30	0.01	0.36
A35V	0.01	0.00	0.00	0.27	0.23	0.03	0.20	0.01	0.25
P38S	0.00	0.00	0.00	0.28	0.25	0.03	0.20	0.02	0.22
G39E	0.01	0.00	0.00	0.30	0.25	0.03	0.21	0.02	0.17
S41Y	0.00	0.00	0.00	0.29	0.30	0.03	0.30	0.02	0.48
P42S	0.00	0.00	0.00	0.28	0.25	0.03	0.15	0.02	0.16
G46R	0.00	0.00	0.00	0.27	0.29	0.01	0.20	0.02	0.27
G54A	0.01	0.00	0.00	0.25	0.27	0.01	0.22	0.01	0.20
R58K	0.01	0.00	0.00	0.25	0.26	0.02	0.15	0.00	0.27
A64P	0.01	0.00	0.00	0.27	0.30	0.07	0.21	0.00	0.56
A64T	0.01	0.00	0.00	0.25	0.24	0.07	0.21	0.00	0.23
S65L	0.01	0.00	0.00	0.25	0.27	0.09	0.28	0.00	1.00
P66Q	0.01	0.00	0.00	0.26	0.27	0.10	0.22	0.00	0.42
K68R	0.01	0.00	0.00	0.26	0.27	0.10	0.23	0.00	0.35
R78G	0.01	0.00	0.00	0.26	0.26	0.10	0.21	0.00	0.25
R78K	0.01	0.00	0.00	0.26	0.28	0.12	0.23	0.00	0.25
A81T	0.01	0.00	0.00	0.22	0.26	0.10	0.20	0.01	0.40
K99N	0.03	0.04	0.00	0.26	0.13	0.16	0.28	0.02	0.09
P107L	0.04	0.05	0.01	0.25	0.13	0.18	0.31	0.04	0.03
I120V	0.07	0.04	0.00	0.25	0.24	0.08	0.16	0.03	0.10
R121H	0.07	0.03	0.00	0.26	0.22	0.10	0.18	0.04	0.10
K123N	0.07	0.03	0.00	0.25	0.23	0.08	0.18	0.03	0.11
K125E	0.09	0.07	0.00	0.27	0.22	0.09	0.17	0.15	0.17
R128L	0.07	0.07	0.00	0.26	0.24	0.10	0.17	0.15	0.12
Q132P	0.06	0.08	0.01	0.26	0.19	0.08	0.17	0.15	0.15
R140M	0.12	0.10	0.01	0.26	0.20	0.12	0.27	0.11	0.28
S144I	0.12	0.10	0.01	0.26	0.25	0.12	0.29	0.03	0.27
L147H	0.13	0.04	0.00	0.28	0.48	0.12	0.26	0.01	0.27
P150S	0.06	0.03	0.00	0.28	0.29	0.07	0.26	0.02	0.24
A159V	0.03	0.02	0.00	0.25	0.32	0.03	0.18	0.02	0.27
L173V	0.00	0.00	0.00	0.24	0.30	0.04	0.34	0.00	0.23
R174K	0.00	0.00	0.00	0.24	0.29	0.05	0.30	0.01	0.27
M176T	0.02	0.00	0.00	0.28	0.26	0.04	0.30	0.01	0.23
K185E	0.01	0.00	0.00	0.29	0.26	0.05	0.30	0.01	0.34
V195F	0.00	0.00	0.00	0.26	0.25	0.02	0.40	0.00	0.21
P202A	0.00	0.00	0.00	0.25	0.32	0.02	0.21	0.00	0.22
E207K	0.00	0.00	0.00	0.27	0.28	0.02	0.27	0.00	1.00
E220D	0.00	0.00	0.00	0.24	0.26	0.03	0.26	0.01	0.48
E221D	0.02	0.00	0.00	0.24	0.25	0.05	0.27	0.01	0.24
N223S	0.02	0.00	0.00	0.26	0.25	0.05	0.29	0.01	0.92
S227I	0.02	0.00	0.00	0.24	0.27	0.05	0.54	0.01	1.00
E229K	0.02	0.00	0.00	0.24	0.25	0.05	0.27	0.01	0.43
S241N	0.01	0.00	0.00	0.32	0.23	0.02	0.31	0.00	0.63
S242T	0.00	0.00	0.00	0.31	0.24	0.02	0.28	0.01	0.27
I245V	0.00	0.00	0.00	0.25	0.22	0.01	0.45	0.01	0.26
I251M	0.00	0.00	0.00	0.27	0.23	0.02	0.42	0.01	0.24
I251V	0.00	0.00	0.00	0.25	0.22	0.02	0.47	0.01	0.24
S261F	0.01	0.00	0.00	0.24	0.21	0.02	0.42	0.01	1.00
T269I	0.03	0.00	0.00	0.22	0.28	0.04	0.45	0.01	0.88
T269S	0.02	0.00	0.00	0.22	0.26	0.04	0.25	0.01	0.25
G273E	0.02	0.00	0.00	0.24	0.29	0.04	0.26	0.01	0.28
G281V	0.00	0.00	0.00	0.26	0.24	0.02	0.26	0.01	0.24
S285I	0.00	0.00	0.00	0.27	0.29	0.02	0.26	0.01	0.91
K295R	0.00	0.00	0.00	0.25	0.18	0.02	0.30	0.00	0.43
K299N	0.00	0.00	0.00	0.27	0.19	0.02	0.37	0.00	0.49
S314N	0.00	0.00	0.00	0.27	0.24	0.04	0.26	0.00	0.86
A326V	0.00	0.00	0.00	0.21	0.19	0.03	0.22	0.00	0.32
A339G	0.01	0.00	0.00	0.24	0.19	0.05	0.29	0.00	0.26
F340S	0.02	0.00	0.00	0.24	0.22	0.07	0.34	0.01	0.28
Q344E	0.01	0.00	0.00	0.24	0.25	0.06	0.25	0.01	0.28
S360I	0.00	0.00	0.00	0.25	0.50	0.04	0.28	0.01	0.21
R361H	0.00	0.00	0.00	0.28	0.29	0.03	0.24	0.01	0.18
L370S	0.00	0.00	0.00	0.28	0.50	0.03	0.34	0.02	0.18
K377N	0.00	0.02	0.00	0.27	0.30	0.03	0.15	0.07	0.28
R378K	0.00	0.03	0.00	0.25	0.28	0.06	0.18	0.06	0.28
D380H	0.00	0.04	0.00	0.28	0.25	0.09	0.16	0.07	0.21
H382Y	0.00	0.05	0.00	0.27	0.35	0.05	0.25	0.06	0.21
R384M	0.02	0.04	0.00	0.26	0.31	0.44	0.18	0.23	0.10
D387H	0.04	0.06	0.00	0.27	0.27	0.06	0.16	0.62	0.13
H388P	0.04	0.07	0.00	0.27	0.31	0.06	0.17	0.29	0.15
D392E	0.07	0.06	0.00	0.26	0.26	0.11	0.22	0.24	0.13
T395I	0.29	0.06	0.00	0.27	0.33	0.24	0.25	0.20	0.12
L396V	0.25	0.06	0.00	0.26	0.24	0.24	0.27	0.16	0.12
Y397H	0.28	0.05	0.00	0.28	0.37	0.25	0.27	0.16	0.13
V398E	0.26	0.05	0.00	0.28	0.32	0.32	0.23	0.08	0.12
C406Y	0.24	0.08	0.00	0.25	0.15	0.16	0.26	0.08	0.08
I425V	0.17	0.10	0.01	0.24	0.12	0.06	0.24	0.17	0.04
K428E	0.28	0.10	0.03	0.26	0.10	0.07	0.25	0.07	0.16
G430R	0.29	0.10	0.04	0.27	0.10	0.09	0.26	0.18	0.18
L435P	0.34	0.14	0.05	0.27	0.12	0.09	0.30	0.25	0.16
I442T	0.31	0.13	0.04	0.24	0.17	0.06	0.24	0.23	0.02
E446D	0.25	0.12	0.03	0.25	0.12	0.11	0.18	0.15	0.03
L449P	0.24	0.18	0.03	0.27	0.13	0.11	0.23	0.11	0.15
A457P	0.14	0.19	0.07	0.26	0.15	0.11	0.24	0.13	0.12
S459C	0.10	0.16	0.07	0.26	0.13	0.11	0.25	0.16	0.03
I464F	0.12	0.17	0.03	0.26	0.13	0.08	0.33	0.09	0.10
R468C	0.15	0.16	0.02	0.25	0.15	0.08	0.31	0.11	0.11
R468H	0.14	0.16	0.02	0.26	0.14	0.08	0.32	0.11	0.11
R482Q	0.16	0.15	0.27	0.25	0.25	0.09	0.27	0.30	0.23
V483L	0.16	0.16	0.14	0.25	0.25	0.09	0.30	0.28	0.21
T488N	0.16	0.09	0.15	0.24	0.25	0.06	0.31	0.24	0.18
M492V	0.11	0.09	0.13	0.26	0.28	0.05	0.25	0.18	0.15
I502T	0.05	0.02	0.00	0.26	0.28	0.04	0.26	0.07	0.27
S503C	0.05	0.02	0.00	0.27	0.18	0.04	0.34	0.20	0.26
V509A	0.07	0.12	0.02	0.28	0.19	0.03	0.28	0.26	0.26
I513T	0.08	0.14	0.02	0.25	0.29	0.02	0.28	0.26	0.10
I516N	0.09	0.15	0.04	0.26	0.63	0.08	0.29	0.25	0.17
Q522R	0.09	0.06	0.04	0.27	0.21	0.13	0.33	0.08	0.20
V526M	0.06	0.06	0.04	0.25	0.30	0.13	0.31	0.08	0.20
G529D	0.08	0.07	0.01	0.25	0.28	0.14	0.28	0.07	0.20
G529V	0.06	0.07	0.02	0.25	0.32	0.14	0.32	0.06	0.19
N534K	0.06	0.07	0.00	0.29	0.31	0.05	0.27	0.06	0.23
S541R	0.04	0.07	0.00	0.28	0.33	0.04	0.13	0.03	0.26
E546Q	0.08	0.03	0.00	0.30	0.31	0.09	0.07	0.06	0.15
S550C	0.08	0.03	0.00	0.25	0.36	0.09	0.23	0.20	0.17
Y556F	0.05	0.04	0.00	0.25	0.23	0.08	0.24	0.16	0.16
C559Y	0.04	0.13	0.07	0.24	0.13	0.05	0.27	0.46	0.16
S564T	0.18	0.12	0.07	0.24	0.12	0.02	0.26	0.26	0.18
G566R	0.23	0.13	0.07	0.25	0.12	0.02	0.40	0.25	0.21
S574T	0.11	0.09	0.01	0.25	0.18	0.02	0.29	0.16	0.13
R577C	0.12	0.10	0.01	0.25	0.18	0.02	0.28	0.85	0.15
C579R	0.11	0.06	0.00	0.25	0.27	0.02	0.26	0.19	0.13
S580L	0.05	0.06	0.00	0.26	0.17	0.02	0.16	0.16	0.13
L585P	0.02	0.08	0.00	0.25	0.14	0.03	0.16	0.06	0.09
P590L	0.00	0.14	0.01	0.26	0.13	0.03	0.10	0.05	0.07
P591S	0.00	0.13	0.01	0.30	0.13	0.03	0.10	0.05	0.06
F596S	0.07	0.13	0.01	0.26	0.36	0.03	0.09	0.05	0.20
G599R	0.08	0.05	0.00	0.25	0.23	0.06	0.07	0.04	0.19
K610N	0.04	0.02	0.00	0.27	0.27	0.10	0.11	0.03	0.12
E619D	0.03	0.01	0.00	0.25	0.20	0.03	0.09	0.04	0.08
P623A	0.04	0.01	0.00	0.29	0.20	0.05	0.14	0.03	0.07
P623L	0.04	0.01	0.00	0.32	0.20	0.04	0.15	0.03	0.07
D629N	0.06	0.00	0.00	0.24	0.14	0.04	0.13	0.03	0.09
R644S	0.10	0.01	0.00	0.36	0.21	0.08	0.21	0.06	0.17
S648I	0.03	0.00	0.00	0.25	0.19	0.07	0.15	0.02	0.14
G652W	0.01	0.01	0.00	0.36	0.18	0.05	0.10	0.01	0.07
M662T	0.02	0.00	0.00	0.27	0.31	0.04	0.06	0.01	0.13
S666P	0.01	0.00	0.00	0.27	0.29	0.04	0.04	0.01	0.13
D667E	0.01	0.00	0.00	0.24	0.30	0.04	0.04	0.01	0.18
S668P	0.01	0.00	0.00	0.26	0.29	0.04	0.04	0.01	0.18
I669T	0.02	0.00	0.00	0.25	0.39	0.04	0.04	0.01	0.17
G670R	0.03	0.01	0.00	0.29	0.28	0.04	0.04	0.01	0.23
P673L	0.03	0.02	0.00	0.31	0.37	0.04	0.04	0.02	0.20
E675D	0.03	0.02	0.00	0.26	0.28	0.04	0.04	0.02	0.21
S677T	0.03	0.03	0.00	0.26	0.31	0.04	0.09	0.02	0.20
S682F	0.02	0.04	0.00	0.24	0.31	0.03	0.09	0.02	0.06
G685A	0.02	0.06	0.00	0.07	0.15	0.02	0.15	0.02	0.05
G686D	0.02	0.08	0.00	0.04	0.13	0.02	0.15	0.04	0.06
C687W	0.02	0.06	0.00	0.04	0.13	0.02	0.15	0.02	0.07
C694R	0.04	0.08	0.00	0.27	0.12	0.04	0.15	0.03	0.11
I696T	0.05	0.03	0.00	0.26	0.17	0.07	0.07	0.03	0.07
Q698E	0.05	0.03	0.00	0.26	0.16	0.07	0.07	0.11	0.07
Q698K	0.04	0.03	0.00	0.28	0.14	0.07	0.07	0.03	0.08
L700F	0.04	0.03	0.00	0.27	0.12	0.11	0.14	0.03	0.06
F706S	0.07	0.04	0.00	0.26	0.24	0.19	0.16	0.04	0.13
P711S	0.08	0.04	0.00	0.24	0.30	0.23	0.16	0.04	0.12
T716R	0.06	0.01	0.00	0.24	0.24	0.22	0.12	0.03	0.21
I725M	0.04	0.02	0.00	0.25	0.26	0.04	0.19	0.01	0.19
F726L	0.04	0.04	0.00	0.27	0.17	0.06	0.18	0.02	0.19
F726Y	0.04	0.04	0.00	0.26	0.19	0.06	0.21	0.02	0.26
K728T	0.04	0.11	0.00	0.26	0.13	0.08	0.25	0.03	0.17
Y730C	0.04	0.11	0.00	0.28	0.08	0.08	0.26	0.03	0.14
R732P	0.03	0.12	0.22	0.26	0.10	0.10	0.28	0.21	0.16
V734E	0.04	0.13	0.17	0.27	0.12	0.12	0.37	0.29	0.12
A737V	0.13	0.11	0.11	0.26	0.12	0.08	0.27	0.22	0.12
N742T	0.13	0.14	0.16	0.26	0.13	0.10	0.29	0.25	0.04
R761K	0.26	0.10	0.01	0.25	0.22	0.24	0.30	0.33	0.11
C765W	0.22	0.16	0.03	0.25	0.13	0.14	0.32	0.31	0.10
H766R	0.20	0.11	0.01	0.27	0.14	0.14	0.31	0.29	0.28
T767S	0.20	0.22	0.02	0.25	0.14	0.15	0.28	0.26	0.25
R772W	0.14	0.22	0.02	0.25	0.15	0.10	0.27	0.08	0.30
W777R	0.05	0.23	0.02	0.25	0.13	0.09	0.33	0.03	0.08
A780G	0.05	0.20	0.00	0.25	0.10	0.06	0.23	0.20	0.07
P781S	0.09	0.18	0.00	0.25	0.08	0.04	0.23	0.21	0.11
P781T	0.08	0.19	0.00	0.25	0.09	0.05	0.24	0.21	0.11
A787V	0.08	0.22	0.02	0.25	0.13	0.05	0.18	0.21	0.12
R791C	0.09	0.25	0.02	0.06	0.14	0.09	0.18	0.17	0.12
L792P	0.09	0.23	0.02	0.07	0.31	0.06	0.17	0.15	0.07
L798V	0.08	0.06	0.00	0.26	0.14	0.23	0.17	0.19	0.04
D803G	0.05	0.03	0.00	0.27	0.14	0.33	0.12	0.05	0.21
K814Q	0.07	0.19	0.04	0.26	0.21	0.09	0.14	0.27	0.23
P831A	0.06	0.07	0.00	0.26	0.31	0.05	0.17	0.08	0.23
A842G	0.05	0.03	0.00	0.33	0.29	0.09	0.28	0.02	0.25
I843M	0.05	0.03	0.00	0.29	0.32	0.09	0.28	0.01	0.32
Y845C	0.04	0.03	0.00	0.27	0.20	0.08	0.35	0.08	0.43
Y850C	0.05	0.03	0.00	0.23	0.19	0.06	0.36	0.03	0.36
K854M	0.06	0.03	0.00	0.23	0.21	0.04	0.24	0.05	0.26
D857N	0.06	0.03	0.00	0.19	0.19	0.03	0.20	0.06	0.15
G864E	0.04	0.03	0.00	0.03	0.14	0.03	0.07	0.01	0.15
K866T	0.03	0.03	0.00	0.03	0.12	0.02	0.06	0.01	0.17
I872V	0.01	0.01	0.00	0.03	0.13	0.03	0.06	0.01	0.15
V878A	0.02	0.02	0.00	0.26	0.19	0.02	0.04	0.01	0.12
V878G	0.02	0.02	0.00	0.27	0.23	0.02	0.05	0.01	0.13
I886V	0.02	0.02	0.00	0.25	0.16	0.03	0.05	0.02	0.13
R901C	0.16	0.06	0.00	0.26	0.24	0.10	0.17	0.08	0.19
R901H	0.12	0.06	0.00	0.25	0.23	0.09	0.17	0.15	0.19
A915G	0.21	0.07	0.00	0.28	0.18	0.27	0.16	0.20	0.24
R961T	0.11	0.05	0.00	0.25	0.16	0.10	0.29	0.05	0.12
Y969F	0.09	0.04	0.00	0.25	0.13	0.18	0.27	0.05	0.12
Y969S	0.17	0.04	0.00	0.25	0.13	0.18	0.28	0.08	0.13
R974G	0.17	0.12	0.02	0.25	0.17	0.25	0.39	0.04	0.10
R976H	0.13	0.11	0.06	0.25	0.13	0.22	0.27	0.22	0.09
Q978E	0.19	0.11	0.05	0.26	0.15	0.23	0.30	0.22	0.09
N984D	0.22	0.11	0.04	0.26	0.18	0.16	0.28	0.24	0.13
F985L	0.20	0.10	0.04	0.26	0.24	0.16	0.33	0.22	0.13
K997R	0.17	0.07	0.00	0.25	0.30	0.23	0.30	0.04	0.21
S998C	0.18	0.07	0.00	0.26	0.39	0.23	0.31	0.04	0.20
W1007C	0.18	0.13	0.02	0.28	0.39	0.09	0.41	0.08	0.28
A1016V	0.19	0.02	0.00	0.04	0.17	0.10	0.19	0.02	0.19
A1021D	0.13	0.05	0.00	0.02	0.23	0.15	0.11	0.08	0.09
D1026Y	0.14	0.05	0.00	0.02	0.21	0.38	0.12	0.09	0.23
Q1048E	0.19	0.21	0.00	0.03	0.17	0.07	0.25	0.04	0.13
I1054F	0.15	0.10	0.03	0.13	0.10	0.03	0.22	0.06	0.06
A1055P	0.09	0.11	0.03	0.16	0.08	0.03	0.18	0.05	0.06
A1055T	0.07	0.08	0.03	0.14	0.08	0.03	0.14	0.05	0.06
R1068L	0.04	0.07	0.00	0.27	0.25	0.04	0.23	0.05	0.30
R1068P	0.03	0.08	0.00	0.29	0.26	0.04	0.21	0.04	0.30
G1069E	0.04	0.08	0.00	0.26	0.25	0.04	0.24	0.04	0.23
G1072D	0.04	0.21	0.04	0.26	0.24	0.04	0.24	0.16	0.21
G1072V	0.03	0.19	0.05	0.26	0.28	0.04	0.20	0.16	0.25
P1073R	0.04	0.17	0.04	0.27	0.25	0.04	0.20	0.16	0.21
P1073S	0.04	0.17	0.06	0.27	0.24	0.04	0.23	0.18	0.21
P1082L	0.07	0.17	0.00	0.26	0.22	0.06	0.14	0.08	0.13
P1086H	0.06	0.08	0.00	0.26	0.22	0.06	0.13	0.09	0.14
P1087R	0.06	0.09	0.01	0.27	0.22	0.04	0.12	0.07	0.15
P1087S	0.09	0.08	0.01	0.27	0.21	0.05	0.13	0.09	0.13
P1087T	0.07	0.08	0.01	0.26	0.21	0.04	0.13	0.07	0.13
R1095H	0.04	0.25	0.21	0.25	0.21	0.03	0.18	0.64	0.11
T1100M	0.19	0.25	0.13	0.25	0.14	0.09	0.30	0.25	0.17
P1110T	0.19	0.14	0.08	0.26	0.13	0.11	0.28	0.27	0.05
L1114Q	0.10	0.11	0.08	0.26	0.27	0.12	0.26	0.25	0.07
C1117Y	0.10	0.07	0.04	0.27	0.31	0.11	0.59	0.27	0.15
Y1128C	0.03	0.30	0.19	0.27	0.24	0.05	0.24	0.07	0.15
T1133N	0.04	0.29	0.25	0.26	0.23	0.07	0.31	0.19	0.13
G1139S	0.08	0.27	0.35	0.24	0.23	0.10	0.33	0.18	0.23
T1142M	0.08	0.26	0.26	0.25	0.23	0.09	0.30	0.15	0.22
Q1146P	0.08	0.30	0.25	0.27	0.20	0.09	0.33	0.14	0.10
A1147T	0.10	0.25	0.34	0.26	0.18	0.08	0.31	0.08	0.10
G1148R	0.09	0.26	0.27	0.20	0.14	0.08	0.35	0.05	0.15
A1154D	0.04	0.28	0.13	0.24	0.11	0.04	0.31	0.30	0.11
Q1155H	0.02	0.21	0.10	0.24	0.09	0.03	0.27	0.17	0.09
G1157S	0.03	0.22	0.10	0.24	0.09	0.03	0.30	0.16	0.09
V1160L	0.12	0.21	0.10	0.26	0.09	0.03	0.32	0.16	0.09
A1162P	0.15	0.17	0.07	0.25	0.14	0.04	0.30	0.10	0.12
E1163V	0.13	0.15	0.06	0.25	0.09	0.03	0.34	0.08	0.12
D1181E	0.25	0.26	0.21	0.26	0.22	0.13	0.26	0.37	0.11
I1183K	0.33	0.24	0.17	0.26	0.40	0.15	0.25	0.34	0.17
S1188N	0.31	0.26	0.22	0.25	0.20	0.11	0.30	0.25	0.06
E1193K	0.10	0.25	0.18	0.25	0.15	0.06	0.26	0.22	0.07
L1201V	0.08	0.07	0.07	0.24	0.15	0.03	0.25	0.20	0.03
M1202T	0.14	0.10	0.02	0.25	0.15	0.04	0.27	0.22	0.03
T1205I	0.10	0.10	0.04	0.25	0.12	0.05	0.23	0.23	0.03
L1211P	0.12	0.18	0.25	0.25	0.19	0.06	0.30	0.40	0.03
R1217K	0.28	0.26	0.35	0.25	0.22	0.16	0.28	0.28	0.12
G1218R	0.28	0.28	0.34	0.26	0.18	0.13	0.34	0.32	0.09
T1219I	0.29	0.27	0.49	0.25	0.19	0.14	0.28	0.32	0.07
T1225M	0.34	0.24	0.25	0.26	0.13	0.14	0.27	0.27	0.06
A1226T	0.32	0.23	0.23	0.25	0.13	0.15	0.27	0.27	0.06
I1227L	0.28	0.24	0.17	0.26	0.13	0.13	0.28	0.29	0.06
A1228P	0.32	0.20	0.17	0.26	0.12	0.15	0.29	0.28	0.18
V1232L	0.26	0.15	0.01	0.09	0.13	0.13	0.30	0.14	0.16
R1242L	0.31	0.22	0.13	0.29	0.12	0.05	0.29	0.14	0.11
R1242S	0.27	0.23	0.12	0.25	0.12	0.05	0.32	0.20	0.11
L1244V	0.23	0.25	0.27	0.26	0.09	0.04	0.24	0.25	0.11
H1248D	0.05	0.28	0.34	0.26	0.15	0.06	0.27	0.57	0.06
E1254D	0.10	0.24	0.21	0.26	0.15	0.07	0.27	0.25	0.10
V1262L	0.08	0.24	0.06	0.25	0.13	0.07	0.20	0.22	0.14
R1263C	0.05	0.28	0.05	0.25	0.12	0.06	0.22	0.26	0.17
A1268E	0.11	0.25	0.05	0.26	0.23	0.10	0.27	0.37	0.14
E1274K	0.26	0.06	0.00	0.28	0.25	0.15	0.26	0.39	0.24
T1284M	0.33	0.18	0.01	0.25	0.22	0.25	0.28	0.16	0.20
R1304K	0.33	0.26	0.02	0.25	0.16	0.16	0.27	0.11	0.26
E1310D	0.29	0.22	0.00	0.26	0.22	0.27	0.28	0.17	0.22
K1319R	0.19	0.05	0.00	0.02	0.26	0.37	0.25	0.04	0.22
R1321G	0.17	0.05	0.00	0.02	0.27	0.56	0.17	0.05	0.23
R1321S	0.18	0.06	0.00	0.02	0.27	0.39	0.17	0.06	0.28
M1326T	0.13	0.05	0.00	0.03	0.27	0.31	0.16	0.01	0.28
S1329L	0.03	0.03	0.00	0.09	0.30	0.29	0.15	0.01	0.22
L1332I	0.02	0.02	0.00	0.25	0.21	0.22	0.16	0.01	0.10
R1334Q	0.01	0.02	0.00	0.25	0.14	0.27	0.14	0.01	0.11
L1354Q	0.14	0.01	0.00	0.22	0.30	0.74	0.17	0.06	0.12
