0.01	0.00	0.00	0.31	0.20	0.03	0.38	0.01	0.21
0.01	0.00	0.00	0.23	0.23	0.03	0.25	0.01	0.17
0.00	0.00	0.00	0.26	0.28	0.03	0.17	0.02	0.25
0.10	0.06	0.00	0.16	0.12	0.08	0.29	0.01	0.15
0.10	0.18	0.02	0.24	0.18	0.10	0.25	0.05	0.15
0.11	0.19	0.04	0.26	0.19	0.14	0.27	0.08	0.17
0.08	0.18	0.06	0.32	0.23	0.16	0.27	0.12	0.12
0.07	0.13	0.10	0.26	0.16	0.18	0.27	0.10	0.13
0.28	0.23	0.02	0.24	0.17	0.19	0.26	0.21	0.04
0.10	0.28	0.21	0.26	0.14	0.12	0.19	0.24	0.10
0.25	0.14	0.16	0.25	0.32	0.09	0.30	0.12	0.16
0.17	0.14	0.16	0.26	0.25	0.08	0.26	0.13	0.03
0.04	0.02	0.02	0.26	0.26	0.09	0.08	0.20	0.21
0.01	0.00	0.00	0.25	0.18	0.09	0.12	0.22	0.15
0.01	0.00	0.00	0.24	0.28	0.12	0.12	0.21	0.15
0.01	0.01	0.00	0.27	0.42	0.13	0.16	0.08	0.15
0.00	0.00	0.00	0.30	0.20	0.04	0.14	0.00	0.13
0.00	0.00	0.00	0.31	0.23	0.04	0.07	0.01	0.25
0.01	0.00	0.00	0.26	0.35	0.04	0.29	0.01	0.15
0.09	0.03	0.00	0.25	0.25	0.06	0.20	0.05	0.15
0.09	0.03	0.00	0.23	0.36	0.06	0.23	0.08	0.06
0.06	0.01	0.00	0.27	0.26	0.05	0.13	0.09	0.08
0.06	0.02	0.03	0.25	0.35	0.12	0.09	0.04	0.08
0.07	0.04	0.00	0.25	0.21	0.09	0.14	0.01	0.09
0.05	0.00	0.00	0.26	0.24	0.12	0.04	0.01	0.12
0.03	0.00	0.00	0.24	0.15	0.10	0.05	0.01	0.12
0.10	0.01	0.00	0.27	0.15	0.10	0.08	0.10	0.10
0.18	0.17	0.21	0.26	0.41	0.15	0.26	0.30	0.04
0.06	0.01	0.00	0.27	0.17	0.03	0.08	0.04	0.17
0.18	0.07	0.01	0.27	0.15	0.07	0.15	0.19	0.11
0.03	0.01	0.00	0.25	0.33	0.03	0.18	0.01	0.17
0.03	0.01	0.00	0.30	0.38	0.03	0.37	0.01	0.22
0.00	0.01	0.00	0.31	0.39	0.03	0.15	0.00	0.29
