# Variant	Relative_solvent_accessibility	Allosteric_site	Catalytic_site	Altered Secondary_structure	Altered Stability_and_conformational_flexibility	Altered Special_structural_signatures	Altered Macromolecular_binding	Altered Metal_binding	Altered PTM_site
S25N	0.06	0.01	0.00	0.26	0.34	0.06	0.20	0.06	0.22
R35Q	0.07	0.00	0.00	0.26	0.27	0.07	0.20	0.04	0.25
S50G	0.13	0.01	0.00	0.26	0.22	0.07	0.23	0.08	0.25
S50R	0.14	0.02	0.00	0.26	0.23	0.07	0.47	0.09	0.31
A51S	0.14	0.02	0.00	0.25	0.30	0.07	0.21	0.10	0.25
G136R	0.02	0.00	0.00	0.22	0.28	0.12	0.07	0.01	0.27
T146P	0.01	0.00	0.00	0.23	0.32	0.04	0.05	0.02	0.34
V158M	0.04	0.00	0.00	0.26	0.33	0.21	0.09	0.02	0.14
R160Q	0.04	0.00	0.00	0.30	0.23	0.24	0.09	0.03	0.16
S212R	0.03	0.00	0.00	0.25	0.22	0.23	0.13	0.04	0.13
S236G	0.20	0.07	0.02	0.25	0.14	0.28	0.25	0.16	0.12
V241M	0.30	0.06	0.01	0.23	0.21	0.30	0.29	0.15	0.14
C249R	0.36	0.02	0.00	0.27	0.24	0.26	0.33	0.32	0.16
R272H	0.02	0.00	0.00	0.24	0.27	0.07	0.12	0.02	0.28
R281W	0.06	0.00	0.00	0.29	0.57	0.05	0.08	0.02	0.67
R335C	0.05	0.00	0.00	0.25	0.21	0.03	0.08	0.07	0.28
R346H	0.03	0.02	0.00	0.25	0.22	0.02	0.55	0.04	0.26
P371R	0.14	0.02	0.00	0.28	0.26	0.55	0.37	0.02	0.25
G407S	0.24	0.00	0.01	0.26	0.21	0.22	0.20	0.07	0.21
G416S	0.10	0.02	0.00	0.26	0.15	0.18	0.11	0.04	0.13
V437M	0.04	0.10	0.00	0.26	0.18	0.05	0.15	0.09	0.22
E516K	0.05	0.02	0.00	0.29	0.15	0.04	0.15	0.20	0.12
A522V	0.04	0.07	0.00	0.27	0.15	0.04	0.17	0.25	0.15
G557D	0.30	0.00	0.00	0.29	0.17	0.14	0.12	0.12	0.14
R597W	0.20	0.02	0.00	0.25	0.14	0.05	0.21	0.16	0.11
I603T	0.06	0.02	0.00	0.27	1.00	0.04	0.10	0.14	0.17
Y614C	0.10	0.07	0.00	0.26	0.20	0.03	0.10	0.32	0.34
G620V	0.03	0.02	0.00	0.25	0.11	0.03	0.08	0.03	0.12
R654C	0.10	0.02	0.00	0.29	0.14	0.06	0.06	0.24	0.28
I659T	0.11	0.02	0.00	0.25	0.38	0.10	0.06	0.03	0.21
R733H	0.06	0.01	0.00	0.25	0.30	0.09	0.11	0.13	0.23
D745G	0.08	0.05	0.00	0.27	0.25	0.07	0.19	0.31	0.18
V757M	0.07	0.02	0.00	0.25	0.21	0.09	0.18	0.09	0.10
N763S	0.07	0.01	0.00	0.26	0.18	0.12	0.15	0.09	0.15
A774T	0.28	0.03	0.00	0.26	0.22	0.27	0.27	0.14	0.24
R834W	0.13	0.02	0.00	0.26	0.16	0.14	0.22	0.11	0.15
A851V	0.07	0.05	0.02	0.25	0.28	0.03	0.28	0.10	0.23
M854V	0.08	0.06	0.02	0.27	0.32	0.03	0.27	0.11	0.18
S928L	0.31	0.02	0.00	0.25	0.14	0.11	0.21	0.16	0.13
A950V	0.04	0.02	0.02	0.26	0.22	0.04	0.20	0.12	0.12
R1022H	0.19	0.02	0.00	0.25	0.24	0.25	0.29	0.21	0.18
G1093C	0.33	0.08	0.03	0.26	0.24	0.31	0.31	0.33	0.05
R1121H	0.06	0.03	0.00	0.25	0.10	0.11	0.31	0.46	0.11
R1138P	0.12	0.21	0.14	0.26	0.11	0.13	0.31	0.13	0.09
R1190H	0.07	0.02	0.02	0.25	0.11	0.25	0.14	0.04	0.21
R1226C	0.28	0.03	0.00	0.25	0.19	0.40	0.28	0.34	0.15
R1228P	0.24	0.03	0.00	0.28	0.17	0.35	0.29	0.18	0.14
G1249V	0.02	0.03	0.00	0.25	0.17	0.02	0.15	0.07	0.19
Y1251H	0.02	0.03	0.00	0.25	0.15	0.02	0.16	0.07	0.24
C1266R	0.09	0.03	0.00	0.25	0.33	0.03	0.24	0.13	0.19
