0.06	0.01	0.00	0.26	0.34	0.06	0.20	0.06	0.22
0.07	0.00	0.00	0.26	0.27	0.07	0.20	0.04	0.25
0.13	0.01	0.00	0.26	0.22	0.07	0.23	0.08	0.25
0.14	0.02	0.00	0.26	0.23	0.07	0.47	0.09	0.31
0.14	0.02	0.00	0.25	0.30	0.07	0.21	0.10	0.25
0.02	0.00	0.00	0.22	0.28	0.12	0.07	0.01	0.27
0.01	0.00	0.00	0.23	0.32	0.04	0.05	0.02	0.34
0.04	0.00	0.00	0.26	0.33	0.21	0.09	0.02	0.14
0.04	0.00	0.00	0.30	0.23	0.24	0.09	0.03	0.16
0.03	0.00	0.00	0.25	0.22	0.23	0.13	0.04	0.13
0.20	0.07	0.02	0.25	0.14	0.28	0.25	0.16	0.12
0.30	0.06	0.01	0.23	0.21	0.30	0.29	0.15	0.14
0.36	0.02	0.00	0.27	0.24	0.26	0.33	0.32	0.16
0.02	0.00	0.00	0.24	0.27	0.07	0.12	0.02	0.28
0.06	0.00	0.00	0.29	0.57	0.05	0.08	0.02	0.67
0.05	0.00	0.00	0.25	0.21	0.03	0.08	0.07	0.28
0.03	0.02	0.00	0.25	0.22	0.02	0.55	0.04	0.26
0.14	0.02	0.00	0.28	0.26	0.55	0.37	0.02	0.25
0.24	0.00	0.01	0.26	0.21	0.22	0.20	0.07	0.21
0.10	0.02	0.00	0.26	0.15	0.18	0.11	0.04	0.13
0.04	0.10	0.00	0.26	0.18	0.05	0.15	0.09	0.22
0.05	0.02	0.00	0.29	0.15	0.04	0.15	0.20	0.12
0.04	0.07	0.00	0.27	0.15	0.04	0.17	0.25	0.15
0.30	0.00	0.00	0.29	0.17	0.14	0.12	0.12	0.14
0.20	0.02	0.00	0.25	0.14	0.05	0.21	0.16	0.11
0.06	0.02	0.00	0.27	1.00	0.04	0.10	0.14	0.17
0.10	0.07	0.00	0.26	0.20	0.03	0.10	0.32	0.34
0.03	0.02	0.00	0.25	0.11	0.03	0.08	0.03	0.12
0.10	0.02	0.00	0.29	0.14	0.06	0.06	0.24	0.28
0.11	0.02	0.00	0.25	0.38	0.10	0.06	0.03	0.21
0.06	0.01	0.00	0.25	0.30	0.09	0.11	0.13	0.23
0.08	0.05	0.00	0.27	0.25	0.07	0.19	0.31	0.18
0.07	0.02	0.00	0.25	0.21	0.09	0.18	0.09	0.10
0.07	0.01	0.00	0.26	0.18	0.12	0.15	0.09	0.15
0.28	0.03	0.00	0.26	0.22	0.27	0.27	0.14	0.24
0.13	0.02	0.00	0.26	0.16	0.14	0.22	0.11	0.15
0.07	0.05	0.02	0.25	0.28	0.03	0.28	0.10	0.23
0.08	0.06	0.02	0.27	0.32	0.03	0.27	0.11	0.18
0.31	0.02	0.00	0.25	0.14	0.11	0.21	0.16	0.13
0.04	0.02	0.02	0.26	0.22	0.04	0.20	0.12	0.12
0.19	0.02	0.00	0.25	0.24	0.25	0.29	0.21	0.18
0.33	0.08	0.03	0.26	0.24	0.31	0.31	0.33	0.05
0.06	0.03	0.00	0.25	0.10	0.11	0.31	0.46	0.11
0.12	0.21	0.14	0.26	0.11	0.13	0.31	0.13	0.09
0.07	0.02	0.02	0.25	0.11	0.25	0.14	0.04	0.21
0.28	0.03	0.00	0.25	0.19	0.40	0.28	0.34	0.15
0.24	0.03	0.00	0.28	0.17	0.35	0.29	0.18	0.14
0.02	0.03	0.00	0.25	0.17	0.02	0.15	0.07	0.19
0.02	0.03	0.00	0.25	0.15	0.02	0.16	0.07	0.24
0.09	0.03	0.00	0.25	0.33	0.03	0.24	0.13	0.19
