0.27	0.03	0.00	0.25	0.25	0.04	0.21	0.24	0.29
0.32	0.03	0.00	0.26	0.27	0.03	0.23	0.18	0.32
0.09	0.18	0.02	0.26	0.14	0.20	0.37	0.14	0.12
0.25	0.22	0.07	0.25	0.22	0.27	0.27	0.25	0.09
0.20	0.12	0.01	0.26	0.37	0.07	0.30	0.21	0.23
0.16	0.06	0.02	0.24	0.20	0.25	0.25	0.08	0.13
0.09	0.04	0.01	0.28	0.20	0.26	0.19	0.03	0.11
0.12	0.13	0.00	0.25	0.26	0.59	0.24	0.08	0.19
0.17	0.06	0.03	0.25	0.36	0.09	0.36	0.06	0.27
0.23	0.35	0.07	0.26	0.13	0.07	0.29	0.15	0.10
0.23	0.00	0.00	0.03	0.33	0.07	0.24	0.04	0.34
0.17	0.00	0.00	0.03	0.21	0.02	0.13	0.01	0.29
0.05	0.00	0.00	0.04	0.20	0.02	0.22	0.05	0.19
0.03	0.00	0.00	0.27	0.20	0.01	0.24	0.04	0.22
0.01	0.00	0.00	0.25	0.19	0.01	0.25	0.04	0.02
0.08	0.01	0.00	0.15	0.21	0.02	0.20	0.08	0.20
0.11	0.00	0.00	0.18	0.21	0.02	0.15	0.14	0.14
0.07	0.02	0.00	0.27	0.24	0.02	0.15	0.14	0.17
0.07	0.01	0.00	0.14	0.22	0.02	0.25	0.06	0.59
0.07	0.02	0.00	0.19	0.27	0.02	0.11	0.03	0.18
0.08	0.03	0.00	0.26	0.44	0.02	0.17	0.14	0.24
0.06	0.02	0.00	0.25	0.47	0.02	0.21	0.09	0.16
0.07	0.03	0.00	0.27	0.37	0.05	0.26	0.20	0.14
0.02	0.00	0.00	0.23	0.16	0.02	0.14	0.16	0.24
0.05	0.02	0.00	0.18	0.20	0.02	0.10	0.06	0.27
0.06	0.01	0.00	0.05	0.22	0.01	0.47	0.03	0.21
0.06	0.01	0.00	0.06	0.22	0.02	0.25	0.03	0.24
0.06	0.02	0.00	0.05	0.30	0.03	0.24	0.05	0.19
0.08	0.00	0.00	0.16	0.19	0.02	0.27	0.09	0.09
0.02	0.02	0.00	0.27	0.24	0.01	0.20	0.07	0.12
0.01	0.01	0.00	0.27	0.20	0.01	0.29	0.17	0.16
0.03	0.01	0.00	0.21	0.19	0.01	0.28	0.03	0.32
0.10	0.01	0.00	0.25	0.22	0.01	0.27	0.01	0.22
0.10	0.02	0.00	0.25	0.19	0.02	0.26	0.01	0.24
