0.11	0.05	0.00	0.25	0.34	0.06	0.19	0.11	0.20
0.20	0.20	0.00	0.25	0.25	0.24	0.28	0.05	0.15
0.18	0.18	0.07	0.25	0.21	0.31	0.25	0.13	0.16
0.10	0.04	0.08	0.25	0.30	0.03	0.21	0.11	0.11
0.17	0.14	0.00	0.26	0.26	0.06	0.28	0.13	0.34
0.14	0.11	0.02	0.26	0.14	0.20	0.28	0.15	0.13
0.15	0.13	0.02	0.26	0.14	0.22	0.31	0.13	0.12
0.11	0.09	0.00	0.26	0.22	0.25	0.21	0.02	0.10
0.08	0.06	0.01	0.26	0.19	0.37	0.34	0.06	0.15
0.07	0.06	0.01	0.27	0.18	0.25	0.27	0.09	0.15
0.06	0.11	0.01	0.28	0.16	0.04	0.16	0.05	0.02
0.08	0.21	0.04	0.26	0.06	0.12	0.29	0.32	0.13
0.14	0.26	0.10	0.25	0.19	0.24	0.26	0.39	0.07
0.15	0.28	0.08	0.29	0.11	0.06	0.27	0.11	0.10
0.16	0.27	0.12	0.26	0.12	0.07	0.31	0.13	0.10
0.18	0.27	0.13	0.27	0.12	0.06	0.31	0.11	0.10
0.19	0.30	0.10	0.26	0.12	0.06	0.41	0.14	0.10
0.18	0.30	0.15	0.26	0.12	0.06	0.29	0.14	0.10
0.31	0.11	0.01	0.25	0.33	0.07	0.31	0.11	0.15
0.12	0.10	0.00	0.22	0.24	0.09	0.22	0.08	0.25
0.12	0.12	0.00	0.22	0.34	0.06	0.20	0.09	0.17
0.12	0.08	0.00	0.17	0.13	0.12	0.28	0.05	0.13
0.09	0.05	0.00	0.29	0.30	0.54	0.33	0.02	0.16
0.22	0.03	0.00	0.25	0.25	0.24	0.10	0.10	0.27
0.03	0.00	0.00	0.03	0.22	0.01	0.11	0.01	0.24
0.03	0.00	0.00	0.03	0.21	0.01	0.11	0.01	0.24
0.03	0.00	0.00	0.26	0.19	0.02	0.25	0.08	0.03
0.03	0.00	0.00	0.27	0.18	0.02	0.26	0.08	0.03
0.03	0.01	0.00	0.04	0.19	0.01	0.33	0.17	0.24
0.03	0.01	0.00	0.07	0.18	0.02	0.34	0.08	0.18
0.03	0.01	0.00	0.25	0.20	0.02	0.21	0.05	0.10
0.02	0.00	0.00	0.29	0.21	0.02	0.17	0.02	0.22
0.02	0.01	0.00	0.25	0.19	0.02	0.17	0.03	0.26
0.04	0.01	0.00	0.26	0.19	0.02	0.23	0.02	0.24
0.00	0.00	0.00	0.25	0.19	0.01	0.48	0.02	0.17
0.07	0.01	0.00	0.24	0.21	0.02	0.23	0.05	0.18
0.06	0.03	0.00	0.26	0.20	0.02	0.12	0.18	0.17
0.06	0.01	0.00	0.26	0.19	0.01	0.09	0.07	0.19
0.05	0.01	0.00	0.05	0.35	0.02	0.12	0.03	0.20
0.05	0.01	0.00	0.13	0.26	0.02	0.20	0.03	0.17
0.06	0.01	0.00	0.26	0.22	0.04	0.30	0.06	0.22
0.08	0.04	0.00	0.27	0.57	0.04	0.24	0.19	0.15
0.15	0.01	0.00	0.07	0.23	0.02	0.26	0.07	0.30
0.04	0.01	0.00	0.08	0.23	0.01	0.18	0.04	0.18
0.03	0.01	0.00	0.08	0.22	0.01	0.22	0.05	0.12
0.09	0.00	0.00	0.29	0.17	0.01	0.43	0.17	0.48
0.04	0.02	0.00	0.13	0.20	0.02	0.27	0.03	0.13
0.13	0.02	0.00	0.20	0.23	0.02	0.22	0.12	0.10
0.17	0.05	0.00	0.14	0.25	0.03	0.18	0.14	0.07
0.19	0.04	0.00	0.05	0.17	0.03	0.34	0.09	0.36
