# Variant	Relative_solvent_accessibility	Allosteric_site	Catalytic_site	Altered Secondary_structure	Altered Stability_and_conformational_flexibility	Altered Special_structural_signatures	Altered Macromolecular_binding	Altered Metal_binding	Altered PTM_site
G144D	0.23	0.18	0.03	0.26	0.27	0.23	0.26	0.13	0.15
K146N	0.21	0.18	0.04	0.25	0.32	0.23	0.30	0.10	0.16
T177I	0.12	0.08	0.12	0.25	0.23	0.04	0.17	0.08	0.06
G178R	0.12	0.08	0.09	0.27	0.24	0.05	0.20	0.07	0.12
S180T	0.22	0.08	0.11	0.25	0.23	0.04	0.25	0.07	0.15
I201T	0.09	0.07	0.00	0.26	0.27	0.10	0.26	0.06	0.17
V236A	0.20	0.09	0.03	0.24	0.28	0.16	0.29	0.09	0.21
R281T	0.05	0.17	0.02	0.28	0.15	0.21	0.26	0.29	0.14
D282Y	0.04	0.21	0.05	0.30	0.15	0.21	0.36	0.31	0.15
V338M	0.26	0.18	0.01	0.26	0.22	0.31	0.31	0.16	0.08
D469N	0.16	0.10	0.02	0.25	0.12	0.27	0.23	0.13	0.03
G626R	0.09	0.07	0.00	0.30	0.25	0.20	0.18	0.07	0.31
N661S	0.15	0.22	0.05	0.24	0.22	0.24	0.28	0.18	0.12
N696S	0.14	0.28	0.18	0.26	0.11	0.10	0.25	0.20	0.07
G708A	0.24	0.27	0.13	0.25	0.13	0.08	0.27	0.17	0.09
G716E	0.17	0.30	0.08	0.28	0.11	0.06	0.30	0.21	0.10
P731S	0.26	0.09	0.00	0.27	0.18	0.07	0.27	0.17	0.12
D778E	0.17	0.22	0.04	0.23	0.23	0.30	0.24	0.17	0.09
S782N	0.17	0.21	0.03	0.23	0.19	0.25	0.20	0.06	0.11
R807H	0.10	0.20	0.00	0.27	0.17	0.22	0.27	0.10	0.18
Y833H	0.15	0.08	0.00	0.25	0.17	0.15	0.33	0.03	0.16
I836M	0.09	0.05	0.00	0.27	0.29	0.14	0.27	0.04	0.17
S842N	0.23	0.05	0.00	0.24	0.28	0.23	0.22	0.02	0.20
E848D	0.27	0.04	0.00	0.24	0.29	0.23	0.11	0.04	0.25
A850T	0.20	0.03	0.00	0.10	0.24	0.20	0.12	0.03	0.27
A893E	0.04	0.00	0.00	0.26	0.23	0.02	0.25	0.13	0.07
Q895E	0.04	0.00	0.00	0.26	0.22	0.02	0.26	0.20	0.07
Q895K	0.03	0.00	0.00	0.29	0.20	0.02	0.25	0.08	0.23
L898V	0.03	0.01	0.00	0.25	0.19	0.01	0.33	0.18	0.03
E929K	0.04	0.02	0.00	0.15	0.27	0.02	0.21	0.04	0.42
E965K	0.06	0.00	0.00	0.11	0.24	0.02	0.18	0.04	0.27
A1012D	0.06	0.02	0.00	0.26	0.28	0.02	0.24	0.10	0.26
E1039G	0.02	0.00	0.00	0.28	0.21	0.02	0.13	0.02	0.22
R1079G	0.05	0.00	0.00	0.30	0.24	0.02	0.21	0.03	0.16
E1116K	0.05	0.00	0.00	0.05	0.25	0.01	0.21	0.03	0.18
R1126C	0.06	0.01	0.00	0.25	0.23	0.02	0.22	0.16	0.20
R1136H	0.11	0.02	0.00	0.28	0.17	0.02	0.23	0.09	0.25
E1223K	0.08	0.02	0.00	0.25	0.25	0.03	0.16	0.03	0.30
M1248K	0.03	0.00	0.00	0.11	0.20	0.01	0.16	0.03	0.20
R1277P	0.03	0.01	0.00	0.28	0.17	0.02	0.26	0.03	0.21
K1326R	0.05	0.01	0.00	0.05	0.27	0.02	0.11	0.03	0.19
R1337Q	0.02	0.00	0.00	0.08	0.22	0.01	0.12	0.11	0.07
E1399D	0.09	0.01	0.00	0.02	0.21	0.03	0.15	0.05	0.07
V1404M	0.05	0.00	0.00	0.02	0.23	0.03	0.19	0.04	0.03
R1820Q	0.03	0.00	0.00	0.18	0.21	0.01	0.20	0.03	0.09
S1836L	0.11	0.02	0.00	0.25	0.19	0.02	0.26	0.01	0.24
D1869G	0.04	0.00	0.00	0.06	0.34	0.02	0.34	0.03	0.35
E1883K	0.05	0.01	0.00	0.16	0.25	0.01	0.19	0.04	0.26
E1902K	0.15	0.02	0.00	0.20	0.22	0.02	0.21	0.11	0.21
R1909Q	0.15	0.04	0.00	0.10	0.23	0.03	0.18	0.15	0.07
V1917F	0.14	0.03	0.00	0.24	0.16	0.03	0.43	0.06	0.37
