0.23	0.18	0.03	0.26	0.27	0.23	0.26	0.13	0.15
0.21	0.18	0.04	0.25	0.32	0.23	0.30	0.10	0.16
0.12	0.08	0.12	0.25	0.23	0.04	0.17	0.08	0.06
0.12	0.08	0.09	0.27	0.24	0.05	0.20	0.07	0.12
0.22	0.08	0.11	0.25	0.23	0.04	0.25	0.07	0.15
0.09	0.07	0.00	0.26	0.27	0.10	0.26	0.06	0.17
0.20	0.09	0.03	0.24	0.28	0.16	0.29	0.09	0.21
0.05	0.17	0.02	0.28	0.15	0.21	0.26	0.29	0.14
0.04	0.21	0.05	0.30	0.15	0.21	0.36	0.31	0.15
0.26	0.18	0.01	0.26	0.22	0.31	0.31	0.16	0.08
0.16	0.10	0.02	0.25	0.12	0.27	0.23	0.13	0.03
0.09	0.07	0.00	0.30	0.25	0.20	0.18	0.07	0.31
0.15	0.22	0.05	0.24	0.22	0.24	0.28	0.18	0.12
0.14	0.28	0.18	0.26	0.11	0.10	0.25	0.20	0.07
0.24	0.27	0.13	0.25	0.13	0.08	0.27	0.17	0.09
0.17	0.30	0.08	0.28	0.11	0.06	0.30	0.21	0.10
0.26	0.09	0.00	0.27	0.18	0.07	0.27	0.17	0.12
0.17	0.22	0.04	0.23	0.23	0.30	0.24	0.17	0.09
0.17	0.21	0.03	0.23	0.19	0.25	0.20	0.06	0.11
0.10	0.20	0.00	0.27	0.17	0.22	0.27	0.10	0.18
0.15	0.08	0.00	0.25	0.17	0.15	0.33	0.03	0.16
0.09	0.05	0.00	0.27	0.29	0.14	0.27	0.04	0.17
0.23	0.05	0.00	0.24	0.28	0.23	0.22	0.02	0.20
0.27	0.04	0.00	0.24	0.29	0.23	0.11	0.04	0.25
0.20	0.03	0.00	0.10	0.24	0.20	0.12	0.03	0.27
0.04	0.00	0.00	0.26	0.23	0.02	0.25	0.13	0.07
0.04	0.00	0.00	0.26	0.22	0.02	0.26	0.20	0.07
0.03	0.00	0.00	0.29	0.20	0.02	0.25	0.08	0.23
0.03	0.01	0.00	0.25	0.19	0.01	0.33	0.18	0.03
0.04	0.02	0.00	0.15	0.27	0.02	0.21	0.04	0.42
0.06	0.00	0.00	0.11	0.24	0.02	0.18	0.04	0.27
0.06	0.02	0.00	0.26	0.28	0.02	0.24	0.10	0.26
0.02	0.00	0.00	0.28	0.21	0.02	0.13	0.02	0.22
0.05	0.00	0.00	0.30	0.24	0.02	0.21	0.03	0.16
0.05	0.00	0.00	0.05	0.25	0.01	0.21	0.03	0.18
0.06	0.01	0.00	0.25	0.23	0.02	0.22	0.16	0.20
0.11	0.02	0.00	0.28	0.17	0.02	0.23	0.09	0.25
0.08	0.02	0.00	0.25	0.25	0.03	0.16	0.03	0.30
0.03	0.00	0.00	0.11	0.20	0.01	0.16	0.03	0.20
0.03	0.01	0.00	0.28	0.17	0.02	0.26	0.03	0.21
0.05	0.01	0.00	0.05	0.27	0.02	0.11	0.03	0.19
0.02	0.00	0.00	0.08	0.22	0.01	0.12	0.11	0.07
0.09	0.01	0.00	0.02	0.21	0.03	0.15	0.05	0.07
0.05	0.00	0.00	0.02	0.23	0.03	0.19	0.04	0.03
0.03	0.00	0.00	0.18	0.21	0.01	0.20	0.03	0.09
0.11	0.02	0.00	0.25	0.19	0.02	0.26	0.01	0.24
0.04	0.00	0.00	0.06	0.34	0.02	0.34	0.03	0.35
0.05	0.01	0.00	0.16	0.25	0.01	0.19	0.04	0.26
0.15	0.02	0.00	0.20	0.22	0.02	0.21	0.11	0.21
0.15	0.04	0.00	0.10	0.23	0.03	0.18	0.15	0.07
0.14	0.03	0.00	0.24	0.16	0.03	0.43	0.06	0.37
