# Variant	Relative_solvent_accessibility	Allosteric_site	Catalytic_site	Altered Secondary_structure	Altered Stability_and_conformational_flexibility	Altered Special_structural_signatures	Altered Macromolecular_binding	Altered Metal_binding	Altered PTM_site
A26V	0.11	0.05	0.00	0.25	0.34	0.06	0.19	0.11	0.20
R143Q	0.20	0.20	0.00	0.25	0.25	0.24	0.28	0.05	0.15
I263T	0.18	0.18	0.07	0.25	0.21	0.31	0.25	0.13	0.16
R369Q	0.10	0.04	0.08	0.25	0.30	0.03	0.21	0.11	0.11
Y386C	0.17	0.14	0.00	0.26	0.26	0.06	0.28	0.13	0.34
R403Q	0.14	0.11	0.02	0.26	0.14	0.20	0.28	0.15	0.13
R403W	0.15	0.13	0.02	0.26	0.14	0.22	0.31	0.13	0.12
N444S	0.11	0.09	0.00	0.26	0.22	0.25	0.21	0.02	0.10
R453C	0.08	0.06	0.01	0.26	0.19	0.37	0.34	0.06	0.15
R453H	0.07	0.06	0.01	0.27	0.18	0.25	0.27	0.09	0.15
S532P	0.06	0.11	0.01	0.28	0.16	0.04	0.16	0.05	0.02
G584R	0.08	0.21	0.04	0.26	0.06	0.12	0.29	0.32	0.13
R663H	0.14	0.26	0.10	0.25	0.19	0.24	0.26	0.39	0.07
G716R	0.15	0.28	0.08	0.29	0.11	0.06	0.27	0.11	0.10
R719Q	0.16	0.27	0.12	0.26	0.12	0.07	0.31	0.13	0.10
R719W	0.18	0.27	0.13	0.27	0.12	0.06	0.31	0.11	0.10
R723C	0.19	0.30	0.10	0.26	0.12	0.06	0.41	0.14	0.10
R723G	0.18	0.30	0.15	0.26	0.12	0.06	0.29	0.14	0.10
I736T	0.31	0.11	0.01	0.25	0.33	0.07	0.31	0.11	0.15
G741R	0.12	0.10	0.00	0.22	0.24	0.09	0.22	0.08	0.25
G741W	0.12	0.12	0.00	0.22	0.34	0.06	0.20	0.09	0.17
R787H	0.12	0.08	0.00	0.17	0.13	0.12	0.28	0.05	0.13
P838L	0.09	0.05	0.00	0.29	0.30	0.54	0.33	0.02	0.16
K847E	0.22	0.03	0.00	0.25	0.25	0.24	0.10	0.10	0.27
R870C	0.03	0.00	0.00	0.03	0.22	0.01	0.11	0.01	0.24
R870H	0.03	0.00	0.00	0.03	0.21	0.01	0.11	0.01	0.24
A893V	0.03	0.00	0.00	0.26	0.19	0.02	0.25	0.08	0.03
E894G	0.03	0.00	0.00	0.27	0.18	0.02	0.26	0.08	0.03
D906G	0.03	0.01	0.00	0.04	0.19	0.01	0.33	0.17	0.24
L908V	0.03	0.01	0.00	0.07	0.18	0.02	0.34	0.08	0.18
M982T	0.03	0.01	0.00	0.25	0.20	0.02	0.21	0.05	0.10
R1045C	0.02	0.00	0.00	0.29	0.21	0.02	0.17	0.02	0.22
R1053Q	0.02	0.01	0.00	0.25	0.19	0.02	0.17	0.03	0.26
G1057S	0.04	0.01	0.00	0.26	0.19	0.02	0.23	0.02	0.24
D1096Y	0.00	0.00	0.00	0.25	0.19	0.01	0.48	0.02	0.17
A1128T	0.07	0.01	0.00	0.24	0.21	0.02	0.23	0.05	0.18
R1193H	0.06	0.03	0.00	0.26	0.20	0.02	0.12	0.18	0.17
N1257S	0.06	0.01	0.00	0.26	0.19	0.01	0.09	0.07	0.19
N1327K	0.05	0.01	0.00	0.05	0.35	0.02	0.12	0.03	0.20
E1356K	0.05	0.01	0.00	0.13	0.26	0.02	0.20	0.03	0.17
T1377M	0.06	0.01	0.00	0.26	0.22	0.04	0.30	0.06	0.22
R1420W	0.08	0.04	0.00	0.27	0.57	0.04	0.24	0.19	0.15
E1768K	0.15	0.01	0.00	0.07	0.23	0.02	0.26	0.07	0.30
S1776G	0.04	0.01	0.00	0.08	0.23	0.01	0.18	0.04	0.18
A1777T	0.03	0.01	0.00	0.08	0.22	0.01	0.22	0.05	0.12
E1801K	0.09	0.00	0.00	0.29	0.17	0.01	0.43	0.17	0.48
R1863Q	0.04	0.02	0.00	0.13	0.20	0.02	0.27	0.03	0.13
E1902Q	0.13	0.02	0.00	0.20	0.23	0.02	0.22	0.12	0.10
R1909P	0.17	0.05	0.00	0.14	0.25	0.03	0.18	0.14	0.07
E1914K	0.19	0.04	0.00	0.05	0.17	0.03	0.34	0.09	0.36
