0.26	0.21	0.05	0.25	0.37	0.15	0.37	0.16	0.13
0.32	0.27	0.10	0.26	0.18	0.13	0.32	0.82	0.03
0.21	0.09	0.15	0.25	0.32	0.10	0.32	0.14	0.21
0.15	0.06	0.01	0.25	0.12	0.06	0.29	0.07	0.05
0.26	0.32	0.23	0.25	0.25	0.15	0.34	0.28	0.19
0.33	0.26	0.21	0.25	0.22	0.16	0.35	0.27	0.62
0.26	0.27	0.04	0.27	0.14	0.08	0.29	0.16	0.19
0.12	0.26	0.07	0.25	0.15	0.03	0.28	0.19	0.10
0.10	0.05	0.00	0.25	0.34	0.03	0.24	0.04	0.04
0.07	0.16	0.00	0.26	0.29	0.11	0.30	0.10	0.14
0.15	0.29	0.00	0.26	0.11	0.04	0.32	0.05	0.12
0.20	0.20	0.00	0.27	0.51	0.28	0.28	0.06	0.19
0.16	0.16	0.08	0.25	0.26	0.05	0.26	0.22	0.13
0.06	0.16	0.00	0.27	0.40	0.02	0.15	0.01	0.15
0.04	0.21	0.00	0.23	0.14	0.08	0.19	0.04	0.07
0.13	0.19	0.10	0.27	0.11	0.06	0.28	0.11	0.20
0.15	0.29	0.06	0.22	0.08	0.06	0.27	0.11	0.12
0.16	0.16	0.02	0.10	0.17	0.09	0.10	0.15	0.12
0.25	0.18	0.01	0.13	0.16	0.13	0.28	0.03	0.23
0.06	0.05	0.01	0.18	0.17	0.10	0.36	0.06	0.07
0.00	0.00	0.00	0.04	0.12	0.05	0.56	0.01	0.09
0.00	0.00	0.00	0.05	0.28	0.18	0.19	0.02	0.18
0.02	0.00	0.00	0.40	0.23	0.04	0.05	0.02	0.23
0.02	0.03	0.00	0.27	0.25	0.09	0.18	0.01	0.22
0.08	0.10	0.00	0.28	0.23	0.17	0.16	0.12	0.18
0.02	0.02	0.00	0.26	0.53	0.18	0.13	0.05	0.49
0.03	0.04	0.00	0.26	0.24	0.11	0.12	0.07	0.15
0.04	0.04	0.00	0.25	0.11	0.04	0.14	0.06	0.09
0.14	0.12	0.05	0.25	0.22	0.03	0.25	0.03	0.11
0.17	0.08	0.00	0.26	0.15	0.05	0.11	0.17	0.13
0.38	0.06	0.00	0.25	0.24	0.22	0.32	0.62	0.07
0.25	0.03	0.00	0.27	0.22	0.26	0.35	0.09	0.11
0.02	0.02	0.00	0.27	0.13	0.07	0.13	0.02	0.14
0.13	0.13	0.00	0.27	0.18	0.20	0.24	0.03	0.21
0.12	0.09	0.00	0.27	0.37	0.16	0.23	0.13	0.06
0.14	0.08	0.01	0.30	0.21	0.26	0.26	0.15	0.16
0.00	0.00	0.00	0.22	0.27	0.05	0.17	0.00	0.15
0.03	0.05	0.00	0.26	0.24	0.03	0.32	0.02	0.11
0.05	0.18	0.02	0.28	0.20	0.07	0.26	0.04	0.10
0.27	0.09	0.00	0.25	0.16	0.16	0.28	0.13	0.09
0.26	0.18	0.00	0.22	0.15	0.02	0.22	0.06	0.09
0.12	0.13	0.00	0.27	0.19	0.07	0.15	0.06	0.26
