0.02	0.00	0.00	0.26	0.33	0.03	0.26	0.05	0.08
0.00	0.00	0.00	0.26	0.22	0.17	0.04	0.01	0.21
0.06	0.02	0.00	0.26	0.24	0.13	0.24	0.07	0.08
0.00	0.00	0.00	0.24	0.19	0.02	0.05	0.00	0.25
0.00	0.00	0.00	0.19	0.20	0.01	0.08	0.00	0.15
0.00	0.00	0.00	0.25	0.20	0.02	0.05	0.00	0.27
0.00	0.00	0.00	0.22	0.18	0.02	0.09	0.00	0.31
0.00	0.00	0.00	0.24	0.22	0.05	0.06	0.00	0.24
0.15	0.04	0.00	0.30	0.61	0.07	0.30	0.19	0.06
0.03	0.00	0.00	0.26	0.28	0.01	0.15	0.07	0.13
0.00	0.00	0.00	0.23	0.18	0.03	0.24	0.00	0.28
0.20	0.07	0.00	0.25	0.18	0.17	0.26	0.13	0.11
