0.13	0.14	0.00	0.25	0.16	0.13	0.18	0.02	0.13
0.02	0.05	0.00	0.28	0.21	0.02	0.21	0.01	0.13
0.03	0.05	0.00	0.06	0.16	0.36	0.34	0.01	0.23
0.17	0.03	0.00	0.26	0.24	0.19	0.19	0.07	0.21
0.07	0.07	0.00	0.25	0.33	0.17	0.17	0.03	0.14
0.13	0.15	0.00	0.26	0.10	0.11	0.22	0.11	0.15
0.02	0.02	0.00	0.25	0.37	0.10	0.06	0.01	0.17
0.02	0.03	0.00	0.28	0.17	0.03	0.08	0.01	0.25
0.06	0.03	0.00	0.28	0.15	0.18	0.10	0.13	0.11
0.07	0.03	0.00	0.26	0.18	0.10	0.18	0.13	0.05
0.02	0.11	0.00	0.27	0.20	0.09	0.27	0.03	0.08
0.07	0.10	0.00	0.22	0.31	0.05	0.24	0.19	0.07
0.00	0.00	0.00	0.26	0.25	0.08	0.17	0.03	0.15
0.03	0.02	0.00	0.25	0.43	0.04	0.12	0.04	0.24
0.03	0.04	0.00	0.09	0.24	0.06	0.08	0.01	0.13
0.01	0.05	0.00	0.28	0.12	0.03	0.16	0.02	0.10
0.02	0.06	0.00	0.25	0.18	0.02	0.11	0.04	0.20
0.05	0.02	0.00	0.29	0.28	0.11	0.16	0.04	0.12
0.10	0.24	0.00	0.27	0.18	0.07	0.19	0.03	0.10
0.07	0.07	0.00	0.25	0.08	0.03	0.16	0.01	0.15
0.08	0.02	0.00	0.25	0.14	0.03	0.11	0.06	0.10
0.00	0.02	0.00	0.26	0.23	0.04	0.13	0.03	0.12
0.03	0.18	0.00	0.24	0.11	0.03	0.21	0.06	0.22
0.03	0.09	0.00	0.24	0.14	0.04	0.15	0.06	0.03
0.03	0.01	0.00	0.27	0.22	0.15	0.09	0.03	0.15
0.05	0.01	0.00	0.27	0.17	0.15	0.08	0.03	0.16
0.05	0.01	0.00	0.26	0.15	0.13	0.08	0.04	0.16
0.03	0.06	0.00	0.25	0.12	0.06	0.24	0.17	0.06
0.06	0.03	0.00	0.26	0.26	0.29	0.18	0.16	0.13
0.03	0.10	0.00	0.25	0.19	0.03	0.10	0.07	0.03
0.06	0.07	0.00	0.25	0.19	0.19	0.17	0.10	0.17
0.06	0.17	0.00	0.31	0.13	0.05	0.21	0.06	0.11
0.02	0.11	0.00	0.30	0.14	0.06	0.20	0.04	0.03
0.00	0.02	0.00	0.24	0.28	0.04	0.23	0.09	0.25
0.07	0.23	0.00	0.26	0.16	0.16	0.23	0.07	0.07
