0.06	0.04	0.00	0.28	0.16	0.23	0.18	0.05	0.17
0.21	0.23	0.02	0.26	0.16	0.25	0.31	0.27	0.08
0.25	0.24	0.02	0.26	0.14	0.21	0.27	0.36	0.09
0.11	0.08	0.00	0.26	0.29	0.29	0.27	0.16	0.20
0.02	0.03	0.00	0.25	0.10	0.15	0.24	0.16	0.09
0.00	0.05	0.00	0.28	0.14	0.02	0.15	0.05	0.13
0.00	0.00	0.00	0.26	0.25	0.05	0.12	0.00	0.20
0.08	0.15	0.00	0.27	0.24	0.08	0.19	0.11	0.10
0.03	0.02	0.00	0.26	0.25	0.07	0.09	0.03	0.24
0.03	0.10	0.00	0.26	0.17	0.03	0.18	0.04	0.11
0.03	0.02	0.00	0.24	0.26	0.08	0.09	0.03	0.01
0.05	0.10	0.00	0.16	0.15	0.05	0.10	0.03	0.13
0.04	0.09	0.00	0.15	0.14	0.05	0.10	0.03	0.13
0.00	0.10	0.00	0.20	0.24	0.02	0.13	0.09	0.09
0.05	0.13	0.04	0.28	0.12	0.08	0.18	0.05	0.09
0.04	0.14	0.00	0.24	0.11	0.17	0.27	0.08	0.05
0.02	0.05	0.00	0.25	0.08	0.04	0.13	0.05	0.01
0.09	0.11	0.00	0.06	0.12	0.06	0.16	0.02	0.20
0.00	0.10	0.00	0.26	0.08	0.02	0.19	0.13	0.03
0.02	0.13	0.00	0.14	0.14	0.14	0.23	0.02	0.13
0.12	0.14	0.00	0.25	0.14	0.09	0.35	0.07	0.27
0.02	0.04	0.00	0.28	0.13	0.10	0.13	0.04	0.06
0.04	0.11	0.00	0.23	0.18	0.08	0.20	0.03	0.05
0.07	0.06	0.00	0.26	0.15	0.07	0.21	0.04	0.12
0.01	0.02	0.00	0.26	0.18	0.01	0.26	0.01	0.19
