0.06	0.10	0.00	0.27	0.17	0.05	0.11	0.12	0.10
0.02	0.02	0.00	0.28	0.29	0.04	0.30	0.02	0.25
0.00	0.00	0.00	0.22	0.23	0.07	0.16	0.00	0.56
0.00	0.00	0.00	0.24	0.20	0.13	0.09	0.00	0.28
0.00	0.00	0.00	0.28	0.21	0.09	0.12	0.00	0.29
0.00	0.00	0.00	0.28	0.30	0.02	0.25	0.01	1.00
0.00	0.00	0.00	0.28	0.27	0.02	0.17	0.00	0.34
0.04	0.13	0.00	0.26	0.22	0.04	0.13	0.03	0.09
0.09	0.13	0.00	0.04	0.31	0.11	0.16	0.03	0.23
0.05	0.04	0.00	0.27	0.27	0.09	0.08	0.05	0.07
0.05	0.11	0.00	0.24	0.09	0.11	0.19	0.02	0.05
0.02	0.01	0.00	0.39	0.28	0.10	0.05	0.02	0.36
