0.04	0.04	0.00	0.26	0.20	0.18	0.08	0.11	0.16
0.03	0.02	0.01	0.28	0.23	0.11	0.04	0.22	0.13
0.03	0.04	0.05	0.25	0.34	0.36	0.10	0.51	0.06
0.08	0.04	0.03	0.26	0.48	0.26	0.12	0.13	0.09
0.08	0.05	0.01	0.26	0.28	0.32	0.10	0.34	0.15
0.03	0.05	0.04	0.25	0.36	0.18	0.06	0.29	0.08
0.04	0.04	0.02	0.25	0.28	0.22	0.04	0.07	0.09
0.00	0.01	0.00	0.26	0.31	0.09	0.04	0.02	0.13
0.00	0.01	0.01	0.25	0.32	0.16	0.09	0.44	0.12
0.01	0.02	0.00	0.26	0.21	0.03	0.06	0.01	0.08
0.00	0.02	0.00	0.27	0.29	0.02	0.08	0.03	0.22
0.09	0.13	0.00	0.25	0.26	0.05	0.41	0.06	0.11
0.01	0.00	0.00	0.29	0.27	0.03	0.24	0.01	0.26
0.00	0.02	0.00	0.22	0.22	0.01	0.07	0.02	0.17
