0.01	0.03	0.02	0.26	0.27	0.05	0.04	0.17	0.17
0.05	0.03	0.02	0.25	0.42	0.29	0.10	0.09	0.14
0.03	0.02	0.00	0.25	0.28	0.12	0.07	0.14	0.05
0.02	0.00	0.00	0.25	0.24	0.04	0.03	0.01	0.26
0.00	0.00	0.00	0.27	0.23	0.02	0.04	0.03	0.22
0.02	0.00	0.00	0.26	0.22	0.03	0.03	0.01	0.09
0.00	0.02	0.00	0.26	0.25	0.06	0.04	0.07	0.08
0.02	0.01	0.00	0.20	0.28	0.02	0.15	0.01	0.17
0.00	0.00	0.00	0.28	0.27	0.06	0.08	0.01	0.13
0.02	0.02	0.00	0.26	0.11	0.26	0.12	0.06	0.05
0.00	0.03	0.00	0.25	0.09	0.13	0.12	0.01	0.05
0.24	0.11	0.04	0.26	0.24	0.12	0.23	0.64	0.14
0.00	0.00	0.00	0.26	0.19	0.02	0.32	0.01	0.49
0.00	0.00	0.00	0.24	0.29	0.04	0.06	0.00	0.23
0.00	0.01	0.00	0.25	0.27	0.01	0.16	0.02	0.20
