0.12	0.01	0.00	0.26	0.24	0.25	0.26	0.08	0.31
0.16	0.11	0.00	0.26	0.11	0.28	0.28	0.12	0.11
0.02	0.02	0.00	0.26	0.26	0.26	0.13	0.06	0.10
0.03	0.02	0.00	0.26	0.25	0.26	0.10	0.03	0.16
0.19	0.03	0.00	0.25	0.24	0.25	0.24	0.18	0.11
0.30	0.07	0.00	0.26	0.24	0.11	0.26	0.28	0.13
0.05	0.01	0.00	0.25	0.28	0.33	0.31	0.02	0.17
0.05	0.01	0.00	0.25	0.28	0.33	0.31	0.02	0.17
0.01	0.03	0.00	0.22	0.15	0.28	0.26	0.03	0.14
0.00	0.04	0.00	0.28	0.06	0.12	0.18	0.01	0.01
0.06	0.07	0.00	0.25	0.26	0.09	0.16	0.15	0.14
0.09	0.08	0.00	0.25	0.14	0.07	0.17	0.05	0.09
0.06	0.00	0.00	0.25	0.26	0.15	0.19	0.01	0.25
