0.03	0.06	0.00	0.25	0.27	0.07	0.21	0.04	0.07
0.07	0.07	0.00	0.27	0.16	0.05	0.24	0.06	0.17
0.04	0.02	0.00	0.25	0.26	0.08	0.08	0.01	0.12
0.02	0.00	0.00	0.26	0.31	0.13	0.10	0.04	0.33
0.00	0.00	0.00	0.34	0.33	0.01	0.17	0.01	0.28
0.00	0.00	0.00	0.26	0.22	0.02	0.14	0.00	0.42
0.00	0.00	0.00	0.26	0.24	0.20	0.17	0.02	0.07
0.03	0.01	0.00	0.26	0.23	0.42	0.16	0.01	0.11
0.08	0.01	0.00	0.25	0.27	0.22	0.27	0.03	0.23
0.06	0.17	0.01	0.26	0.14	0.07	0.25	0.22	0.13
0.02	0.05	0.00	0.25	0.10	0.03	0.09	0.05	0.12
0.02	0.02	0.00	0.27	0.61	0.11	0.24	0.04	0.39
0.04	0.03	0.00	0.26	0.22	0.13	0.24	0.01	0.17
0.02	0.02	0.00	0.25	0.16	0.12	0.11	0.04	0.03
0.02	0.05	0.01	0.24	0.20	0.07	0.11	0.82	0.21
0.03	0.09	0.01	0.27	0.16	0.04	0.19	0.04	0.03
0.02	0.03	0.00	0.25	0.16	0.05	0.09	0.05	0.29
0.02	0.08	0.00	0.27	0.29	0.11	0.29	0.06	0.12
