0.05	0.04	0.00	0.27	0.18	0.03	0.30	0.02	0.23
0.00	0.00	0.00	0.26	0.29	0.01	0.10	0.00	0.16
0.02	0.00	0.00	0.24	0.22	0.03	0.15	0.01	0.16
0.03	0.00	0.00	0.26	0.21	0.03	0.30	0.01	0.24
0.00	0.01	0.00	0.27	0.43	0.01	0.28	0.01	0.13
0.00	0.02	0.00	0.25	0.21	0.01	0.21	0.02	0.17
0.04	0.03	0.00	0.25	0.39	0.02	0.43	0.09	0.11
0.00	0.00	0.00	0.26	0.25	0.02	0.26	0.01	0.23
0.00	0.00	0.00	0.31	0.18	0.02	0.30	0.03	0.17
0.00	0.00	0.00	0.26	0.19	0.01	0.16	0.00	0.42
0.01	0.00	0.00	0.23	0.20	0.02	0.10	0.06	0.04
0.04	0.13	0.06	0.27	0.12	0.03	0.13	0.50	0.08
0.18	0.08	0.06	0.27	0.13	0.03	0.31	0.17	0.10
0.19	0.20	0.03	0.06	0.19	0.07	0.26	0.14	0.08
0.23	0.25	0.04	0.26	0.16	0.06	0.33	0.24	0.14
0.25	0.15	0.05	0.25	0.18	0.14	0.26	0.30	0.16
0.28	0.18	0.03	0.25	0.99	0.11	0.33	0.31	0.17
0.11	0.33	0.14	0.25	0.21	0.07	0.27	0.13	0.15
0.03	0.01	0.00	0.26	0.22	0.01	0.20	0.02	0.12
