0.02	0.00	0.00	0.26	0.26	0.04	0.17	0.02	0.22
0.00	0.00	0.00	0.27	0.25	0.02	0.03	0.02	0.11
0.00	0.00	0.00	0.25	0.23	0.01	0.04	0.03	0.08
0.00	0.00	0.00	0.29	0.23	0.01	0.04	0.03	0.16
0.00	0.00	0.00	0.22	0.21	0.01	0.07	0.03	0.08
0.02	0.00	0.00	0.05	0.36	0.02	0.04	0.02	0.23
0.00	0.00	0.00	0.26	0.30	0.04	0.02	0.01	0.06
0.00	0.00	0.00	0.02	0.21	0.13	0.06	0.00	0.11
0.00	0.00	0.00	0.02	0.37	0.51	0.05	0.01	0.23
0.00	0.00	0.00	0.02	0.28	0.16	0.01	0.00	0.05
0.00	0.00	0.00	0.02	0.44	0.02	0.05	0.00	0.30
0.00	0.00	0.00	0.02	0.18	0.22	0.13	0.01	0.13
0.00	0.00	0.00	0.02	0.26	0.36	0.02	0.00	0.15
0.00	0.00	0.00	0.02	0.30	0.25	0.03	0.00	0.09
0.00	0.00	0.00	0.02	0.27	0.58	0.08	0.00	0.09
0.00	0.00	0.00	0.22	0.20	0.02	0.02	0.00	0.05
0.00	0.00	0.00	0.19	0.22	0.02	0.02	0.00	0.02
0.00	0.00	0.00	0.02	0.21	0.02	0.02	0.02	0.09
0.00	0.00	0.00	0.04	0.21	0.43	0.05	0.00	0.18
0.00	0.00	0.00	0.03	0.16	0.10	0.04	0.00	0.09
0.00	0.00	0.00	0.24	0.25	0.43	0.03	0.00	0.08
0.00	0.00	0.00	0.02	0.14	0.01	0.03	0.00	0.13
0.00	0.00	0.00	0.02	0.41	0.02	0.03	0.01	0.11
0.00	0.00	0.00	0.03	0.37	0.21	0.24	0.00	0.12
0.00	0.00	0.00	0.02	0.41	0.33	0.44	0.00	0.12
0.00	0.00	0.00	0.11	0.26	0.63	0.28	0.00	0.11
0.00	0.00	0.00	0.11	0.25	0.61	0.47	0.01	0.11
0.00	0.00	0.00	0.13	0.18	0.67	0.29	0.01	0.13
0.01	0.00	0.00	0.30	0.28	0.02	0.08	0.01	0.17
0.04	0.00	0.00	0.26	0.38	0.10	0.11	0.05	0.13
0.00	0.00	0.00	0.26	0.21	0.02	0.04	0.00	0.25
0.00	0.00	0.00	0.25	0.20	0.01	0.02	0.00	0.22
0.00	0.00	0.00	0.27	0.21	0.03	0.06	0.02	0.14
0.01	0.00	0.00	0.27	0.21	0.03	0.06	0.02	0.23
0.00	0.00	0.00	0.25	0.48	0.01	0.12	0.00	0.13
0.00	0.00	0.00	0.25	0.39	0.02	0.15	0.02	0.12
0.00	0.00	0.00	0.30	0.45	0.13	0.11	0.00	0.10
0.03	0.00	0.00	0.25	0.26	0.03	0.33	0.01	0.13
0.00	0.00	0.00	0.25	0.25	0.01	0.13	0.00	0.35
0.01	0.00	0.00	0.28	0.14	0.02	0.20	0.00	0.21
0.01	0.00	0.00	0.30	0.52	0.03	0.21	0.00	0.18
0.02	0.00	0.00	0.26	0.27	0.02	0.14	0.02	0.20
0.01	0.00	0.00	0.26	0.35	0.04	0.02	0.01	0.08
0.00	0.00	0.00	0.03	0.19	0.01	0.08	0.00	0.10
0.00	0.00	0.00	0.03	0.33	0.01	0.09	0.00	0.10
0.00	0.00	0.00	0.03	0.20	0.01	0.08	0.01	0.10
0.00	0.00	0.00	0.06	0.20	0.01	0.04	0.00	0.16
0.00	0.00	0.00	0.02	0.23	0.01	0.04	0.02	0.14
0.00	0.00	0.00	0.02	0.17	0.01	0.04	0.01	0.17
0.00	0.00	0.00	0.02	0.24	0.01	0.15	0.02	0.10
0.00	0.00	0.00	0.02	0.27	0.02	0.09	0.01	0.12
0.00	0.00	0.00	0.02	0.23	0.01	0.09	0.01	0.12
0.00	0.00	0.00	0.19	0.19	0.66	0.27	0.00	0.18
0.00	0.00	0.00	0.04	0.28	0.41	0.05	0.00	0.16
0.01	0.00	0.00	0.07	0.23	0.02	0.14	0.00	0.20
0.01	0.00	0.00	0.06	0.29	0.02	0.20	0.00	0.21
0.00	0.00	0.00	0.27	0.23	0.04	0.15	0.01	0.23
0.00	0.00	0.00	0.26	0.26	0.02	0.07	0.01	0.27
