# Variant	Relative_solvent_accessibility	Allosteric_site	Catalytic_site	Altered Secondary_structure	Altered Stability_and_conformational_flexibility	Altered Special_structural_signatures	Altered Macromolecular_binding	Altered Metal_binding	Altered PTM_site
A82T	0.02	0.00	0.00	0.26	0.26	0.04	0.17	0.02	0.22
P140S	0.00	0.00	0.00	0.27	0.25	0.02	0.03	0.02	0.11
S149G	0.00	0.00	0.00	0.25	0.23	0.01	0.04	0.03	0.08
H156R	0.00	0.00	0.00	0.29	0.23	0.01	0.04	0.03	0.16
I174V	0.00	0.00	0.00	0.22	0.21	0.01	0.07	0.03	0.08
C215Y	0.02	0.00	0.00	0.05	0.36	0.02	0.04	0.02	0.23
H237Q	0.00	0.00	0.00	0.26	0.30	0.04	0.02	0.01	0.06
K347R	0.00	0.00	0.00	0.02	0.21	0.13	0.06	0.00	0.11
T539I	0.00	0.00	0.00	0.02	0.37	0.51	0.05	0.01	0.23
D657E	0.00	0.00	0.00	0.02	0.28	0.16	0.01	0.00	0.05
G704E	0.00	0.00	0.00	0.02	0.44	0.02	0.05	0.00	0.30
E749D	0.00	0.00	0.00	0.02	0.18	0.22	0.13	0.01	0.13
T879A	0.00	0.00	0.00	0.02	0.26	0.36	0.02	0.00	0.15
V1038A	0.00	0.00	0.00	0.02	0.30	0.25	0.03	0.00	0.09
R1163C	0.00	0.00	0.00	0.02	0.27	0.58	0.08	0.00	0.09
A1194T	0.00	0.00	0.00	0.22	0.20	0.02	0.02	0.00	0.05
A1194V	0.00	0.00	0.00	0.19	0.22	0.02	0.02	0.00	0.02
Q1449E	0.00	0.00	0.00	0.02	0.21	0.02	0.02	0.02	0.09
P1524R	0.00	0.00	0.00	0.04	0.21	0.43	0.05	0.00	0.18
A1613V	0.00	0.00	0.00	0.03	0.16	0.10	0.04	0.00	0.09
I1639V	0.00	0.00	0.00	0.24	0.25	0.43	0.03	0.00	0.08
N1841S	0.00	0.00	0.00	0.02	0.14	0.01	0.03	0.00	0.13
E1848G	0.00	0.00	0.00	0.02	0.41	0.02	0.03	0.01	0.11
A1924V	0.00	0.00	0.00	0.03	0.37	0.21	0.24	0.00	0.12
R1931L	0.00	0.00	0.00	0.02	0.41	0.33	0.44	0.00	0.12
A1952V	0.00	0.00	0.00	0.11	0.26	0.63	0.28	0.00	0.11
R1953H	0.00	0.00	0.00	0.11	0.25	0.61	0.47	0.01	0.11
R1960Q	0.00	0.00	0.00	0.13	0.18	0.67	0.29	0.01	0.13
L2097P	0.01	0.00	0.00	0.30	0.28	0.02	0.08	0.01	0.17
H2125P	0.04	0.00	0.00	0.26	0.38	0.10	0.11	0.05	0.13
M2188R	0.00	0.00	0.00	0.26	0.21	0.02	0.04	0.00	0.25
S2191P	0.00	0.00	0.00	0.25	0.20	0.01	0.02	0.00	0.22
T2206A	0.00	0.00	0.00	0.27	0.21	0.03	0.06	0.02	0.14
A2209T	0.01	0.00	0.00	0.27	0.21	0.03	0.06	0.02	0.23
W2239R	0.00	0.00	0.00	0.25	0.48	0.01	0.12	0.00	0.13
H2247Y	0.00	0.00	0.00	0.25	0.39	0.02	0.15	0.02	0.12
P2274L	0.00	0.00	0.00	0.30	0.45	0.13	0.11	0.00	0.10
F2319L	0.03	0.00	0.00	0.25	0.26	0.03	0.33	0.01	0.13
Q2361R	0.00	0.00	0.00	0.25	0.25	0.01	0.13	0.00	0.35
G2373E	0.01	0.00	0.00	0.28	0.14	0.02	0.20	0.00	0.21
P2377L	0.01	0.00	0.00	0.30	0.52	0.03	0.21	0.00	0.18
V2387M	0.02	0.00	0.00	0.26	0.27	0.02	0.14	0.02	0.20
Q2468H	0.01	0.00	0.00	0.26	0.35	0.04	0.02	0.01	0.08
A2549T	0.00	0.00	0.00	0.03	0.19	0.01	0.08	0.00	0.10
A2551V	0.00	0.00	0.00	0.03	0.33	0.01	0.09	0.00	0.10
R2552H	0.00	0.00	0.00	0.03	0.20	0.01	0.08	0.01	0.10
R2625Q	0.00	0.00	0.00	0.06	0.20	0.01	0.04	0.00	0.16
Q2659H	0.00	0.00	0.00	0.02	0.23	0.01	0.04	0.02	0.14
R2753H	0.00	0.00	0.00	0.02	0.17	0.01	0.04	0.01	0.17
Q2792R	0.00	0.00	0.00	0.02	0.24	0.01	0.15	0.02	0.10
R2800W	0.00	0.00	0.00	0.02	0.27	0.02	0.09	0.01	0.12
V2801L	0.00	0.00	0.00	0.02	0.23	0.01	0.09	0.01	0.12
A2903T	0.00	0.00	0.00	0.19	0.19	0.66	0.27	0.00	0.18
L3055I	0.00	0.00	0.00	0.04	0.28	0.41	0.05	0.00	0.16
S3091G	0.01	0.00	0.00	0.07	0.23	0.02	0.14	0.00	0.20
S3093W	0.01	0.00	0.00	0.06	0.29	0.02	0.20	0.00	0.21
R3236Q	0.00	0.00	0.00	0.27	0.23	0.04	0.15	0.01	0.23
R3245S	0.00	0.00	0.00	0.26	0.26	0.02	0.07	0.01	0.27
