0.00	0.00	0.00	0.29	0.37	0.20	0.28	0.59	0.10
0.01	0.01	0.00	0.26	0.25	0.08	0.05	0.05	0.08
0.00	0.02	0.00	0.29	0.62	0.03	0.29	0.01	0.17
0.02	0.03	0.00	0.27	0.29	0.29	0.26	0.26	0.25
0.09	0.02	0.00	0.27	0.18	0.33	0.23	0.07	0.20
0.04	0.00	0.00	0.26	0.15	0.24	0.15	0.01	0.28
0.16	0.02	0.00	0.28	0.26	0.30	0.21	0.14	0.16
0.06	0.00	0.00	0.27	0.45	0.32	0.09	0.02	0.30
0.03	0.02	0.00	0.26	0.26	0.17	0.19	0.02	0.13
0.00	0.01	0.00	0.28	0.13	0.08	0.05	0.01	0.26
0.03	0.00	0.00	0.28	0.20	0.27	0.16	0.01	0.05
0.01	0.03	0.00	0.26	0.18	0.17	0.08	0.03	0.15
0.00	0.00	0.00	0.26	0.26	0.02	0.05	0.00	0.18
0.00	0.01	0.00	0.25	0.11	0.05	0.21	0.01	0.02
0.00	0.01	0.00	0.24	0.09	0.06	0.10	0.01	0.02
0.01	0.00	0.00	0.26	0.31	0.03	0.26	0.01	0.19
