0.11	0.03	0.00	0.25	0.17	0.30	0.27	0.06	0.07
0.26	0.04	0.08	0.26	0.18	0.28	0.26	0.09	0.13
0.07	0.01	0.00	0.21	0.13	0.28	0.27	0.02	0.09
0.10	0.07	0.00	0.25	0.16	0.29	0.19	0.24	0.21
0.04	0.01	0.00	0.29	0.34	0.31	0.36	0.06	0.32
0.04	0.01	0.01	0.28	0.27	0.39	0.26	0.21	0.32
0.22	0.06	0.04	0.28	0.17	0.21	0.29	0.25	0.14
0.24	0.01	0.01	0.25	0.61	0.20	0.39	0.34	0.36
0.19	0.00	0.02	0.26	0.15	0.20	0.24	0.16	0.17
0.09	0.01	0.00	0.26	0.14	0.16	0.29	0.09	0.28
0.04	0.00	0.00	0.26	0.21	0.26	0.22	0.07	0.24
0.01	0.00	0.00	0.27	0.07	0.28	0.22	0.02	0.30
0.04	0.02	0.00	0.25	0.19	0.26	0.23	0.07	0.18
0.12	0.03	0.01	0.32	0.26	0.30	0.24	0.24	0.14
0.13	0.08	0.03	0.26	0.19	0.21	0.29	0.32	0.07
0.25	0.04	0.03	0.25	0.25	0.30	0.28	0.14	0.12
0.16	0.01	0.00	0.26	0.21	0.35	0.26	0.22	0.24
0.22	0.00	0.00	0.27	0.18	0.15	0.27	0.26	0.45
0.04	0.03	0.00	0.21	0.13	0.47	0.16	0.03	0.26
0.12	0.02	0.02	0.25	0.11	0.30	0.27	0.04	0.06
0.24	0.02	0.08	0.27	0.15	0.14	0.24	0.20	0.22
0.06	0.01	0.17	0.26	0.17	0.36	0.18	0.19	0.16
0.02	0.01	0.01	0.25	0.27	0.11	0.23	0.02	0.18
0.05	0.02	0.00	0.26	0.25	0.21	0.10	0.08	0.09
0.04	0.02	0.00	0.27	0.27	0.19	0.19	0.04	0.08
0.00	0.00	0.00	0.27	0.22	0.02	0.25	0.01	0.16
0.01	0.00	0.00	0.27	0.21	0.02	0.17	0.00	0.11
0.02	0.00	0.00	0.24	0.21	0.01	0.09	0.01	0.17
