0.12	0.04	0.00	0.28	0.27	0.19	0.30	0.07	0.16
0.00	0.00	0.00	0.25	0.25	0.06	0.28	0.01	0.32
0.00	0.00	0.00	0.23	0.29	0.07	0.35	0.01	0.55
0.01	0.01	0.00	0.26	0.17	0.03	0.10	0.01	0.14
0.00	0.00	0.00	0.26	0.21	0.04	0.12	0.01	0.15
0.00	0.00	0.00	0.27	0.40	0.05	0.10	0.02	0.09
0.04	0.02	0.00	0.30	0.31	0.03	0.13	0.23	0.14
0.13	0.11	0.00	0.08	0.18	0.13	0.19	0.04	0.08
0.22	0.29	0.00	0.27	0.14	0.04	0.22	0.08	0.08
0.02	0.02	0.00	0.26	0.20	0.20	0.32	0.01	0.26
0.02	0.00	0.00	0.26	0.25	0.04	0.15	0.12	0.22
0.08	0.03	0.00	0.26	0.17	0.04	0.21	0.05	0.21
0.04	0.02	0.00	0.27	0.25	0.03	0.13	0.03	0.03
0.05	0.02	0.00	0.26	0.25	0.03	0.10	0.03	0.03
0.04	0.03	0.00	0.26	0.25	0.07	0.13	0.04	0.20
0.04	0.12	0.00	0.26	0.10	0.06	0.27	0.14	0.05
0.04	0.12	0.00	0.29	0.20	0.12	0.24	0.13	0.06
0.28	0.04	0.00	0.26	0.27	0.19	0.28	0.10	0.22
