0.05	0.07	0.00	0.14	0.13	0.19	0.19	0.05	0.09
0.10	0.10	0.00	0.28	0.28	0.20	0.29	0.06	0.10
0.00	0.00	0.00	0.24	0.14	0.07	0.06	0.00	0.09
0.07	0.02	0.00	0.29	0.25	0.11	0.09	0.02	0.16
0.02	0.02	0.00	0.25	0.28	0.40	0.09	0.02	0.15
0.00	0.00	0.00	0.26	0.13	0.04	0.06	0.04	0.12
0.01	0.00	0.00	0.26	0.20	0.26	0.06	0.01	0.20
0.02	0.00	0.00	0.03	0.20	0.28	0.06	0.01	0.13
0.06	0.00	0.00	0.13	0.19	0.11	0.27	0.02	0.09
0.01	0.00	0.00	0.24	0.17	0.02	0.11	0.01	0.12
0.13	0.00	0.00	0.03	0.20	0.28	0.07	0.02	0.15
0.12	0.01	0.00	0.35	0.40	0.15	0.05	0.03	0.15
0.16	0.00	0.00	0.03	0.27	0.19	0.14	0.04	0.12
0.01	0.00	0.00	0.03	0.32	0.10	0.08	0.02	0.11
0.00	0.00	0.00	0.03	0.23	0.08	0.03	0.01	0.10
0.00	0.00	0.00	0.02	0.23	0.04	0.18	0.00	0.21
0.00	0.00	0.00	0.05	0.14	0.06	0.18	0.00	0.13
0.00	0.00	0.00	0.03	0.21	0.18	0.11	0.03	0.19
0.00	0.00	0.00	0.06	0.20	0.08	0.15	0.01	0.15
0.00	0.00	0.00	0.02	0.18	0.02	0.10	0.00	0.20
0.00	0.00	0.00	0.02	0.12	0.01	0.10	0.00	0.21
0.00	0.00	0.00	0.05	0.15	0.06	0.14	0.00	0.17
0.00	0.00	0.00	0.17	0.25	0.02	0.10	0.00	0.23
0.00	0.00	0.00	0.04	0.25	0.12	0.06	0.02	0.13
0.00	0.00	0.00	0.03	0.21	0.03	0.06	0.00	0.17
0.00	0.00	0.00	0.04	0.20	0.01	0.05	0.01	0.11
0.00	0.00	0.00	0.03	0.26	0.02	0.05	0.01	0.13
0.00	0.00	0.00	0.03	0.19	0.06	0.09	0.00	0.12
0.00	0.00	0.00	0.03	0.20	0.06	0.09	0.00	0.12
0.00	0.00	0.00	0.02	0.35	0.02	0.07	0.01	0.14
0.00	0.00	0.00	0.24	0.17	0.58	0.04	0.01	0.08
0.00	0.00	0.00	0.27	0.26	0.04	0.10	0.00	0.18
0.07	0.03	0.00	0.28	0.16	0.08	0.14	0.07	0.22
0.19	0.09	0.00	0.25	0.16	0.13	0.23	0.16	0.14
0.04	0.03	0.00	0.27	0.16	0.05	0.15	0.04	0.15
0.03	0.01	0.00	0.27	0.19	0.11	0.10	0.04	0.26
0.01	0.01	0.00	0.26	0.12	0.88	0.15	0.01	0.16
0.02	0.01	0.00	0.25	0.30	0.04	0.05	0.04	0.09
0.06	0.05	0.00	0.26	0.12	0.14	0.14	0.06	0.43
0.07	0.06	0.00	0.33	0.15	0.07	0.17	0.06	0.25
0.25	0.11	0.00	0.26	0.18	0.06	0.28	0.10	0.33
0.11	0.05	0.00	0.26	0.13	0.09	0.21	0.10	0.15
