0.09	0.04	0.00	0.21	0.24	0.07	0.12	0.07	0.52
0.09	0.03	0.00	0.21	0.23	0.08	0.14	0.10	0.43
0.09	0.03	0.00	0.26	0.62	0.07	0.26	0.07	0.35
0.09	0.06	0.00	0.28	0.31	0.07	0.39	0.04	0.41
0.07	0.10	0.00	0.23	0.29	0.07	0.46	0.03	0.25
0.04	0.10	0.00	0.30	0.31	0.07	0.30	0.30	0.22
0.04	0.10	0.00	0.25	0.28	0.07	0.26	0.31	0.22
0.09	0.08	0.02	0.27	0.14	0.03	0.15	0.17	0.31
0.16	0.12	0.08	0.25	0.17	0.04	0.16	0.29	0.13
0.16	0.13	0.08	0.26	0.17	0.04	0.16	0.31	0.13
0.32	0.13	0.08	0.25	0.18	0.04	0.16	0.31	0.05
0.29	0.13	0.09	0.26	0.18	0.04	0.17	0.32	0.05
0.20	0.06	0.00	0.25	0.16	0.11	0.28	0.27	0.21
0.17	0.24	0.15	0.25	0.18	0.08	0.28	0.32	0.05
0.08	0.26	0.16	0.25	0.21	0.06	0.25	0.41	0.09
0.19	0.28	0.19	0.23	0.24	0.06	0.26	0.41	0.08
0.22	0.35	0.22	0.28	0.17	0.09	0.27	0.13	0.07
0.22	0.31	0.25	0.26	0.15	0.09	0.25	0.13	0.07
0.20	0.25	0.23	0.26	0.15	0.05	0.24	0.14	0.08
0.21	0.11	0.00	0.25	0.14	0.06	0.28	0.32	0.09
0.09	0.03	0.00	0.26	0.14	0.05	0.23	0.22	0.09
0.09	0.03	0.00	0.25	0.14	0.06	0.20	0.16	0.09
0.06	0.03	0.00	0.25	0.17	0.05	0.17	0.17	0.21
0.26	0.18	0.01	0.26	0.40	0.05	0.27	0.09	0.21
0.26	0.27	0.04	0.26	0.22	0.05	0.26	0.10	0.22
0.21	0.28	0.04	0.26	0.22	0.05	0.25	0.10	0.27
0.22	0.26	0.03	0.26	0.21	0.05	0.32	0.08	0.18
0.18	0.12	0.01	0.25	0.21	0.12	0.26	0.06	0.21
0.07	0.10	0.00	0.26	0.18	0.11	0.26	0.05	0.24
0.07	0.15	0.00	0.24	0.21	0.15	0.16	0.14	0.07
0.04	0.14	0.00	0.26	0.32	0.09	0.22	0.04	0.14
0.10	0.04	0.00	0.27	0.23	0.09	0.23	0.03	0.14
0.00	0.02	0.00	0.26	0.21	0.06	0.04	0.00	0.05
0.01	0.00	0.00	0.26	0.14	0.08	0.07	0.06	0.07
0.02	0.00	0.00	0.25	0.12	0.06	0.07	0.04	0.05
0.04	0.20	0.09	0.22	0.20	0.12	0.27	0.07	0.09
0.03	0.32	0.16	0.23	0.17	0.18	0.30	0.07	0.09
0.05	0.29	0.15	0.26	0.18	0.13	0.25	0.09	0.10
0.08	0.25	0.18	0.27	0.18	0.06	0.30	0.08	0.13
0.08	0.28	0.15	0.30	0.19	0.05	0.28	0.07	0.12
0.09	0.12	0.00	0.26	0.17	0.03	0.26	0.05	0.15
0.09	0.12	0.00	0.25	0.18	0.03	0.27	0.05	0.15
0.03	0.21	0.00	0.18	0.09	0.03	0.30	0.17	0.13
0.04	0.22	0.00	0.25	0.10	0.02	0.31	0.37	0.12
0.00	0.00	0.00	0.28	0.12	0.04	0.28	0.00	0.25
0.00	0.00	0.00	0.27	0.12	0.03	0.29	0.00	0.26
0.00	0.00	0.00	0.23	0.22	0.01	0.13	0.00	0.28
0.00	0.00	0.00	0.24	0.17	0.01	0.12	0.00	0.38
0.00	0.00	0.00	0.26	0.30	0.01	0.05	0.00	0.26
0.00	0.00	0.00	0.25	0.26	0.02	0.07	0.00	0.51
0.00	0.00	0.00	0.26	0.25	0.02	0.03	0.00	0.38
0.00	0.00	0.00	0.27	0.27	0.02	0.02	0.00	0.35
0.00	0.00	0.00	0.25	0.24	0.02	0.03	0.01	0.24
0.00	0.00	0.00	0.26	0.23	0.02	0.06	0.01	0.30
0.00	0.00	0.00	0.26	0.18	0.02	0.07	0.01	0.22
0.00	0.00	0.00	0.26	0.20	0.02	0.13	0.01	0.22
0.00	0.00	0.00	0.23	0.18	0.02	0.07	0.01	0.29
0.00	0.00	0.00	0.23	0.18	0.02	0.07	0.01	0.29
0.00	0.00	0.00	0.24	0.19	0.01	0.11	0.01	0.70
0.00	0.00	0.00	0.22	0.37	0.03	0.05	0.00	0.23
0.00	0.00	0.00	0.15	0.30	0.02	0.05	0.00	0.26
0.01	0.00	0.00	0.26	0.33	0.10	0.15	0.00	0.34
0.01	0.00	0.00	0.26	0.28	0.10	0.19	0.01	0.28
0.00	0.00	0.00	0.21	0.37	0.04	0.09	0.00	0.27
0.00	0.00	0.00	0.22	0.19	0.03	0.10	0.00	0.16
0.02	0.00	0.00	0.26	0.26	0.06	0.13	0.01	0.19
0.02	0.00	0.00	0.28	0.32	0.04	0.13	0.01	0.19
0.02	0.00	0.00	0.21	0.33	0.07	0.04	0.01	0.17
0.03	0.03	0.00	0.28	0.08	0.06	0.09	0.06	0.09
0.30	0.19	0.09	0.28	0.81	0.22	0.32	0.33	0.06
0.12	0.18	0.07	0.24	0.19	0.07	0.28	0.36	0.15
0.04	0.06	0.00	0.26	0.16	0.18	0.18	0.02	0.10
0.03	0.04	0.00	0.28	0.12	0.18	0.14	0.02	0.09
0.03	0.04	0.00	0.27	0.12	0.20	0.16	0.04	0.07
0.21	0.22	0.03	0.21	0.15	0.33	0.24	0.43	0.10
0.28	0.22	0.02	0.25	0.15	0.28	0.28	0.27	0.04
0.08	0.04	0.02	0.25	0.18	0.17	0.17	0.06	0.12
0.08	0.04	0.00	0.27	0.18	0.16	0.17	0.04	0.12
0.00	0.11	0.01	0.21	0.19	0.11	0.07	0.11	0.05
0.01	0.06	0.00	0.27	0.22	0.03	0.13	0.06	0.24
0.01	0.08	0.00	0.26	0.20	0.03	0.20	0.03	0.17
0.16	0.09	0.03	0.24	0.19	0.04	0.26	0.23	0.16
0.22	0.29	0.22	0.26	0.19	0.12	0.34	0.49	0.07
0.23	0.23	0.00	0.31	0.27	0.04	0.29	0.10	0.03
