# Variant	Relative_solvent_accessibility	Allosteric_site	Catalytic_site	Altered Secondary_structure	Altered Stability_and_conformational_flexibility	Altered Special_structural_signatures	Altered Macromolecular_binding	Altered Metal_binding	Altered PTM_site
M1R	0.09	0.04	0.00	0.21	0.24	0.07	0.12	0.07	0.52
R3Q	0.09	0.03	0.00	0.21	0.23	0.08	0.14	0.10	0.43
S7W	0.09	0.03	0.00	0.26	0.62	0.07	0.26	0.07	0.35
T9I	0.09	0.06	0.00	0.28	0.31	0.07	0.39	0.04	0.41
I18V	0.07	0.10	0.00	0.23	0.29	0.07	0.46	0.03	0.25
R20P	0.04	0.10	0.00	0.30	0.31	0.07	0.30	0.30	0.22
R20Q	0.04	0.10	0.00	0.25	0.28	0.07	0.26	0.31	0.22
S36R	0.09	0.08	0.02	0.27	0.14	0.03	0.15	0.17	0.31
V43I	0.16	0.12	0.08	0.25	0.17	0.04	0.16	0.29	0.13
E44Q	0.16	0.13	0.08	0.26	0.17	0.04	0.16	0.31	0.13
S46I	0.32	0.13	0.08	0.25	0.18	0.04	0.16	0.31	0.05
S46N	0.29	0.13	0.09	0.26	0.18	0.04	0.17	0.32	0.05
D60E	0.20	0.06	0.00	0.25	0.16	0.11	0.28	0.27	0.21
S69L	0.17	0.24	0.15	0.25	0.18	0.08	0.28	0.32	0.05
D70E	0.08	0.26	0.16	0.25	0.21	0.06	0.25	0.41	0.09
N71S	0.19	0.28	0.19	0.23	0.24	0.06	0.26	0.41	0.08
R107P	0.22	0.35	0.22	0.28	0.17	0.09	0.27	0.13	0.07
R107Q	0.22	0.31	0.25	0.26	0.15	0.09	0.25	0.13	0.07
E109K	0.20	0.25	0.23	0.26	0.15	0.05	0.24	0.14	0.08
H126Q	0.21	0.11	0.00	0.25	0.14	0.06	0.28	0.32	0.09
M136I	0.09	0.03	0.00	0.26	0.14	0.05	0.23	0.22	0.09
M136L	0.09	0.03	0.00	0.25	0.14	0.06	0.20	0.16	0.09
F137V	0.06	0.03	0.00	0.25	0.17	0.05	0.17	0.17	0.21
Y149S	0.26	0.18	0.01	0.26	0.40	0.05	0.27	0.09	0.21
P150S	0.26	0.27	0.04	0.26	0.22	0.05	0.26	0.10	0.22
P152R	0.21	0.28	0.04	0.26	0.22	0.05	0.25	0.10	0.27
S158N	0.22	0.26	0.03	0.26	0.21	0.05	0.32	0.08	0.18
R175S	0.18	0.12	0.01	0.25	0.21	0.12	0.26	0.06	0.21
A182T	0.07	0.10	0.00	0.26	0.18	0.11	0.26	0.05	0.24
Q205P	0.07	0.15	0.00	0.24	0.21	0.15	0.16	0.14	0.07
G228V	0.04	0.14	0.00	0.26	0.32	0.09	0.22	0.04	0.14
S238N	0.10	0.04	0.00	0.27	0.23	0.09	0.23	0.03	0.14
L245M	0.00	0.02	0.00	0.26	0.21	0.06	0.04	0.00	0.05
L263V	0.01	0.00	0.00	0.26	0.14	0.08	0.07	0.06	0.07
F267L	0.02	0.00	0.00	0.25	0.12	0.06	0.07	0.04	0.05
F289L	0.04	0.20	0.09	0.22	0.20	0.12	0.27	0.07	0.09
I292F	0.03	0.32	0.16	0.23	0.17	0.18	0.30	0.07	0.09
R295Q	0.05	0.29	0.15	0.26	0.18	0.13	0.25	0.09	0.10
D298G	0.08	0.25	0.18	0.27	0.18	0.06	0.30	0.08	0.13
P299L	0.08	0.28	0.15	0.30	0.19	0.05	0.28	0.07	0.12
K301E	0.09	0.12	0.00	0.26	0.17	0.03	0.26	0.05	0.15
K301N	0.09	0.12	0.00	0.25	0.18	0.03	0.27	0.05	0.15
N307K	0.03	0.21	0.00	0.18	0.09	0.03	0.30	0.17	0.13
Y313C	0.04	0.22	0.00	0.25	0.10	0.02	0.31	0.37	0.12
R421Q	0.00	0.00	0.00	0.28	0.12	0.04	0.28	0.00	0.25
A423V	0.00	0.00	0.00	0.27	0.12	0.03	0.29	0.00	0.26
I462L	0.00	0.00	0.00	0.23	0.22	0.01	0.13	0.00	0.28
P470S	0.00	0.00	0.00	0.24	0.17	0.01	0.12	0.00	0.38
V475E	0.00	0.00	0.00	0.26	0.30	0.01	0.05	0.00	0.26
S477Y	0.00	0.00	0.00	0.25	0.26	0.02	0.07	0.00	0.51
H479Q	0.00	0.00	0.00	0.26	0.25	0.02	0.03	0.00	0.38
T485K	0.00	0.00	0.00	0.27	0.27	0.02	0.02	0.00	0.35
A488V	0.00	0.00	0.00	0.25	0.24	0.02	0.03	0.01	0.24
S500C	0.00	0.00	0.00	0.26	0.23	0.02	0.06	0.01	0.30
E504Q	0.00	0.00	0.00	0.26	0.18	0.02	0.07	0.01	0.22
G505W	0.00	0.00	0.00	0.26	0.20	0.02	0.13	0.01	0.22
T511A	0.00	0.00	0.00	0.23	0.18	0.02	0.07	0.01	0.29
T511M	0.00	0.00	0.00	0.23	0.18	0.02	0.07	0.01	0.29
H514Y	0.00	0.00	0.00	0.24	0.19	0.01	0.11	0.01	0.70
R563L	0.00	0.00	0.00	0.22	0.37	0.03	0.05	0.00	0.23
L571I	0.00	0.00	0.00	0.15	0.30	0.02	0.05	0.00	0.26
R578C	0.01	0.00	0.00	0.26	0.33	0.10	0.15	0.00	0.34
L585I	0.01	0.00	0.00	0.26	0.28	0.10	0.19	0.01	0.28
T597S	0.00	0.00	0.00	0.21	0.37	0.04	0.09	0.00	0.27
K613Q	0.00	0.00	0.00	0.22	0.19	0.03	0.10	0.00	0.16
M622I	0.02	0.00	0.00	0.26	0.26	0.06	0.13	0.01	0.19
A626P	0.02	0.00	0.00	0.28	0.32	0.04	0.13	0.01	0.19
E663A	0.02	0.00	0.00	0.21	0.33	0.07	0.04	0.01	0.17
N683K	0.03	0.03	0.00	0.28	0.08	0.06	0.09	0.06	0.09
V698G	0.30	0.19	0.09	0.28	0.81	0.22	0.32	0.33	0.06
E705K	0.12	0.18	0.07	0.24	0.19	0.07	0.28	0.36	0.15
L723P	0.04	0.06	0.00	0.26	0.16	0.18	0.18	0.02	0.10
P726L	0.03	0.04	0.00	0.28	0.12	0.18	0.14	0.02	0.09
L729V	0.03	0.04	0.00	0.27	0.12	0.20	0.16	0.04	0.07
G750D	0.21	0.22	0.03	0.21	0.15	0.33	0.24	0.43	0.10
D756N	0.28	0.22	0.02	0.25	0.15	0.28	0.28	0.27	0.04
N775S	0.08	0.04	0.02	0.25	0.18	0.17	0.17	0.06	0.12
G779R	0.08	0.04	0.00	0.27	0.18	0.16	0.17	0.04	0.12
I787M	0.00	0.11	0.01	0.21	0.19	0.11	0.07	0.11	0.05
M797R	0.01	0.06	0.00	0.27	0.22	0.03	0.13	0.06	0.24
R799W	0.01	0.08	0.00	0.26	0.20	0.03	0.20	0.03	0.17
S815L	0.16	0.09	0.03	0.24	0.19	0.04	0.26	0.23	0.16
C843Y	0.22	0.29	0.22	0.26	0.19	0.12	0.34	0.49	0.07
G857A	0.23	0.23	0.00	0.31	0.27	0.04	0.29	0.10	0.03
