0.02	0.00	0.00	0.26	0.21	0.10	0.36	0.02	0.14
0.02	0.00	0.00	0.24	0.21	0.10	0.30	0.03	0.13
0.24	0.11	0.03	0.20	0.20	0.06	0.27	0.46	0.14
0.02	0.01	0.00	0.25	0.12	0.05	0.15	0.02	0.15
0.10	0.08	0.00	0.26	0.19	0.09	0.35	0.09	0.17
0.10	0.05	0.00	0.25	0.42	0.07	0.18	0.08	0.09
0.08	0.04	0.00	0.25	0.34	0.06	0.18	0.08	0.06
0.25	0.29	0.27	0.24	0.12	0.27	0.29	0.52	0.07
0.03	0.06	0.00	0.26	0.27	0.22	0.25	0.05	0.15
0.03	0.10	0.01	0.27	0.26	0.20	0.27	0.39	0.11
0.14	0.08	0.01	0.27	0.19	0.16	0.27	0.05	0.09
0.08	0.09	0.01	0.27	0.20	0.08	0.25	0.06	0.09
0.05	0.11	0.00	0.29	0.09	0.24	0.24	0.02	0.18
0.14	0.13	0.00	0.28	0.26	0.27	0.32	0.22	0.13
0.10	0.04	0.01	0.30	0.16	0.18	0.20	0.05	0.09
0.12	0.10	0.03	0.25	0.13	0.15	0.28	0.13	0.16
0.03	0.00	0.00	0.25	0.27	0.05	0.07	0.05	0.15
0.03	0.00	0.00	0.27	0.28	0.26	0.07	0.01	0.36
0.15	0.02	0.00	0.25	0.41	0.30	0.09	0.02	0.21
0.09	0.08	0.00	0.25	0.15	0.07	0.24	0.03	0.09
0.13	0.03	0.00	0.09	0.08	0.23	0.19	0.02	0.09
