0.21	0.08	0.02	0.25	0.15	0.04	0.27	0.11	0.12
0.25	0.08	0.02	0.25	0.14	0.14	0.25	0.28	0.11
0.27	0.11	0.04	0.25	0.16	0.27	0.29	0.26	0.19
0.29	0.09	0.04	0.25	0.17	0.35	0.37	0.48	0.22
0.27	0.14	0.05	0.20	0.18	0.26	0.17	0.20	0.11
0.14	0.10	0.00	0.26	0.27	0.10	0.28	0.22	0.09
0.12	0.26	0.17	0.26	0.18	0.05	0.27	0.27	0.17
0.02	0.12	0.00	0.24	0.27	0.03	0.13	0.10	0.07
0.05	0.01	0.00	0.26	0.32	0.51	0.08	0.02	0.17
0.04	0.03	0.00	0.27	0.28	0.54	0.08	0.02	0.17
0.04	0.03	0.00	0.27	0.28	0.27	0.12	0.01	0.17
0.04	0.17	0.02	0.24	0.19	0.07	0.48	0.64	0.16
0.04	0.14	0.02	0.27	0.12	0.16	0.28	0.12	0.27
0.04	0.16	0.02	0.25	0.13	0.16	0.49	0.07	0.25
0.06	0.13	0.01	0.28	0.12	0.09	0.21	0.09	0.15
0.08	0.12	0.02	0.26	0.13	0.07	0.20	0.09	0.34
0.13	0.15	0.04	0.25	0.16	0.08	0.24	0.14	0.15
0.16	0.09	0.00	0.27	0.22	0.03	0.18	0.06	0.09
0.11	0.26	0.29	0.25	0.14	0.19	0.26	0.26	0.03
0.32	0.32	0.30	0.25	0.17	0.20	0.33	0.34	0.13
0.27	0.27	0.15	0.26	0.15	0.11	0.29	0.29	0.13
0.25	0.32	0.16	0.26	0.15	0.11	0.28	0.27	0.15
0.04	0.17	0.06	0.27	0.25	0.10	0.23	0.04	0.12
0.06	0.19	0.06	0.27	0.23	0.11	0.26	0.08	0.10
0.10	0.15	0.02	0.25	0.17	0.11	0.25	0.14	0.11
0.11	0.13	0.02	0.28	0.17	0.11	0.30	0.07	0.11
0.02	0.01	0.00	0.27	0.22	0.08	0.28	0.02	0.17
0.00	0.01	0.00	0.25	0.23	0.04	0.13	0.01	0.14
