0.02	0.02	0.00	0.27	0.25	0.03	0.11	0.04	0.13
0.02	0.02	0.00	0.26	0.30	0.03	0.09	0.02	0.13
0.06	0.06	0.00	0.23	0.16	0.08	0.08	0.04	0.07
0.08	0.05	0.00	0.17	0.15	0.09	0.15	0.10	0.11
0.13	0.06	0.00	0.27	0.13	0.17	0.17	0.13	0.14
0.10	0.04	0.00	0.25	0.15	0.04	0.23	0.08	0.08
0.01	0.02	0.00	0.26	0.10	0.03	0.05	0.02	0.13
0.03	0.02	0.00	0.24	0.17	0.11	0.10	0.02	0.13
0.03	0.02	0.00	0.25	0.19	0.12	0.09	0.02	0.10
0.09	0.14	0.25	0.27	0.27	0.07	0.30	0.07	0.13
0.08	0.12	0.26	0.25	0.24	0.03	0.28	0.10	0.13
0.25	0.09	0.02	0.25	0.13	0.09	0.26	0.22	0.07
0.13	0.24	0.07	0.21	0.16	0.90	0.21	0.14	0.08
0.06	0.04	0.00	0.24	0.28	0.49	0.12	0.06	0.14
0.04	0.05	0.00	0.25	0.26	0.79	0.10	0.06	0.09
0.04	0.08	0.01	0.27	0.26	0.08	0.10	0.06	0.08
0.03	0.04	0.00	0.26	0.23	0.03	0.11	0.05	0.11
0.01	0.06	0.03	0.27	0.19	0.03	0.15	0.07	0.05
0.07	0.05	0.00	0.03	0.15	0.05	0.17	0.04	0.14
0.25	0.25	0.09	0.26	0.24	0.19	0.29	0.19	0.17
0.04	0.20	0.14	0.26	0.19	0.04	0.29	0.05	0.10
