0.19	0.07	0.00	0.27	0.16	0.16	0.19	0.13	0.11
0.01	0.01	0.00	0.26	0.27	0.04	0.24	0.01	0.36
0.02	0.01	0.00	0.26	0.33	0.04	0.30	0.01	0.33
0.01	0.01	0.00	0.26	0.32	0.04	0.24	0.01	0.27
0.01	0.01	0.00	0.25	0.28	0.04	0.23	0.01	0.30
0.07	0.15	0.01	0.27	0.14	0.05	0.19	0.04	0.14
0.00	0.08	0.00	0.28	0.14	0.02	0.07	0.07	0.11
0.03	0.06	0.00	0.26	0.26	0.06	0.07	0.08	0.13
0.06	0.08	0.00	0.26	0.11	0.21	0.17	0.11	0.08
0.00	0.00	0.00	0.26	0.26	0.02	0.04	0.01	0.06
0.00	0.00	0.00	0.25	0.24	0.01	0.04	0.00	0.24
0.00	0.00	0.00	0.25	0.22	0.01	0.06	0.00	0.24
0.00	0.00	0.00	0.26	0.20	0.01	0.04	0.00	0.24
0.00	0.00	0.00	0.26	0.20	0.01	0.05	0.03	0.26
0.00	0.00	0.00	0.26	0.21	0.01	0.08	0.03	0.33
0.00	0.00	0.00	0.26	0.21	0.01	0.07	0.03	0.32
0.00	0.00	0.00	0.25	0.20	0.01	0.09	0.03	0.26
0.00	0.00	0.00	0.28	0.23	0.01	0.12	0.03	0.31
0.01	0.00	0.00	0.34	0.24	0.08	0.16	0.01	0.55
0.01	0.00	0.00	0.28	0.23	0.08	0.15	0.01	0.27
0.00	0.00	0.00	0.25	0.23	0.01	0.04	0.00	0.20
0.00	0.00	0.00	0.33	0.21	0.01	0.06	0.00	0.27
0.00	0.00	0.00	0.25	0.24	0.02	0.05	0.00	0.25
0.28	0.09	0.02	0.25	0.19	0.05	0.26	0.06	0.17
0.27	0.05	0.00	0.25	0.19	0.14	0.29	0.11	0.12
0.08	0.33	0.06	0.26	0.12	0.10	0.30	0.20	0.08
0.13	0.05	0.07	0.25	0.19	0.24	0.18	0.12	0.15
0.07	0.23	0.02	0.26	0.17	0.17	0.24	0.09	0.23
0.02	0.05	0.00	0.26	0.30	0.03	0.15	0.01	0.10
0.01	0.02	0.00	0.26	0.50	0.04	0.16	0.02	0.14
0.01	0.00	0.00	0.26	0.24	0.04	0.11	0.03	0.06
