0.05	0.02	0.00	0.27	0.18	0.04	0.30	0.04	0.19
0.04	0.04	0.00	0.27	0.26	0.06	0.29	0.03	0.26
0.11	0.00	0.00	0.25	0.26	0.15	0.27	0.04	0.35
0.02	0.00	0.00	0.26	0.29	0.08	0.26	0.00	0.25
0.00	0.00	0.00	0.27	0.34	0.02	0.14	0.02	0.14
0.00	0.00	0.00	0.26	0.17	0.01	0.25	0.01	0.19
0.00	0.00	0.00	0.26	0.19	0.04	0.25	0.01	0.55
0.00	0.00	0.00	0.24	0.36	0.03	0.23	0.00	0.11
0.03	0.04	0.00	0.27	0.26	0.02	0.25	0.03	0.20
0.01	0.02	0.00	0.26	0.20	0.02	0.29	0.01	0.22
0.00	0.01	0.00	0.24	0.25	0.01	0.10	0.02	0.27
0.00	0.00	0.00	0.34	0.25	0.02	0.04	0.00	0.26
0.18	0.06	0.00	0.25	0.18	0.17	0.14	0.28	0.01
