0.07	0.12	0.00	0.26	0.16	0.29	0.25	0.16	0.05
0.06	0.06	0.00	0.27	0.13	0.24	0.23	0.02	0.09
0.12	0.10	0.00	0.29	0.24	0.18	0.26	0.10	0.13
0.03	0.12	0.00	0.26	0.25	0.09	0.15	0.08	0.11
0.05	0.03	0.00	0.25	0.21	0.19	0.19	0.05	0.07
0.10	0.09	0.00	0.28	0.14	0.29	0.30	0.05	0.17
0.05	0.07	0.00	0.28	0.15	0.25	0.23	0.19	0.04
0.03	0.04	0.00	0.25	0.21	0.20	0.11	0.05	0.02
0.06	0.02	0.00	0.25	0.20	0.32	0.11	0.09	0.14
0.03	0.02	0.00	0.26	0.30	0.03	0.15	0.02	0.26
0.03	0.08	0.00	0.26	0.21	0.10	0.27	0.12	0.03
0.00	0.00	0.00	0.25	0.18	0.06	0.17	0.00	0.21
