0.04	0.08	0.05	0.25	0.23	0.08	0.26	0.23	0.03
0.10	0.04	0.03	0.26	0.37	0.17	0.25	0.44	0.15
0.14	0.04	0.02	0.30	0.15	0.09	0.43	0.29	0.17
0.14	0.06	0.03	0.26	0.15	0.09	0.31	0.19	0.05
0.04	0.05	0.01	0.27	0.25	0.03	0.10	0.04	0.13
0.03	0.02	0.01	0.28	0.32	0.06	0.23	0.04	0.15
0.10	0.05	0.02	0.25	0.29	0.13	0.27	0.06	0.06
0.11	0.08	0.00	0.28	0.12	0.20	0.17	0.06	0.15
0.04	0.05	0.00	0.27	0.17	0.11	0.21	0.03	0.11
0.15	0.27	0.02	0.26	0.13	0.05	0.23	0.32	0.28
0.03	0.05	0.00	0.25	0.20	0.02	0.24	0.29	0.12
0.07	0.06	0.09	0.27	0.15	0.09	0.46	0.18	0.26
0.02	0.03	0.00	0.27	0.29	0.20	0.21	0.02	0.19
0.04	0.06	0.00	0.26	0.18	0.02	0.09	0.21	0.11
0.02	0.18	0.01	0.25	0.17	0.03	0.26	0.03	0.11
0.00	0.02	0.00	0.27	0.24	0.03	0.10	0.01	0.27
0.00	0.02	0.00	0.24	0.25	0.20	0.10	0.01	0.22
0.01	0.13	0.00	0.26	0.09	0.02	0.11	0.01	0.09
0.01	0.13	0.00	0.26	0.09	0.02	0.11	0.01	0.09
0.07	0.14	0.01	0.26	0.14	0.02	0.20	0.06	0.13
0.15	0.16	0.02	0.26	0.24	0.12	0.16	0.06	0.07
0.04	0.05	0.00	0.25	0.26	0.11	0.11	0.17	0.13
0.02	0.19	0.00	0.27	0.12	0.04	0.24	0.02	0.16
0.03	0.12	0.02	0.27	0.24	0.03	0.14	0.15	0.09
0.08	0.12	0.00	0.13	0.11	0.02	0.15	0.14	0.09
0.02	0.08	0.00	0.27	0.10	0.03	0.14	0.01	0.12
0.09	0.13	0.00	0.30	0.13	0.08	0.24	0.21	0.18
0.01	0.07	0.00	0.27	0.16	0.03	0.15	0.02	0.20
0.05	0.09	0.00	0.27	0.08	0.12	0.24	0.03	0.08
0.00	0.05	0.00	0.25	0.14	0.50	0.13	0.02	0.03
0.01	0.00	0.00	0.24	0.27	0.29	0.11	0.08	0.07
0.01	0.01	0.00	0.21	0.34	0.03	0.09	0.02	0.10
0.05	0.11	0.00	0.26	0.05	0.25	0.28	0.01	0.11
0.02	0.07	0.00	0.26	0.16	0.28	0.24	0.07	0.06
0.27	0.14	0.00	0.25	0.16	0.09	0.31	0.10	0.26
0.24	0.09	0.00	0.27	0.15	0.05	0.25	0.22	0.19
0.25	0.08	0.00	0.25	0.12	0.06	0.25	0.08	0.18
0.03	0.03	0.00	0.27	0.10	0.23	0.23	0.08	0.12
0.00	0.04	0.00	0.26	0.07	0.06	0.24	0.01	0.05
0.03	0.13	0.09	0.25	0.22	0.12	0.25	0.07	0.14
0.04	0.11	0.00	0.27	0.14	0.18	0.25	0.03	0.03
0.15	0.10	0.06	0.26	0.18	0.26	0.25	0.27	0.12
0.16	0.19	0.03	0.28	0.23	0.14	0.25	0.24	0.14
