0.13	0.14	0.00	0.28	0.39	0.05	0.15	0.09	0.09
0.12	0.14	0.02	0.26	0.29	0.05	0.15	0.21	0.09
0.21	0.08	0.02	0.26	0.23	0.25	0.25	0.27	0.10
0.01	0.05	0.00	0.25	0.13	0.03	0.22	0.12	0.07
0.15	0.04	0.02	0.24	0.27	0.22	0.18	0.04	0.16
0.02	0.02	0.00	0.25	0.27	0.08	0.19	0.16	0.16
0.04	0.04	0.00	0.26	0.17	0.07	0.15	0.03	0.11
0.04	0.04	0.00	0.26	0.17	0.06	0.15	0.03	0.11
0.13	0.06	0.00	0.25	0.22	0.17	0.23	0.07	0.16
0.12	0.14	0.02	0.29	0.20	0.06	0.23	0.30	0.04
0.08	0.09	0.10	0.26	0.12	0.12	0.15	0.17	0.12
0.08	0.13	0.03	0.26	0.25	0.27	0.25	0.25	0.22
0.04	0.06	0.00	0.25	0.30	0.02	0.08	0.04	0.11
0.04	0.00	0.00	0.24	0.25	0.21	0.12	0.01	0.20
0.02	0.01	0.00	0.26	0.25	0.03	0.10	0.00	0.18
0.05	0.03	0.00	0.25	0.40	0.04	0.44	0.02	0.10
0.19	0.20	0.02	0.26	0.13	0.10	0.26	0.09	0.11
0.06	0.09	0.00	0.33	0.18	0.08	0.14	0.12	0.10
0.07	0.10	0.00	0.27	0.13	0.07	0.09	0.69	0.11
0.11	0.13	0.00	0.26	0.16	0.15	0.21	0.11	0.10
0.20	0.08	0.00	0.26	0.16	0.09	0.35	0.04	0.28
0.19	0.12	0.00	0.26	0.26	0.08	0.18	0.04	0.13
0.08	0.15	0.02	0.26	0.22	0.21	0.27	0.04	0.15
0.04	0.06	0.03	0.25	0.19	0.07	0.40	0.07	0.02
0.04	0.05	0.03	0.25	0.15	0.07	0.30	0.09	0.02
0.18	0.24	0.00	0.28	0.29	0.08	0.22	0.11	0.16
0.24	0.29	0.00	0.08	0.25	0.15	0.25	0.16	0.19
0.02	0.06	0.00	0.25	0.07	0.08	0.12	0.02	0.08
0.11	0.06	0.00	0.28	0.24	0.03	0.15	0.03	0.27
0.10	0.05	0.00	0.25	0.30	0.07	0.12	0.03	0.26
0.00	0.03	0.00	0.03	0.10	0.09	0.31	0.02	0.01
0.02	0.00	0.00	0.28	0.31	0.12	0.18	0.03	0.40
0.04	0.01	0.00	0.20	0.30	0.27	0.09	0.01	0.28
0.04	0.05	0.00	0.19	0.19	0.16	0.24	0.03	0.11
0.22	0.15	0.00	0.25	0.21	0.07	0.25	0.07	0.22
0.04	0.16	0.18	0.27	0.24	0.19	0.24	0.13	0.13
