0.09	0.00	0.00	0.27	0.28	0.28	0.05	0.02	0.17
0.05	0.03	0.00	0.25	0.14	0.21	0.14	0.03	0.14
0.08	0.01	0.00	0.30	0.10	0.08	0.10	0.04	0.09
0.02	0.02	0.00	0.04	0.22	0.06	0.08	0.02	0.09
0.02	0.00	0.00	0.25	0.25	0.11	0.10	0.01	0.12
0.25	0.11	0.00	0.25	0.18	0.19	0.27	0.22	0.18
0.07	0.00	0.00	0.28	0.14	0.18	0.12	0.03	0.10
0.04	0.01	0.00	0.26	0.26	0.06	0.06	0.02	0.14
0.11	0.05	0.00	0.24	0.20	0.06	0.14	0.01	0.22
0.17	0.00	0.00	0.27	0.17	0.30	0.10	0.03	0.13
0.02	0.02	0.00	0.24	0.16	0.07	0.08	0.06	0.13
0.04	0.03	0.00	0.03	0.09	0.02	0.12	0.01	0.08
0.00	0.03	0.00	0.27	0.15	0.12	0.09	0.02	0.12
