0.18	0.20	0.00	0.25	0.16	0.15	0.32	0.09	0.20
0.05	0.12	0.00	0.25	0.11	0.27	0.22	0.02	0.07
0.04	0.02	0.00	0.29	0.18	0.22	0.17	0.02	0.11
0.06	0.05	0.00	0.26	0.22	0.18	0.29	0.10	0.14
0.00	0.00	0.00	0.25	0.18	0.02	0.12	0.01	0.36
0.00	0.00	0.00	0.27	0.15	0.02	0.46	0.00	0.32
0.00	0.00	0.00	0.28	0.15	0.02	0.41	0.00	0.26
0.00	0.00	0.00	0.27	0.22	0.02	0.52	0.00	0.18
0.00	0.00	0.00	0.25	0.23	0.02	0.10	0.04	0.09
0.04	0.12	0.00	0.26	0.09	0.12	0.19	0.03	0.01
0.12	0.26	0.00	0.28	0.33	0.12	0.26	0.19	0.05
0.03	0.03	0.00	0.25	0.24	0.13	0.09	0.26	0.12
0.08	0.11	0.00	0.28	0.10	0.23	0.23	0.07	0.02
0.10	0.12	0.00	0.26	0.13	0.30	0.27	0.14	0.02
0.13	0.08	0.00	0.26	0.09	0.52	0.34	0.14	0.06
0.01	0.08	0.00	0.27	0.08	0.15	0.42	0.01	0.10
0.10	0.07	0.00	0.25	0.26	0.27	0.25	0.07	0.07
0.15	0.23	0.00	0.26	0.07	0.14	0.26	0.14	0.02
0.15	0.39	0.00	0.30	0.14	0.09	0.34	0.47	0.07
0.12	0.09	0.00	0.27	0.22	0.11	0.25	0.13	0.17
0.02	0.14	0.00	0.19	0.22	0.05	0.42	0.08	0.07
0.02	0.08	0.00	0.25	0.26	0.04	0.46	0.03	0.14
