0.13	0.06	0.00	0.27	0.11	0.22	0.26	0.02	0.09
0.13	0.12	0.06	0.26	0.14	0.31	0.33	0.04	0.05
0.01	0.04	0.00	0.11	0.14	0.09	0.12	0.01	0.08
0.31	0.15	0.00	0.27	0.19	0.29	0.29	0.17	0.18
0.21	0.06	0.00	0.26	0.15	0.30	0.25	0.04	0.08
0.14	0.05	0.00	0.31	0.17	0.12	0.15	0.03	0.08
0.02	0.02	0.00	0.23	0.15	0.13	0.10	0.01	0.01
0.02	0.06	0.00	0.26	0.13	0.09	0.24	0.03	0.26
0.15	0.04	0.00	0.25	0.37	0.30	0.23	0.15	0.14
0.25	0.07	0.00	0.25	0.15	0.03	0.24	0.06	0.39
0.03	0.01	0.00	0.10	0.14	0.28	0.28	0.01	0.27
0.00	0.09	0.17	0.25	0.08	0.02	0.10	0.14	0.05
