0.00	0.00	0.00	0.26	0.25	0.01	0.31	0.00	0.20
0.00	0.01	0.00	0.25	0.26	0.02	0.27	0.01	0.30
0.02	0.01	0.00	0.29	0.27	0.03	0.24	0.01	0.25
0.00	0.00	0.00	0.22	0.43	0.02	0.10	0.00	0.04
0.03	0.01	0.00	0.29	0.37	0.04	0.05	0.01	0.17
0.03	0.23	0.08	0.28	0.07	0.03	0.26	0.25	0.09
0.02	0.00	0.00	0.25	0.27	0.25	0.27	0.01	0.15
0.00	0.00	0.00	0.27	0.31	0.02	0.19	0.01	0.40
0.01	0.00	0.00	0.25	0.23	0.01	0.06	0.02	0.07
0.00	0.00	0.00	0.25	0.24	0.01	0.06	0.02	0.08
0.00	0.00	0.00	0.24	0.23	0.02	0.08	0.01	0.07
0.00	0.00	0.00	0.25	0.23	0.02	0.13	0.00	0.19
0.00	0.00	0.00	0.25	0.47	0.01	0.16	0.01	0.26
0.00	0.00	0.00	0.22	0.26	0.01	0.12	0.00	0.25
0.00	0.00	0.00	0.29	0.24	0.01	0.06	0.01	0.17
