0.00	0.04	0.00	0.25	0.25	0.01	0.18	0.02	0.18
0.00	0.02	0.00	0.27	0.20	0.02	0.38	0.13	0.19
0.00	0.02	0.00	0.25	0.21	0.02	0.24	0.09	0.19
0.00	0.03	0.00	0.26	0.25	0.03	0.31	0.09	0.24
0.00	0.02	0.00	0.25	0.48	0.07	0.36	0.01	0.27
0.00	0.01	0.00	0.11	0.31	0.11	0.32	0.02	0.11
0.00	0.00	0.00	0.25	0.21	0.05	0.19	0.01	0.26
0.00	0.00	0.00	0.26	0.25	0.04	0.27	0.01	0.30
0.00	0.01	0.00	0.36	0.27	0.05	0.15	0.02	0.22
0.00	0.01	0.00	0.26	0.25	0.04	0.15	0.01	0.29
0.00	0.01	0.00	0.31	0.29	0.03	0.11	0.01	0.48
0.01	0.00	0.00	0.26	0.28	0.06	0.41	0.02	0.26
0.04	0.01	0.00	0.12	0.24	0.11	0.35	0.01	0.23
0.01	0.00	0.00	0.10	0.53	0.26	0.31	0.03	0.20
0.00	0.00	0.00	0.28	0.21	0.12	0.09	0.01	0.51
0.00	0.00	0.00	0.30	0.24	0.05	0.16	0.01	0.48
0.08	0.09	0.02	0.25	0.20	0.07	0.21	0.16	0.10
0.01	0.00	0.00	0.21	0.22	0.08	0.51	0.05	0.16
0.04	0.05	0.04	0.26	0.25	0.10	0.23	0.06	0.22
0.12	0.05	0.04	0.23	0.28	0.12	0.25	0.36	0.32
0.24	0.25	0.00	0.29	0.22	0.23	0.29	0.21	0.25
0.29	0.15	0.00	0.26	0.26	0.79	0.28	0.08	0.24
0.04	0.01	0.00	0.28	0.27	0.02	0.11	0.05	0.33
