0.22	0.10	0.00	0.26	0.16	0.08	0.17	0.02	0.12
0.24	0.16	0.00	0.25	0.21	0.11	0.17	0.24	0.07
0.20	0.06	0.00	0.25	0.25	0.03	0.43	0.18	0.19
0.04	0.05	0.00	0.25	0.26	0.06	0.33	0.02	0.15
0.02	0.04	0.00	0.26	0.19	0.06	0.12	0.03	0.14
0.04	0.06	0.00	0.25	0.39	0.05	0.26	0.02	0.10
0.07	0.21	0.00	0.23	0.10	0.06	0.25	0.26	0.16
0.05	0.03	0.00	0.25	0.25	0.07	0.20	0.02	0.15
0.09	0.09	0.00	0.25	0.20	0.05	0.10	0.03	0.09
0.04	0.21	0.00	0.27	0.10	0.04	0.13	0.07	0.12
0.11	0.03	0.00	0.26	0.31	0.05	0.10	0.11	0.06
0.12	0.04	0.00	0.24	0.19	0.16	0.17	0.11	0.10
0.03	0.07	0.00	0.27	0.29	0.04	0.09	0.03	0.18
0.12	0.08	0.00	0.26	0.41	0.28	0.22	0.06	0.31
0.21	0.08	0.00	0.27	0.20	0.25	0.22	0.06	0.17
0.13	0.04	0.01	0.26	0.15	0.07	0.17	0.06	0.09
0.00	0.07	0.00	0.28	0.12	0.04	0.19	0.01	0.13
0.00	0.02	0.00	0.28	0.16	0.08	0.22	0.01	0.16
0.00	0.02	0.00	0.29	0.22	0.17	0.25	0.01	0.20
0.00	0.01	0.00	0.26	0.20	0.16	0.22	0.00	0.23
0.00	0.00	0.00	0.25	0.26	0.18	0.11	0.01	0.17
0.11	0.00	0.00	0.27	0.24	0.25	0.28	0.06	0.14
0.03	0.09	0.00	0.26	0.12	0.04	0.21	0.05	0.19
0.07	0.02	0.00	0.33	0.39	0.05	0.21	0.02	0.17
0.03	0.01	0.00	0.25	0.23	0.07	0.11	0.02	0.14
0.07	0.02	0.00	0.20	0.12	0.15	0.13	0.05	0.10
0.05	0.05	0.00	0.27	0.16	0.31	0.19	0.03	0.18
0.05	0.03	0.00	0.26	0.17	0.07	0.44	0.03	0.28
0.05	0.03	0.00	0.12	0.13	0.07	0.28	0.03	0.38
0.07	0.15	0.01	0.22	0.15	0.03	0.24	0.03	0.07
0.12	0.17	0.01	0.26	0.20	0.17	0.18	0.05	0.11
0.18	0.17	0.02	0.24	0.16	0.05	0.19	0.10	0.08
0.02	0.02	0.00	0.26	0.29	0.02	0.24	0.01	0.26
0.00	0.01	0.00	0.26	0.22	0.02	0.14	0.01	0.15
0.00	0.01	0.00	0.23	0.22	0.01	0.23	0.00	0.23
0.00	0.01	0.00	0.19	0.27	0.02	0.26	0.02	0.18
0.00	0.01	0.00	0.19	0.27	0.02	0.24	0.02	0.15
0.09	0.02	0.00	0.25	0.23	0.01	0.46	0.06	0.17
