0.04	0.01	0.00	0.04	0.35	0.03	0.10	0.06	0.09
0.04	0.03	0.00	0.02	0.16	0.23	0.10	0.02	0.11
0.13	0.05	0.00	0.04	0.20	0.43	0.18	0.18	0.14
0.06	0.08	0.00	0.07	0.24	0.12	0.10	0.07	0.04
0.21	0.03	0.00	0.04	0.34	0.13	0.17	0.03	0.20
0.21	0.02	0.00	0.07	0.25	0.13	0.05	0.01	0.13
0.14	0.12	0.00	0.02	0.21	0.48	0.16	0.03	0.10
0.09	0.03	0.00	0.05	0.36	0.37	0.12	0.33	0.06
0.23	0.03	0.00	0.02	0.16	0.90	0.06	0.06	0.18
0.11	0.05	0.00	0.26	0.29	0.06	0.22	0.24	0.15
0.12	0.07	0.00	0.23	0.23	0.28	0.19	0.13	0.11
0.15	0.04	0.00	0.26	0.30	0.92	0.12	0.31	0.33
0.08	0.07	0.00	0.02	0.19	0.03	0.10	0.02	0.12
0.05	0.02	0.00	0.29	0.27	0.30	0.07	0.05	0.17
0.10	0.00	0.00	0.04	0.32	0.17	0.06	0.02	0.10
