0.01	0.00	0.00	0.26	0.15	0.14	0.07	0.00	0.20
0.12	0.00	0.00	0.02	0.26	0.03	0.05	0.04	0.11
0.01	0.00	0.00	0.02	0.27	0.25	0.11	0.01	0.17
0.03	0.00	0.00	0.16	0.20	0.61	0.06	0.09	0.24
0.00	0.00	0.00	0.25	0.28	0.50	0.02	0.02	0.08
0.00	0.00	0.00	0.02	0.11	0.20	0.08	0.00	0.08
0.02	0.00	0.00	0.25	0.31	0.65	0.08	0.05	0.10
0.04	0.00	0.00	0.04	0.24	0.40	0.07	0.01	0.17
0.00	0.00	0.00	0.04	0.34	0.02	0.05	0.02	0.17
0.02	0.00	0.00	0.34	0.19	0.16	0.04	0.02	0.19
0.03	0.00	0.00	0.29	0.20	0.07	0.04	0.00	0.19
0.00	0.00	0.00	0.03	0.27	0.04	0.04	0.01	0.17
0.01	0.00	0.00	0.28	0.36	0.92	0.07	0.04	0.26
0.01	0.00	0.00	0.02	0.27	0.01	0.15	0.01	0.19
0.00	0.00	0.00	0.02	0.25	0.01	0.16	0.04	0.14
0.02	0.00	0.00	0.02	0.29	0.01	0.11	0.00	0.16
0.00	0.00	0.00	0.26	0.25	0.16	0.03	0.01	0.24
0.06	0.00	0.00	0.02	0.24	0.18	0.05	0.01	0.09
0.07	0.00	0.00	0.02	0.24	0.19	0.04	0.01	0.09
0.07	0.00	0.00	0.02	0.23	0.16	0.04	0.01	0.12
0.02	0.00	0.00	0.03	0.32	0.02	0.10	0.01	0.18
0.02	0.00	0.00	0.22	0.18	0.55	0.04	0.01	0.15
0.00	0.00	0.00	0.26	0.16	0.03	0.04	0.08	0.15
0.04	0.00	0.00	0.25	0.27	0.24	0.03	0.03	0.05
0.04	0.00	0.00	0.26	0.16	0.60	0.05	0.03	0.07
0.03	0.00	0.00	0.02	0.30	0.05	0.11	0.01	0.11
0.02	0.00	0.00	0.28	0.17	0.58	0.04	0.01	0.20
0.05	0.00	0.00	0.18	0.21	0.16	0.16	0.01	0.15
0.02	0.00	0.00	0.02	0.51	0.46	0.25	0.01	0.15
0.00	0.00	0.00	0.27	0.27	0.04	0.19	0.00	0.14
0.00	0.00	0.00	0.16	0.20	0.08	0.21	0.00	0.10
0.02	0.00	0.00	0.26	0.31	0.02	0.10	0.01	0.17
0.03	0.00	0.00	0.02	0.13	0.03	0.06	0.01	0.12
0.05	0.00	0.00	0.26	0.31	0.22	0.03	0.02	0.16
0.01	0.00	0.00	0.25	0.18	0.13	0.05	0.05	0.32
0.00	0.00	0.00	0.08	0.17	0.33	0.03	0.03	0.14
0.00	0.00	0.00	0.02	0.28	0.20	0.03	0.02	0.05
0.09	0.00	0.00	0.02	0.17	0.32	0.04	0.01	0.13
0.00	0.00	0.00	0.02	0.16	0.03	0.05	0.01	0.08
0.00	0.00	0.00	0.22	0.16	0.02	0.02	0.00	0.09
0.03	0.00	0.00	0.02	0.53	0.04	0.16	0.01	0.19
0.01	0.00	0.00	0.02	0.27	0.04	0.02	0.04	0.11
0.05	0.00	0.00	0.02	0.20	0.08	0.05	0.03	0.10
0.05	0.00	0.00	0.02	0.19	0.08	0.04	0.01	0.10
0.11	0.00	0.00	0.07	0.33	0.05	0.12	0.03	0.09
0.00	0.00	0.00	0.24	0.16	0.16	0.11	0.00	0.14
0.00	0.00	0.00	0.26	0.22	0.05	0.09	0.00	0.42
