0.02	0.00	0.00	0.26	0.30	0.05	0.32	0.00	0.24
0.11	0.03	0.00	0.04	0.15	0.07	0.15	0.01	0.14
0.03	0.00	0.00	0.19	0.28	0.12	0.13	0.00	0.22
0.02	0.00	0.00	0.28	0.31	0.10	0.05	0.01	0.21
0.05	0.02	0.00	0.25	0.10	0.07	0.13	0.07	0.20
0.02	0.01	0.00	0.30	0.43	0.03	0.03	0.02	0.21
0.08	0.03	0.00	0.02	0.12	0.07	0.07	0.06	0.26
0.02	0.00	0.00	0.26	0.25	0.24	0.05	0.01	0.20
0.00	0.00	0.00	0.26	0.26	0.17	0.05	0.01	0.16
0.01	0.00	0.00	0.28	0.26	0.03	0.03	0.01	0.10
0.01	0.00	0.00	0.04	0.19	0.24	0.16	0.04	0.10
0.00	0.00	0.00	0.39	0.20	0.68	0.03	0.00	0.15
0.00	0.00	0.00	0.14	0.20	0.42	0.06	0.00	0.25
0.05	0.01	0.00	0.24	0.31	0.13	0.09	0.01	0.22
0.04	0.00	0.00	0.02	0.20	0.37	0.05	0.10	0.10
0.03	0.00	0.00	0.25	0.35	0.38	0.12	0.02	0.20
0.03	0.00	0.00	0.26	0.27	0.28	0.14	0.03	0.08
0.10	0.01	0.00	0.02	0.13	0.04	0.07	0.03	0.16
0.03	0.00	0.00	0.02	0.27	0.34	0.02	0.05	0.06
0.03	0.00	0.00	0.02	0.29	0.60	0.03	0.05	0.08
0.01	0.00	0.00	0.24	0.30	0.12	0.09	0.00	0.26
0.12	0.00	0.00	0.03	0.23	0.19	0.10	0.05	0.10
0.08	0.01	0.00	0.05	0.42	0.16	0.08	0.02	0.07
0.00	0.00	0.00	0.25	0.24	0.23	0.03	0.00	0.23
0.08	0.02	0.00	0.02	0.26	0.20	0.06	0.02	0.17
0.04	0.00	0.00	0.02	0.20	0.03	0.06	0.01	0.08
0.02	0.00	0.00	0.22	0.18	0.04	0.05	0.09	0.16
0.00	0.00	0.00	0.26	0.25	0.01	0.02	0.00	0.20
0.04	0.00	0.00	0.25	0.27	0.08	0.09	0.02	0.10
0.01	0.00	0.00	0.04	0.26	0.32	0.06	0.00	0.12
0.00	0.02	0.00	0.26	0.43	0.07	0.16	0.01	0.17
