# Variant	Relative_solvent_accessibility	Allosteric_site	Catalytic_site	Altered Secondary_structure	Altered Stability_and_conformational_flexibility	Altered Special_structural_signatures	Altered Macromolecular_binding	Altered Metal_binding	Altered PTM_site
L892V	0.01	0.00	0.00	0.26	0.15	0.14	0.07	0.00	0.20
V1042A	0.12	0.00	0.00	0.02	0.26	0.03	0.05	0.04	0.11
V1174A	0.01	0.00	0.00	0.02	0.27	0.25	0.11	0.01	0.17
E1319D	0.03	0.00	0.00	0.16	0.20	0.61	0.06	0.09	0.24
Q1515H	0.00	0.00	0.00	0.25	0.28	0.50	0.02	0.02	0.08
I1788F	0.00	0.00	0.00	0.02	0.11	0.20	0.08	0.00	0.08
R2544S	0.02	0.00	0.00	0.25	0.31	0.65	0.08	0.05	0.10
Q2673K	0.04	0.00	0.00	0.04	0.24	0.40	0.07	0.01	0.17
A2802V	0.00	0.00	0.00	0.04	0.34	0.02	0.05	0.02	0.17
R3038G	0.02	0.00	0.00	0.34	0.19	0.16	0.04	0.02	0.19
K3046N	0.03	0.00	0.00	0.29	0.20	0.07	0.04	0.00	0.19
M3131T	0.00	0.00	0.00	0.03	0.27	0.04	0.04	0.01	0.17
R3209C	0.01	0.00	0.00	0.28	0.36	0.92	0.07	0.04	0.26
V3498I	0.01	0.00	0.00	0.02	0.27	0.01	0.15	0.01	0.19
R3499H	0.00	0.00	0.00	0.02	0.25	0.01	0.16	0.04	0.14
C3950R	0.02	0.00	0.00	0.02	0.29	0.01	0.11	0.00	0.16
E3989D	0.00	0.00	0.00	0.26	0.25	0.16	0.03	0.01	0.24
E4048K	0.06	0.00	0.00	0.02	0.24	0.18	0.05	0.01	0.09
K4050N	0.07	0.00	0.00	0.02	0.24	0.19	0.04	0.01	0.09
K4050R	0.07	0.00	0.00	0.02	0.23	0.16	0.04	0.01	0.12
A4220V	0.02	0.00	0.00	0.03	0.32	0.02	0.10	0.01	0.18
A4337T	0.02	0.00	0.00	0.22	0.18	0.55	0.04	0.01	0.15
R4408C	0.00	0.00	0.00	0.26	0.16	0.03	0.04	0.08	0.15
S4525T	0.04	0.00	0.00	0.25	0.27	0.24	0.03	0.03	0.05
L4944M	0.04	0.00	0.00	0.26	0.16	0.60	0.05	0.03	0.07
R5442K	0.03	0.00	0.00	0.02	0.30	0.05	0.11	0.01	0.11
R5591S	0.02	0.00	0.00	0.28	0.17	0.58	0.04	0.01	0.20
M5736V	0.05	0.00	0.00	0.18	0.21	0.16	0.16	0.01	0.15
R5994W	0.02	0.00	0.00	0.02	0.51	0.46	0.25	0.01	0.15
T6150I	0.00	0.00	0.00	0.27	0.27	0.04	0.19	0.00	0.14
R6156L	0.00	0.00	0.00	0.16	0.20	0.08	0.21	0.00	0.10
G6476D	0.02	0.00	0.00	0.26	0.31	0.02	0.10	0.01	0.17
G7037S	0.03	0.00	0.00	0.02	0.13	0.03	0.06	0.01	0.12
R7190Q	0.05	0.00	0.00	0.26	0.31	0.22	0.03	0.02	0.16
K7201R	0.01	0.00	0.00	0.25	0.18	0.13	0.05	0.05	0.32
F7231V	0.00	0.00	0.00	0.08	0.17	0.33	0.03	0.03	0.14
H7261P	0.00	0.00	0.00	0.02	0.28	0.20	0.03	0.02	0.05
A7287S	0.09	0.00	0.00	0.02	0.17	0.32	0.04	0.01	0.13
S7435G	0.00	0.00	0.00	0.02	0.16	0.03	0.05	0.01	0.08
I7524V	0.00	0.00	0.00	0.22	0.16	0.02	0.02	0.00	0.09
D7613V	0.03	0.00	0.00	0.02	0.53	0.04	0.16	0.01	0.19
R7642H	0.01	0.00	0.00	0.02	0.27	0.04	0.02	0.04	0.11
F8042C	0.05	0.00	0.00	0.02	0.20	0.08	0.05	0.03	0.10
R8046Q	0.05	0.00	0.00	0.02	0.19	0.08	0.04	0.01	0.10
A8097S	0.11	0.00	0.00	0.07	0.33	0.05	0.12	0.03	0.09
G8252A	0.00	0.00	0.00	0.24	0.16	0.16	0.11	0.00	0.14
T8639I	0.00	0.00	0.00	0.26	0.22	0.05	0.09	0.00	0.42
