0.06	0.04	0.00	0.26	0.30	0.07	0.21	0.14	0.16
0.00	0.00	0.00	0.02	0.25	0.01	0.06	0.00	0.14
0.00	0.00	0.00	0.03	0.22	0.01	0.05	0.00	0.17
0.02	0.00	0.00	0.02	0.26	0.15	0.07	0.01	0.25
0.00	0.00	0.00	0.02	0.21	0.03	0.02	0.00	0.11
0.01	0.00	0.00	0.02	0.25	0.03	0.04	0.00	0.16
0.01	0.00	0.00	0.03	0.22	0.25	0.04	0.01	0.20
0.00	0.00	0.00	0.09	0.18	0.42	0.02	0.00	0.22
0.00	0.00	0.00	0.02	0.26	0.02	0.05	0.00	0.16
0.02	0.00	0.00	0.03	0.20	0.01	0.05	0.00	0.14
0.00	0.00	0.00	0.02	0.25	0.04	0.14	0.00	0.17
0.01	0.00	0.00	0.02	0.27	0.03	0.09	0.00	0.17
0.00	0.00	0.00	0.02	0.24	0.02	0.04	0.01	0.13
0.01	0.03	0.00	0.25	0.21	0.06	0.16	0.06	0.13
0.00	0.00	0.00	0.29	0.21	0.02	0.20	0.01	0.22
