0.14	0.05	0.00	0.23	0.23	0.07	0.09	0.20	0.11
0.08	0.19	0.02	0.18	0.10	0.08	0.22	0.04	0.08
0.01	0.04	0.00	0.25	0.08	0.08	0.25	0.08	0.07
0.08	0.15	0.01	0.26	0.26	0.07	0.25	0.18	0.20
0.00	0.00	0.00	0.26	0.20	0.02	0.15	0.00	0.33
0.00	0.00	0.00	0.26	0.18	0.02	0.25	0.00	0.29
0.00	0.00	0.00	0.23	0.22	0.01	0.09	0.01	0.16
0.02	0.00	0.00	0.22	0.43	0.02	0.23	0.00	0.33
0.02	0.00	0.00	0.02	0.42	0.02	0.28	0.00	0.30
0.01	0.00	0.00	0.02	0.26	0.01	0.04	0.01	0.24
0.01	0.00	0.00	0.16	0.25	0.04	0.03	0.01	0.28
0.00	0.00	0.00	0.32	0.19	0.15	0.03	0.07	0.19
0.00	0.01	0.00	0.34	0.31	0.02	0.12	0.02	0.38
0.03	0.02	0.00	0.25	0.21	0.01	0.45	0.04	0.23
