0.03	0.08	0.00	0.04	0.17	0.03	0.12	0.07	0.08
0.00	0.13	0.00	0.26	0.08	0.09	0.19	0.03	0.03
0.00	0.04	0.00	0.29	0.12	0.03	0.07	0.01	0.18
0.04	0.04	0.00	0.27	0.23	0.19	0.13	0.02	0.13
0.06	0.03	0.00	0.25	0.15	0.02	0.11	0.02	0.09
0.05	0.04	0.00	0.28	0.20	0.07	0.16	0.02	0.17
0.02	0.03	0.00	0.26	0.12	0.03	0.08	0.02	0.07
0.00	0.03	0.00	0.23	0.30	0.11	0.06	0.01	0.20
0.04	0.02	0.00	0.22	0.14	0.02	0.12	0.02	0.26
0.05	0.03	0.00	0.22	0.14	0.03	0.17	0.15	0.09
0.05	0.03	0.00	0.26	0.09	0.03	0.16	0.08	0.03
0.02	0.09	0.00	0.22	0.11	0.03	0.14	0.04	0.09
0.00	0.02	0.00	0.27	0.21	0.13	0.06	0.02	0.23
0.00	0.00	0.00	0.24	0.28	0.05	0.08	0.06	0.27
0.00	0.02	0.00	0.26	0.28	0.02	0.09	0.00	0.20
0.00	0.03	0.00	0.27	0.26	0.02	0.10	0.00	0.20
0.06	0.08	0.00	0.26	0.17	0.05	0.13	0.03	0.13
0.06	0.02	0.00	0.25	0.23	0.21	0.08	0.02	0.15
0.03	0.21	0.00	0.27	0.20	0.10	0.22	0.09	0.15
0.05	0.08	0.00	0.21	0.19	0.09	0.12	0.01	0.09
0.03	0.12	0.00	0.27	0.10	0.06	0.12	0.35	0.15
0.07	0.15	0.00	0.28	0.11	0.11	0.26	0.08	0.16
0.01	0.00	0.00	0.25	0.48	0.03	0.08	0.03	0.30
0.08	0.22	0.00	0.25	0.19	0.22	0.24	0.09	0.11
0.00	0.04	0.00	0.24	0.17	0.05	0.11	0.02	0.07
0.11	0.07	0.00	0.26	0.11	0.04	0.27	0.23	0.03
0.16	0.39	0.00	0.27	0.37	0.07	0.29	0.42	0.13
0.24	0.27	0.00	0.25	0.14	0.17	0.28	0.32	0.10
0.15	0.08	0.00	0.26	0.12	0.05	0.25	0.24	0.06
0.08	0.04	0.00	0.26	0.27	0.05	0.16	0.11	0.15
0.07	0.06	0.00	0.25	0.47	0.04	0.29	0.20	0.15
0.00	0.02	0.00	0.27	0.22	0.04	0.16	0.04	0.38
