0.00	0.00	0.00	0.25	0.14	0.60	0.08	0.02	0.18
0.14	0.00	0.00	0.25	0.66	0.20	0.23	0.13	0.09
0.20	0.00	0.00	0.24	0.15	0.19	0.19	0.12	0.14
0.03	0.00	0.00	0.25	0.28	0.02	0.09	0.05	0.23
0.04	0.00	0.00	0.18	0.25	0.02	0.20	0.01	0.29
0.00	0.00	0.00	0.28	0.23	0.21	0.13	0.01	0.12
0.05	0.00	0.00	0.27	0.13	0.05	0.18	0.04	0.25
0.02	0.00	0.00	0.27	0.26	0.03	0.13	0.04	0.29
0.03	0.00	0.00	0.26	0.30	0.05	0.12	0.01	0.54
0.03	0.00	0.00	0.20	0.18	0.11	0.13	0.02	0.24
0.00	0.00	0.00	0.23	0.24	0.02	0.10	0.00	0.13
0.03	0.00	0.00	0.25	0.30	0.20	0.13	0.14	0.24
0.00	0.00	0.00	0.26	0.26	0.01	0.12	0.01	0.55
0.09	0.00	0.00	0.26	0.21	0.09	0.12	0.07	0.21
0.00	0.00	0.00	0.28	0.22	0.03	0.02	0.02	0.26
0.04	0.00	0.00	0.24	0.19	0.07	0.08	0.01	0.11
