0.03	0.06	0.04	0.26	0.34	0.28	0.34	0.55	0.24
0.01	0.03	0.00	0.26	0.27	0.05	0.20	0.04	0.07
0.14	0.05	0.00	0.25	0.19	0.21	0.26	0.25	0.08
0.20	0.05	0.03	0.25	0.21	0.28	0.23	0.20	0.12
0.08	0.08	0.03	0.28	0.20	0.30	0.24	0.21	0.06
0.23	0.09	0.06	0.26	0.63	0.28	0.29	0.75	0.15
0.29	0.13	0.05	0.25	0.15	0.27	0.28	0.17	0.09
0.20	0.17	0.06	0.26	0.10	0.36	0.28	0.23	0.08
0.12	0.09	0.03	0.25	0.09	0.27	0.25	0.11	0.10
0.19	0.15	0.36	0.25	0.16	0.28	0.26	0.26	0.09
0.12	0.04	0.09	0.26	0.20	0.25	0.14	0.42	0.07
0.29	0.06	0.01	0.25	0.17	0.31	0.22	0.09	0.14
0.09	0.04	0.23	0.25	0.25	0.39	0.17	0.15	0.18
0.03	0.06	0.07	0.26	0.34	0.36	0.24	0.31	0.05
0.04	0.02	0.00	0.25	0.13	0.25	0.26	0.07	0.02
0.03	0.02	0.00	0.26	0.20	0.29	0.15	0.07	0.14
0.08	0.02	0.00	0.26	0.31	0.21	0.22	0.06	0.15
0.08	0.23	0.02	0.25	0.27	0.20	0.25	0.08	0.12
0.07	0.22	0.02	0.25	0.28	0.21	0.30	0.10	0.11
0.25	0.02	0.00	0.25	0.24	0.19	0.32	0.20	0.34
0.10	0.09	0.03	0.26	0.16	0.30	0.29	0.11	0.14
0.10	0.06	0.00	0.26	0.22	0.28	0.29	0.07	0.14
0.10	0.06	0.01	0.27	0.15	0.30	0.31	0.07	0.14
0.08	0.04	0.03	0.26	0.22	0.19	0.28	0.21	0.02
0.13	0.03	0.02	0.28	0.32	0.31	0.23	0.18	0.09
0.22	0.11	0.02	0.25	0.22	0.18	0.31	0.29	0.10
0.23	0.02	0.00	0.24	0.21	0.10	0.29	0.29	0.09
0.13	0.02	0.01	0.25	0.22	0.30	0.25	0.08	0.20
0.09	0.01	0.00	0.26	0.23	0.26	0.25	0.04	0.08
0.19	0.07	0.02	0.25	0.21	0.26	0.28	0.13	0.13
0.18	0.11	0.04	0.25	0.68	0.31	0.27	0.13	0.12
0.16	0.02	0.03	0.26	0.21	0.18	0.28	0.19	0.12
0.03	0.02	0.00	0.26	0.23	0.27	0.24	0.03	0.11
0.23	0.02	0.00	0.23	0.18	0.27	0.25	0.07	0.05
0.25	0.07	0.01	0.24	0.14	0.28	0.30	0.18	0.10
0.07	0.02	0.00	0.25	0.21	0.17	0.27	0.10	0.12
0.18	0.02	0.00	0.31	0.28	0.35	0.27	0.14	0.46
0.10	0.11	0.00	0.28	0.22	0.28	0.21	0.16	0.06
0.06	0.07	0.02	0.27	0.37	0.37	0.14	0.58	0.11
0.06	0.04	0.00	0.25	0.19	0.15	0.10	0.26	0.12
0.07	0.17	0.02	0.26	0.17	0.32	0.26	0.08	0.14
0.08	0.06	0.03	0.25	0.17	0.28	0.30	0.11	0.09
0.14	0.05	0.03	0.25	0.11	0.32	0.25	0.07	0.10
0.12	0.06	0.02	0.24	0.20	0.28	0.27	0.16	0.12
0.29	0.06	0.01	0.25	0.18	0.26	0.29	0.16	0.05
0.14	0.05	0.00	0.26	0.21	0.20	0.27	0.05	0.13
0.14	0.05	0.00	0.25	0.19	0.21	0.25	0.05	0.05
0.13	0.07	0.03	0.25	0.26	0.34	0.29	0.14	0.07
0.11	0.08	0.01	0.25	0.09	0.25	0.26	0.14	0.27
0.19	0.14	0.02	0.26	0.23	0.17	0.27	0.09	0.14
0.05	0.03	0.00	0.26	0.29	0.27	0.26	0.06	0.11
0.03	0.03	0.01	0.26	0.58	0.31	0.11	0.04	0.20
0.20	0.02	0.00	0.26	0.17	0.12	0.30	0.17	0.25
0.05	0.03	0.00	0.25	0.21	0.27	0.24	0.13	0.07
0.06	0.03	0.03	0.23	0.30	0.26	0.28	0.13	0.15
0.01	0.02	0.01	0.28	0.17	0.12	0.24	0.05	0.10
0.04	0.02	0.01	0.26	0.26	0.24	0.17	0.03	0.10
0.23	0.04	0.00	0.35	0.21	0.12	0.34	0.12	0.18
0.12	0.04	0.02	0.26	0.15	0.28	0.33	0.12	0.15
0.13	0.10	0.02	0.25	0.21	0.28	0.30	0.04	0.20
0.27	0.02	0.00	0.25	0.15	0.29	0.26	0.07	0.15
0.05	0.04	0.00	0.20	0.28	0.36	0.14	0.01	0.21
0.02	0.04	0.00	0.29	0.40	0.05	0.19	0.03	0.17
0.01	0.01	0.00	0.25	0.45	0.06	0.25	0.02	0.57
0.00	0.02	0.00	0.27	0.44	0.06	0.19	0.01	0.10
0.02	0.04	0.00	0.26	0.35	0.02	0.16	0.12	0.17
0.08	0.21	0.03	0.25	0.15	0.05	0.20	0.10	0.06
