# Variant	Relative_solvent_accessibility	Allosteric_site	Catalytic_site	Altered Secondary_structure	Altered Stability_and_conformational_flexibility	Altered Special_structural_signatures	Altered Macromolecular_binding	Altered Metal_binding	Altered PTM_site
C88W	0.03	0.06	0.04	0.26	0.34	0.28	0.34	0.55	0.24
A125T	0.01	0.03	0.00	0.26	0.27	0.05	0.20	0.04	0.07
G160S	0.14	0.05	0.00	0.25	0.19	0.21	0.26	0.25	0.08
V230M	0.20	0.05	0.03	0.25	0.21	0.28	0.23	0.20	0.12
T352I	0.08	0.08	0.03	0.28	0.20	0.30	0.24	0.21	0.06
C419F	0.23	0.09	0.06	0.26	0.63	0.28	0.29	0.75	0.15
E478D	0.29	0.13	0.05	0.25	0.15	0.27	0.28	0.17	0.09
T483M	0.20	0.17	0.06	0.26	0.10	0.36	0.28	0.23	0.08
A508T	0.12	0.09	0.03	0.25	0.09	0.27	0.25	0.11	0.10
Q519R	0.19	0.15	0.36	0.25	0.16	0.28	0.26	0.26	0.09
D550H	0.12	0.04	0.09	0.26	0.20	0.25	0.14	0.42	0.07
R626Q	0.29	0.06	0.01	0.25	0.17	0.31	0.22	0.09	0.14
D644V	0.09	0.04	0.23	0.25	0.25	0.39	0.17	0.15	0.18
C849Y	0.03	0.06	0.07	0.26	0.34	0.36	0.24	0.31	0.05
S1369L	0.04	0.02	0.00	0.25	0.13	0.25	0.26	0.07	0.02
K1486R	0.03	0.02	0.00	0.26	0.20	0.29	0.15	0.07	0.14
A1953G	0.08	0.02	0.00	0.26	0.31	0.21	0.22	0.06	0.15
P2078R	0.08	0.23	0.02	0.25	0.27	0.20	0.25	0.08	0.12
K2079T	0.07	0.22	0.02	0.25	0.28	0.21	0.30	0.10	0.11
T2106I	0.25	0.02	0.00	0.25	0.24	0.19	0.32	0.20	0.34
K2164N	0.10	0.09	0.03	0.26	0.16	0.30	0.29	0.11	0.14
I2169T	0.10	0.06	0.00	0.26	0.22	0.28	0.29	0.07	0.14
S2170R	0.10	0.06	0.01	0.27	0.15	0.30	0.31	0.07	0.14
G2224C	0.08	0.04	0.03	0.26	0.22	0.19	0.28	0.21	0.02
E2238A	0.13	0.03	0.02	0.28	0.32	0.31	0.23	0.18	0.09
P2267L	0.22	0.11	0.02	0.25	0.22	0.18	0.31	0.29	0.10
R2292H	0.23	0.02	0.00	0.24	0.21	0.10	0.29	0.29	0.09
N2334D	0.13	0.02	0.01	0.25	0.22	0.30	0.25	0.08	0.20
E2484D	0.09	0.01	0.00	0.26	0.23	0.26	0.25	0.04	0.08
N2560S	0.19	0.07	0.02	0.25	0.21	0.26	0.28	0.13	0.13
V2562A	0.18	0.11	0.04	0.25	0.68	0.31	0.27	0.13	0.12
G2707E	0.16	0.02	0.03	0.26	0.21	0.18	0.28	0.19	0.12
R2875Q	0.03	0.02	0.00	0.26	0.23	0.27	0.24	0.03	0.11
L2886F	0.23	0.02	0.00	0.23	0.18	0.27	0.25	0.07	0.05
F3080L	0.25	0.07	0.01	0.24	0.14	0.28	0.30	0.18	0.10
N3099S	0.07	0.02	0.00	0.25	0.21	0.17	0.27	0.10	0.12
T3115A	0.18	0.02	0.00	0.31	0.28	0.35	0.27	0.14	0.46
N3199D	0.10	0.11	0.00	0.28	0.22	0.28	0.21	0.16	0.06
C3281F	0.06	0.07	0.02	0.27	0.37	0.37	0.14	0.58	0.11
E3411A	0.06	0.04	0.00	0.25	0.19	0.15	0.10	0.26	0.12
W3521R	0.07	0.17	0.02	0.26	0.17	0.32	0.26	0.08	0.14
G3529S	0.08	0.06	0.03	0.25	0.17	0.28	0.30	0.11	0.09
R3538Q	0.14	0.05	0.03	0.25	0.11	0.32	0.25	0.07	0.10
I3620V	0.12	0.06	0.02	0.24	0.20	0.28	0.27	0.16	0.12
T3835I	0.29	0.06	0.01	0.25	0.18	0.26	0.29	0.16	0.05
A3866V	0.14	0.05	0.00	0.26	0.21	0.20	0.27	0.05	0.13
M3868V	0.14	0.05	0.00	0.25	0.19	0.21	0.25	0.05	0.05
P3893T	0.13	0.07	0.03	0.25	0.26	0.34	0.29	0.14	0.07
E3939K	0.11	0.08	0.01	0.25	0.09	0.25	0.26	0.14	0.27
T3986A	0.19	0.14	0.02	0.26	0.23	0.17	0.27	0.09	0.14
V4016M	0.05	0.03	0.00	0.26	0.29	0.27	0.26	0.06	0.11
W4149R	0.03	0.03	0.01	0.26	0.58	0.31	0.11	0.04	0.20
F4223L	0.20	0.02	0.00	0.26	0.17	0.12	0.30	0.17	0.25
N4292D	0.05	0.03	0.00	0.25	0.21	0.27	0.24	0.13	0.07
T4337M	0.06	0.03	0.03	0.23	0.30	0.26	0.28	0.13	0.15
V4433L	0.01	0.02	0.01	0.28	0.17	0.12	0.24	0.05	0.10
T4439I	0.04	0.02	0.01	0.26	0.26	0.24	0.17	0.03	0.10
R4493H	0.23	0.04	0.00	0.35	0.21	0.12	0.34	0.12	0.18
S4588Y	0.12	0.04	0.02	0.26	0.15	0.28	0.33	0.12	0.15
R4848Q	0.13	0.10	0.02	0.25	0.21	0.28	0.30	0.04	0.20
A4987V	0.27	0.02	0.00	0.25	0.15	0.29	0.26	0.07	0.15
K5026E	0.05	0.04	0.00	0.20	0.28	0.36	0.14	0.01	0.21
P5094L	0.02	0.04	0.00	0.29	0.40	0.05	0.19	0.03	0.17
R5108W	0.01	0.01	0.00	0.25	0.45	0.06	0.25	0.02	0.57
I5126T	0.00	0.02	0.00	0.27	0.44	0.06	0.19	0.01	0.10
R5143C	0.02	0.04	0.00	0.26	0.35	0.02	0.16	0.12	0.17
I5166V	0.08	0.21	0.03	0.25	0.15	0.05	0.20	0.10	0.06
