0.04	0.10	0.00	0.27	0.13	0.04	0.32	0.15	0.11
0.12	0.02	0.00	0.25	0.19	0.04	0.08	0.21	0.08
0.11	0.03	0.00	0.24	0.16	0.08	0.08	0.21	0.08
0.17	0.05	0.00	0.24	0.21	0.27	0.38	0.13	0.09
0.18	0.05	0.00	0.24	0.15	0.29	0.24	0.16	0.03
0.18	0.04	0.00	0.24	0.15	0.32	0.23	0.15	0.02
0.20	0.08	0.00	0.24	0.16	0.27	0.16	0.15	0.07
0.13	0.08	0.00	0.23	0.14	0.27	0.15	0.13	0.07
0.03	0.06	0.00	0.25	0.16	0.08	0.21	0.02	0.12
0.06	0.08	0.00	0.26	0.33	0.12	0.24	0.16	0.13
0.06	0.08	0.00	0.24	0.32	0.11	0.24	0.14	0.13
0.05	0.11	0.00	0.26	0.44	0.13	0.52	0.14	0.07
