0.27	0.12	0.00	0.25	0.20	0.33	0.25	0.07	0.11
0.02	0.00	0.00	0.32	0.46	0.12	0.13	0.00	0.18
0.16	0.02	0.00	0.27	0.25	0.25	0.20	0.07	0.11
0.05	0.03	0.00	0.26	0.25	0.08	0.12	0.03	0.24
0.05	0.03	0.00	0.28	0.15	0.08	0.19	0.03	0.11
0.02	0.01	0.00	0.25	0.21	0.19	0.22	0.02	0.07
0.03	0.01	0.00	0.26	0.19	0.19	0.21	0.01	0.07
0.00	0.04	0.00	0.26	0.11	0.03	0.15	0.04	0.06
0.04	0.03	0.00	0.26	0.21	0.05	0.08	0.08	0.16
0.06	0.08	0.00	0.26	0.19	0.05	0.13	0.08	0.02
0.06	0.05	0.00	0.26	0.16	0.30	0.25	0.31	0.08
0.01	0.00	0.00	0.25	0.27	0.03	0.14	0.02	0.25
0.02	0.00	0.00	0.26	0.26	0.08	0.13	0.01	0.21
0.00	0.01	0.00	0.27	0.42	0.07	0.10	0.00	0.12
0.02	0.00	0.00	0.26	0.37	0.05	0.14	0.01	0.18
0.02	0.02	0.00	0.25	0.22	0.08	0.13	0.01	0.20
0.00	0.04	0.00	0.24	0.16	0.13	0.21	0.03	0.04
0.14	0.05	0.00	0.25	0.17	0.10	0.17	0.09	0.21
0.05	0.03	0.00	0.27	0.24	0.20	0.14	0.02	0.10
0.04	0.00	0.00	0.26	0.15	0.06	0.07	0.12	0.13
0.02	0.07	0.00	0.25	0.31	0.02	0.24	0.06	0.07
0.04	0.02	0.00	0.26	0.20	0.05	0.27	0.02	0.19
0.00	0.00	0.00	0.27	0.27	0.15	0.07	0.01	0.23
0.00	0.00	0.00	0.27	0.28	0.13	0.09	0.02	0.10
0.00	0.00	0.00	0.29	0.24	0.14	0.12	0.00	0.10
0.00	0.02	0.00	0.27	0.30	0.05	0.10	0.01	0.15
0.04	0.03	0.00	0.25	0.09	0.31	0.16	0.02	0.09
0.04	0.02	0.00	0.26	0.20	0.26	0.19	0.02	0.16
0.01	0.00	0.00	0.29	0.27	0.13	0.05	0.03	0.15
