0.00	0.00	0.00	0.23	0.29	0.03	0.04	0.01	0.13
0.25	0.02	0.00	0.25	0.17	0.11	0.26	0.18	0.02
0.13	0.06	0.00	0.27	0.13	0.37	0.25	0.06	0.14
0.08	0.04	0.00	0.25	0.22	0.24	0.22	0.03	0.13
0.00	0.02	0.00	0.27	0.27	0.05	0.05	0.03	0.08
0.00	0.00	0.00	0.25	0.15	0.07	0.04	0.20	0.13
0.20	0.25	0.04	0.26	0.17	0.15	0.28	0.60	0.25
0.19	0.12	0.00	0.24	0.16	0.11	0.27	0.12	0.12
0.09	0.04	0.00	0.25	0.30	0.11	0.19	0.03	0.29
0.12	0.06	0.08	0.27	0.22	0.24	0.15	0.25	0.15
0.24	0.04	0.00	0.27	0.20	0.06	0.23	0.08	0.05
0.28	0.18	0.09	0.23	0.20	0.26	0.26	0.26	0.20
0.03	0.03	0.02	0.29	0.25	0.26	0.08	0.11	0.24
0.00	0.00	0.00	0.26	0.29	0.01	0.04	0.01	0.08
0.03	0.02	0.03	0.25	0.22	0.10	0.08	0.07	0.11
0.02	0.00	0.00	0.27	0.19	0.01	0.03	0.02	0.17
