0.06	0.02	0.00	0.24	0.19	0.12	0.33	0.14	0.24
0.03	0.01	0.00	0.25	0.20	0.02	0.16	0.03	0.06
0.04	0.00	0.00	0.27	0.17	0.10	0.10	0.05	0.07
0.11	0.00	0.00	0.25	0.25	0.23	0.17	0.06	0.08
0.05	0.01	0.00	0.30	0.24	0.03	0.14	0.03	0.26
0.03	0.06	0.00	0.26	0.13	0.03	0.19	0.17	0.05
0.02	0.00	0.00	0.24	0.27	0.04	0.05	0.01	0.10
0.00	0.01	0.00	0.27	0.32	0.02	0.06	0.02	0.31
0.00	0.00	0.00	0.30	0.38	0.03	0.09	0.00	0.25
0.01	0.00	0.00	0.25	0.29	0.03	0.07	0.01	0.06
0.00	0.00	0.00	0.25	0.37	0.02	0.05	0.00	0.09
0.04	0.10	0.00	0.26	0.23	0.03	0.25	0.04	0.16
