0.03	0.00	0.00	0.25	0.20	0.02	0.27	0.16	0.09
0.00	0.00	0.00	0.29	0.25	0.01	0.14	0.00	0.30
0.09	0.02	0.00	0.28	0.24	0.04	0.10	0.05	0.06
0.11	0.02	0.00	0.28	0.27	0.04	0.33	0.03	0.12
0.05	0.05	0.00	0.27	0.31	0.22	0.21	0.06	0.06
0.08	0.06	0.00	0.24	0.27	0.24	0.17	0.05	0.28
0.10	0.06	0.00	0.27	0.25	0.07	0.14	0.07	0.18
0.05	0.02	0.00	0.26	0.14	0.33	0.26	0.02	0.12
0.00	0.00	0.00	0.23	0.07	0.28	0.19	0.01	0.08
0.01	0.01	0.00	0.23	0.07	0.30	0.21	0.01	0.01
0.11	0.11	0.00	0.26	0.20	0.24	0.38	0.12	0.03
0.00	0.07	0.00	0.26	0.06	0.16	0.24	0.02	0.01
0.11	0.06	0.00	0.37	0.27	0.26	0.26	0.05	0.12
0.12	0.07	0.00	0.40	0.26	0.24	0.25	0.06	0.13
0.10	0.13	0.00	0.25	0.11	0.33	0.23	0.04	0.12
0.00	0.02	0.00	0.02	0.08	0.29	0.13	0.00	0.00
0.01	0.02	0.00	0.24	0.09	0.26	0.11	0.01	0.04
0.06	0.02	0.00	0.26	0.10	0.18	0.18	0.03	0.19
0.13	0.08	0.00	0.25	0.20	0.29	0.29	0.35	0.17
0.16	0.09	0.00	0.26	0.19	0.26	0.26	0.28	0.09
0.09	0.08	0.00	0.27	0.14	0.04	0.22	0.22	0.14
0.06	0.02	0.00	0.25	0.32	0.18	0.14	0.14	0.20
0.13	0.04	0.00	0.26	0.26	0.14	0.14	0.21	0.20
0.16	0.12	0.00	0.26	0.22	0.08	0.19	0.06	0.16
0.14	0.08	0.00	0.25	0.20	0.23	0.31	0.15	0.14
0.19	0.10	0.00	0.26	0.15	0.33	0.27	0.14	0.12
0.16	0.09	0.00	0.27	0.21	0.28	0.24	0.11	0.09
0.03	0.05	0.00	0.27	0.20	0.23	0.16	0.06	0.14
0.11	0.09	0.00	0.26	0.21	0.20	0.18	0.10	0.09
0.12	0.16	0.00	0.08	0.10	0.24	0.23	0.16	0.08
