0.01	0.00	0.00	0.26	0.31	0.05	0.30	0.04	0.12
0.01	0.00	0.00	0.24	0.13	0.25	0.17	0.01	0.24
0.21	0.23	0.06	0.26	0.46	0.07	0.23	0.31	0.14
0.05	0.04	0.00	0.27	0.24	0.09	0.22	0.18	0.09
0.01	0.00	0.00	0.22	0.34	0.04	0.21	0.02	0.13
0.00	0.00	0.00	0.26	0.25	0.01	0.03	0.00	0.29
0.00	0.01	0.00	0.26	0.22	0.01	0.39	0.01	0.25
0.00	0.00	0.00	0.26	0.32	0.02	0.27	0.03	0.13
0.00	0.01	0.00	0.25	0.31	0.02	0.16	0.01	0.45
0.00	0.00	0.00	0.25	0.23	0.03	0.24	0.01	0.23
0.01	0.00	0.00	0.25	0.21	0.09	0.21	0.00	0.27
0.31	0.25	0.01	0.17	0.26	0.12	0.28	0.35	0.10
